time,timestamp,seconds,connectivity,alarmtimer:alarmtimer_fired,alarmtimer:alarmtimer_start,block:block_bio_backmerge,block:block_bio_remap,block:block_dirty_buffer,block:block_getrq,block:block_touch_buffer,block:block_unplug,cachefiles:cachefiles_create,cachefiles:cachefiles_lookup,cachefiles:cachefiles_mark_active,clk:clk_set_rate,cpu-migrations,cs,dma_fence:dma_fence_init,fib:fib_table_lookup,filemap:mm_filemap_add_to_page_cache,gpio:gpio_value,ipi:ipi_raise,irq:irq_handler_entry,irq:softirq_entry,jbd2:jbd2_handle_start,jbd2:jbd2_start_commit,kmem:kfree,kmem:kmalloc,kmem:kmem_cache_alloc,kmem:kmem_cache_free,kmem:mm_page_alloc,kmem:mm_page_alloc_zone_locked,kmem:mm_page_free,kmem:mm_page_pcpu_drain,mmc:mmc_request_start,net:net_dev_queue,net:net_dev_xmit,net:netif_rx,page-faults,pagemap:mm_lru_insertion,preemptirq:irq_enable,qdisc:qdisc_dequeue,random:get_random_bytes,random:mix_pool_bytes_nolock,random:urandom_read,raw_syscalls:sys_enter,raw_syscalls:sys_exit,rpm:rpm_resume,rpm:rpm_suspend,sched:sched_process_exec,sched:sched_process_free,sched:sched_process_wait,sched:sched_switch,sched:sched_wakeup,signal:signal_deliver,signal:signal_generate,skb:consume_skb,skb:kfree_skb,skb:skb_copy_datagram_iovec,sock:inet_sock_set_state,task:task_newtask,tcp:tcp_destroy_sock,tcp:tcp_probe,timer:hrtimer_start,timer:timer_start,udp:udp_fail_queue_rcv_skb,workqueue:workqueue_activate_work,writeback:global_dirty_state,writeback:sb_clear_inode_writeback,writeback:wbc_writepage,writeback:writeback_dirty_inode,writeback:writeback_dirty_inode_enqueue,writeback:writeback_dirty_page,writeback:writeback_mark_inode_dirty,writeback:writeback_pages_written,writeback:writeback_single_inode,writeback:writeback_write_inode,writeback:writeback_written
50.0092,1625070331086,50.009219575,1,0,0,36,49,6,12,933,4,0,0,0,10,85,6507784,0,46,37,138,20269,2254243,23509,5,2,198522,143070,66930,69553,25271,13919,25810,14205,69,1115,1115,37,45948,21766,22841907,2281,101,427,2850,4514343,4514219,108,123,99,114,196,6507614,4283256,100,153,3313,348,1529,4,113,1,943,8048424,2976,0,518,8,2,7,286,17,2,288,8,4,3,12
100.018,1625070388654,50.009029806,1,0,0,5,10,4,5,76,2,0,0,0,44,44,6680649,0,28,2,116,7694,2438511,23129,0,1,193354,139933,56077,56734,20691,11244,20704,11118,58,1099,1099,37,37875,17689,23804078,2249,74,426,2820,4493344,4493248,102,118,73,88,164,6680286,4275709,94,125,3002,323,1168,0,86,0,930,8217316,2888,0,486,8,1,4,239,13,4,243,8,2,1,10
150.027,1625070445288,50.009052254,1,0,0,5,10,4,5,101,2,0,0,0,48,49,6704311,0,46,2,116,15596,2457744,22423,0,1,196201,142011,59227,59927,24037,13674,24087,13323,58,1092,1092,33,43146,20875,23987385,2243,79,427,2826,4501925,4501819,102,118,78,92,168,6704062,4278927,93,129,3185,345,1406,0,90,0,923,8319555,2932,0,480,8,1,4,256,16,4,260,8,2,1,10
200.036,1625070502033,50.009423046,1,0,0,5,10,4,5,105,2,0,0,0,2,43,6815287,0,25,2,116,14077,2546586,22271,0,1,194025,140365,58596,59460,23861,13983,23937,13827,58,1083,1083,33,42927,20779,24551882,2225,76,420,2825,4521260,4521159,102,118,74,86,164,6815099,4300495,93,125,3146,332,1400,0,86,0,911,8373882,2795,0,491,8,1,4,259,16,4,263,8,2,1,10
250.047,1625070559260,50.011070086,1,0,0,5,10,4,5,139,2,0,0,0,45,53,6639233,0,32,2,116,16046,2408091,22404,0,1,193722,139748,57162,58430,21956,11814,23870,13764,58,1128,1129,60,40897,18912,23606342,2261,76,430,5380,4485064,4484972,102,118,74,88,166,6639196,4262834,94,126,3170,326,1401,11,87,2,951,8140629,2932,0,503,8,1,4,250,16,4,254,8,2,1,10
300.06,1625070616312,50.012759403,1,0,0,5,10,4,5,79,2,0,0,0,50,54,6586633,0,27,2,116,10913,2333514,22528,0,1,193013,139670,56147,57070,20829,11152,20866,10929,58,1093,1093,37,38115,17787,23215830,2237,79,425,2818,4502575,4502478,102,118,78,92,168,6586404,4285167,94,129,2994,316,1167,0,90,0,916,8119556,2881,0,477,8,1,4,229,13,4,233,8,2,1,10
350.069,1625070673279,50.009044563,1,0,0,5,10,4,5,113,2,0,0,0,38,70,6676524,0,29,2,116,4851,2425783,22212,0,1,196567,142342,59908,60630,24022,13829,24086,13449,58,1095,1095,37,43685,20899,23768802,2241,77,428,2824,4508884,4508786,102,118,76,89,168,6676407,4284111,94,127,3161,331,1403,0,89,0,917,8187892,2897,0,493,8,1,4,266,16,4,270,8,2,1,10
400.078,1625070729996,50.008628739,1,0,0,5,10,4,5,101,2,0,0,0,12,58,6443098,0,29,2,116,18599,2227536,22050,0,1,196522,142289,60579,61120,24209,13991,24226,13859,58,1100,1100,37,43900,20970,22538049,2251,81,426,2826,4474060,4473942,102,119,80,93,172,6442689,4248631,94,131,3178,337,1410,0,93,0,924,7796474,2809,0,490,8,1,4,260,16,4,264,8,2,1,10
450.087,1625070786853,50.009301872,1,0,0,5,10,4,5,79,2,0,0,0,12,53,6728245,0,28,2,116,8045,2465228,21445,0,1,193460,139562,57219,58392,22760,13416,23756,14079,58,1091,1091,33,41534,19717,24030290,2240,75,423,2821,4515495,4515393,102,119,73,87,164,6728048,4295051,93,125,3148,329,1379,0,85,0,916,8198896,2769,0,475,7,1,4,267,16,4,271,7,2,1,9
500.096,1625070843620,50.009491617,1,0,0,5,10,4,5,75,2,0,0,0,48,66,6389806,0,28,2,116,18986,2174160,21194,0,1,193231,139722,54534,55338,20549,11398,20631,11496,58,1092,1092,33,37153,17600,22201620,2243,73,427,2820,4460803,4460714,102,118,71,83,160,6389688,4244856,93,123,2997,324,1158,0,84,0,918,7978288,2895,0,493,8,1,4,236,13,4,240,8,2,1,10
550.105,1625070900628,50.009223095,1,0,0,5,10,4,5,95,2,0,0,0,54,64,6812333,0,25,2,116,6669,2569190,22921,0,1,195928,141842,59085,59935,24014,13924,24090,13450,58,1085,1085,33,43191,20854,24618547,2229,80,431,2824,4499437,4499338,102,118,78,90,168,6812079,4276684,93,129,3155,329,1404,0,90,0,912,8531118,2927,0,497,8,1,4,252,16,4,256,8,2,1,10
600.114,1625070958043,50.008800723,1,0,0,5,10,4,5,98,2,0,0,0,2,69,6551232,0,27,2,116,15113,2314860,21849,0,1,195927,141850,60508,61106,24149,13646,24150,13512,58,1092,1092,36,43878,20951,23112249,2237,81,424,2824,4491175,4491067,102,119,80,94,172,6550851,4266497,94,131,3160,329,1401,0,94,0,915,8266185,2801,0,485,8,1,4,249,16,4,253,8,2,1,10
650.123,1625071014902,50.009183369,1,0,0,5,10,4,5,94,2,0,0,0,52,54,6659231,0,29,2,114,15844,2431648,22613,0,1,193958,140108,58882,59947,22945,12887,23986,13670,57,1092,1092,37,42382,19791,23770862,2235,79,426,2819,4480939,4480840,100,117,79,93,172,6658996,4259192,94,131,3138,321,1385,0,92,0,919,8325173,2886,0,482,8,1,4,262,16,4,266,8,2,1,10
700.132,1625071071741,50.009204173,1,0,0,5,10,4,5,90,2,0,0,0,28,60,6267652,0,30,2,116,8805,2065850,21793,0,1,193931,140348,56954,57688,20967,11252,21040,10898,58,1101,1101,37,38328,17907,21501708,2253,83,427,2820,4451346,4451235,102,118,81,95,172,6267489,4232327,94,133,3012,323,1175,0,94,0,922,7643338,2823,0,464,8,1,4,235,13,4,239,8,2,1,10
750.141,1625071128585,50.009180826,1,0,0,5,10,4,5,94,2,0,0,0,2,42,6656083,0,29,2,116,6913,2399284,23428,0,1,195566,141629,60670,61492,24201,13706,24232,13418,58,1098,1098,37,43872,20986,23646808,2246,82,423,2826,4512131,4512026,102,119,80,93,172,6655925,4287771,94,131,3172,336,1415,0,93,0,922,8000617,2814,0,475,8,1,4,254,16,4,258,8,2,1,10
800.151,1625071185595,50.009572913,1,0,0,5,10,4,5,103,2,0,0,0,10,73,6396986,0,34,2,114,8334,2139688,23056,0,1,195677,141600,59401,60259,24081,13484,24154,13292,57,1138,1139,60,43325,20967,22066679,2281,77,429,2828,4511693,4511602,100,117,75,90,166,6396828,4288568,94,126,3215,340,1439,11,88,2,954,7737089,2834,0,468,8,1,4,256,16,4,260,8,2,1,10
850.161,1625071242710,50.009710339,1,0,0,5,10,4,5,70,2,0,0,0,10,36,6505585,0,47,2,116,13625,2242038,22391,0,1,193361,139485,56802,58030,22270,12536,23716,13449,58,1085,1085,33,41054,19230,22716031,2229,74,424,2819,4514784,4514694,102,120,73,87,164,6505523,4295772,93,125,3161,324,1395,0,86,0,917,7743065,2852,0,486,8,1,4,245,16,4,249,8,2,1,10
900.17,1625071299200,50.009111539,1,0,0,5,10,4,5,77,2,0,0,0,68,47,6330069,0,27,2,114,12544,2124824,21764,0,1,193110,139679,54338,55118,20538,11302,20587,11087,57,1090,1090,33,37194,17598,21864059,2239,73,427,5378,4457146,4457050,100,118,71,83,160,6329870,4239433,93,123,2989,317,1162,0,83,0,913,7858162,2872,0,460,8,1,4,237,13,4,241,8,2,1,10
950.179,1625071355983,50.009181204,1,0,0,5,10,4,5,92,2,0,0,0,36,50,6426454,0,30,2,114,26101,2192029,21406,0,1,196189,142106,59955,60757,24029,13828,24104,13543,57,1094,1094,37,43692,20891,22384929,2239,77,427,2824,4489016,4488912,100,118,76,89,168,6426268,4265092,94,127,3162,332,1412,0,89,0,917,7759511,2875,0,483,8,1,4,264,16,4,268,8,2,1,10
1000.19,1625071412680,50.009133762,1,0,0,5,10,4,5,89,2,0,0,0,20,68,6387348,0,28,2,114,9494,2168130,21426,0,1,196202,142092,60145,60937,24982,14838,24080,13827,57,1100,1100,37,43770,21845,22197892,2251,77,426,2825,4475039,4474941,100,117,76,89,168,6387143,4250776,94,127,3175,333,1413,0,90,0,922,7722389,2849,0,474,7,1,4,257,16,4,261,7,2,1,9
1050.2,1625071469297,50.009518030,1,0,0,5,10,4,5,79,2,0,0,0,2,78,6267665,0,34,2,116,17202,2045007,21412,0,1,193554,139750,58836,60068,22311,12350,24090,13543,58,1142,1143,64,41849,19175,21465347,2281,78,427,2822,4476210,4476110,102,119,76,91,170,6267588,4254535,95,128,3195,332,1415,11,89,2,960,7616880,2797,0,460,8,1,4,261,16,4,265,8,2,1,10
1100.21,1625071526412,50.009177153,1,0,0,5,10,4,5,78,2,0,0,0,42,46,6657357,0,31,2,116,10682,2427625,22413,0,1,193623,140017,55448,56293,20832,11344,20920,11212,58,1095,1095,33,37660,17773,23727144,2249,81,427,2820,4479543,4479442,102,117,79,91,168,6657187,4262907,93,131,3010,324,1165,0,91,0,921,8393461,2826,0,462,8,1,4,234,13,4,238,8,2,1,10
1150.22,1625071583065,50.008775415,1,0,0,5,10,4,5,117,2,0,0,0,46,82,6855521,0,27,2,116,13349,2612109,22655,0,1,196141,141968,59106,59759,24010,13800,24039,13638,58,1091,1091,33,43187,20847,24870939,2241,79,427,2825,4499454,4499350,102,117,78,90,168,6855178,4276958,93,129,3165,332,1403,0,91,0,923,8763045,2898,0,478,8,1,4,262,16,4,266,8,2,1,10
1200.23,1625071640206,50.008923884,1,0,0,5,10,4,5,93,2,0,0,0,20,39,6541925,0,29,2,116,6296,2289075,22891,0,1,195536,141492,58530,59200,23838,14014,23852,13449,58,1090,1090,33,42980,20749,22956985,2239,75,426,2824,4508627,4508537,102,121,74,86,164,6541742,4286826,93,125,3162,329,1406,0,86,0,916,8158266,2835,0,474,8,1,4,263,16,4,267,8,2,1,10
1250.24,1625071697025,50.009118920,1,0,0,5,10,4,5,67,2,0,0,0,8,53,6154357,0,27,2,116,14280,1938164,20850,0,1,193499,139954,55736,56676,20706,11306,20787,11024,58,1098,1098,37,37992,17697,20783559,2247,75,426,2818,4466332,4466237,102,120,73,89,164,6154184,4248418,94,125,3000,316,1170,0,86,0,920,7533346,2669,0,425,8,1,4,235,13,4,239,8,2,1,10
1300.26,1625071754014,50.015414581,1,0,0,5,10,4,5,71,2,0,0,0,38,41,6534331,0,31,2,116,5935,2318159,23379,0,1,193792,140238,56563,57438,20863,11089,20925,11055,58,1144,1145,64,38342,17873,23002974,2284,76,432,2821,4468250,4468157,102,119,75,87,166,6534115,4249607,95,126,3041,324,1193,11,87,2,963,8173431,2851,0,458,8,1,4,226,13,4,230,8,2,1,10
1350.27,1625071811106,50.008770402,1,0,0,5,10,4,5,108,2,0,0,0,40,74,6498017,0,25,2,116,10415,2269769,22811,0,1,196607,142411,60629,61146,24184,13550,24195,13260,58,1098,1098,37,43950,20963,22836688,2247,80,427,5386,4484511,4484397,102,119,80,93,172,6497611,4257022,94,131,3180,336,1415,0,93,0,927,8200602,2874,0,488,8,1,4,249,16,4,253,8,2,1,10
1400.28,1625071867958,50.009211883,1,0,0,5,10,4,5,83,2,0,0,0,0,52,6581601,0,28,2,116,9876,2344614,22747,0,1,196091,141846,58730,59519,23825,13638,23884,13575,58,1094,1094,33,42996,20747,23271395,2247,76,425,2826,4491604,4491504,102,121,74,87,164,6581439,4268798,93,125,3173,336,1404,0,87,0,916,8332616,2771,0,463,8,1,4,262,16,4,266,8,2,1,10
1450.29,1625071924914,50.009299285,1,0,0,5,10,4,5,74,2,0,0,0,4,38,6575342,0,27,2,116,6617,2326924,23490,0,1,192944,139465,54857,55680,20670,11465,20708,11150,58,1089,1089,33,37389,17681,23147949,2237,77,425,2819,4497608,4497516,102,120,75,87,164,6575125,4281859,93,127,2988,320,1166,0,87,0,915,8267962,2749,0,464,8,1,4,239,13,4,243,8,2,1,10
1500.3,1625071981475,50.008754508,1,0,0,5,10,4,5,80,2,0,0,0,32,56,6698823,0,28,2,116,10844,2461091,23902,0,1,192986,139527,54328,54896,20552,10894,20553,10709,58,1088,1088,33,37189,17610,23897139,2235,72,426,2818,4487312,4487216,102,119,71,83,160,6698481,4272012,93,123,2988,316,1164,0,83,0,911,8499029,2796,0,462,8,1,4,234,13,4,238,8,2,1,10
1550.31,1625072038348,50.009091475,1,0,0,5,10,4,5,95,2,0,0,0,38,70,6422367,0,29,2,116,12518,2196791,22453,0,1,196374,142250,60574,61547,26237,16261,27290,16788,58,1097,1097,37,44037,23042,22412038,2245,82,427,2825,4480918,4480768,102,118,80,97,172,6422146,4256281,94,131,3167,329,1411,0,95,0,919,7706433,2880,0,504,8,1,4,258,16,4,262,8,2,1,10
1600.32,1625072094866,50.009255477,1,0,0,5,10,4,5,106,2,0,0,0,2,35,6475536,0,36,2,116,25508,2198235,21187,0,1,196624,142401,61692,62451,24527,13620,24570,13513,58,1146,1147,64,44520,21241,22524801,2289,86,430,2827,4534052,4533939,102,120,85,99,178,6475349,4307708,95,136,3227,337,1445,11,98,2,956,8049097,2850,0,475,7,1,4,247,16,4,251,7,2,1,9
1650.33,1625072151812,50.008845073,1,0,0,5,10,4,5,76,2,0,0,0,2,35,6472703,0,43,2,116,10170,2214553,21379,0,1,193518,139980,56385,57002,20901,11500,20904,11213,58,1104,1104,37,38140,17802,22509330,2259,78,425,2820,4509578,4509471,102,120,77,91,168,6472372,4291101,94,129,3033,323,1183,0,90,0,922,8070924,2780,0,442,7,1,4,242,13,4,246,7,2,1,9
1700.34,1625072207997,50.009014036,1,0,0,5,10,4,5,95,2,0,0,0,26,61,6689983,0,27,2,116,7994,2437364,23163,0,1,195063,141446,56724,57206,22754,13069,20925,11025,58,1092,1092,33,39715,19756,23872857,2243,73,427,2826,4500030,4499935,102,118,72,87,160,6689803,4280719,93,123,3018,331,1189,0,84,0,924,8541740,2810,0,450,8,1,4,239,13,4,243,8,2,1,10
1750.35,1625072264219,50.011828994,1,0,0,5,10,4,5,86,2,0,0,0,35,37,6622068,0,26,2,116,5478,2369913,22449,0,1,195559,141529,58555,59316,23861,13416,23917,13418,58,1089,1089,33,42984,20756,23444479,2237,76,426,2825,4508153,4508053,102,118,74,86,164,6621775,4286238,93,125,3159,333,1404,0,86,0,916,7936459,2857,0,476,6,1,4,265,16,4,269,2,2,1,6
1800.36,1625072321102,50.011733147,1,0,0,5,10,4,5,97,2,0,0,0,3,42,6703576,0,28,2,116,9396,2455824,22650,0,1,195745,141587,58513,59334,23832,13955,23910,13859,58,1091,1091,33,42986,20768,23954629,2241,75,426,2824,4502935,4502838,102,118,74,87,164,6703303,4280869,93,125,3165,329,1398,0,87,0,922,8212024,2785,0,458,6,1,4,253,16,4,257,2,2,1,5
1850.37,1625072377964,50.009247000,1,0,0,5,10,4,5,73,2,0,0,0,24,28,6619367,0,35,2,114,7884,2394334,22091,0,1,193844,140237,56892,57472,21043,11470,21031,11056,57,1146,1147,64,38491,17959,23507763,2289,78,431,2820,4477365,4477257,100,116,78,91,170,6618992,4258536,95,130,3045,320,1187,11,91,2,953,8127464,2879,0,475,8,1,4,229,13,4,233,8,2,1,10
1900.38,1625072435279,50.008727904,1,0,0,5,10,4,5,94,2,0,0,0,24,77,6341543,0,28,2,116,12490,2114738,22157,0,1,196691,142442,60556,61191,24183,14054,24199,13953,58,1100,1100,37,43908,20980,21908312,2251,81,427,2825,4483964,4483850,102,119,80,93,172,6341124,4258360,94,131,3182,333,1414,0,93,0,920,7762858,2850,0,474,8,1,4,255,16,4,259,8,2,1,10
1950.39,1625072492109,50.009081526,1,0,0,5,10,4,5,84,2,0,0,0,2,60,6405251,0,27,2,116,7357,2140457,22841,0,1,196314,142124,60167,60962,24009,13706,24070,13701,58,1102,1102,37,43730,20898,22117042,2255,77,426,2826,4518720,4518619,102,119,76,90,168,6405062,4293655,94,127,3179,336,1410,0,90,0,925,7752779,2799,0,471,8,1,4,254,16,4,258,8,2,1,10
2000.4,1625072549227,50.009548238,1,0,0,5,10,4,5,106,2,0,0,0,74,68,6717868,0,31,2,116,20257,2464800,23088,0,1,196153,141991,59358,60556,23526,13581,24200,13890,58,1101,1101,37,42879,20348,24035164,2253,81,429,5381,4511759,4511656,102,118,79,94,172,6717737,4285641,94,131,3160,329,1386,0,92,0,925,8284763,3008,0,492,4,1,4,257,16,4,261,2,2,1,4
2050.41,1625072605787,50.012132985,1,0,0,5,10,4,5,77,2,0,0,0,25,65,6376342,0,27,2,116,16408,2162191,20926,0,1,192625,139265,54832,55612,20667,11496,20703,11150,58,1090,1090,33,37390,17688,22123164,2237,77,425,2819,4461218,4461122,102,118,75,87,164,6376058,4245633,93,127,2989,319,1160,0,87,0,908,7832356,2718,0,438,6,1,4,238,13,4,242,2,2,1,6
2100.42,1625072662426,50.011044400,1,0,0,5,10,4,5,81,2,0,0,0,1,67,6505172,0,32,2,116,11391,2273159,21701,0,1,195041,141131,59290,60032,24088,13390,24143,13355,58,1131,1132,60,43336,20964,22858354,2267,77,428,2827,4483477,4483374,102,119,75,87,166,6504884,4260975,94,126,3194,336,1431,11,88,2,945,8191624,2795,0,435,6,1,4,259,16,4,263,2,2,1,5
2150.43,1625072719221,50.009317313,1,0,0,5,10,4,5,102,2,0,0,0,48,63,6464243,0,26,2,116,9557,2244405,23446,0,1,195893,141795,59105,60320,23983,13707,24157,13670,58,1092,1092,35,43388,20882,22655207,2239,80,427,2824,4474086,4473980,102,119,78,94,168,6464227,4251872,94,131,3167,330,1410,0,92,0,918,8061523,2912,0,500,8,1,4,258,16,4,262,8,2,1,10
2200.44,1625072775625,50.010278036,1,0,0,5,10,4,5,87,2,0,0,0,0,44,6254107,0,28,2,116,10256,2032179,20593,0,1,195391,141434,59288,60679,23972,14017,24117,13607,58,1095,1095,37,43454,20820,21398850,2241,78,424,2821,4472697,4472599,102,119,76,89,168,6254022,4249429,94,127,3157,325,1403,0,88,0,918,7535345,2712,0,448,8,1,4,255,16,4,259,8,2,1,10
2250.45,1625072832913,50.008720148,1,0,0,5,10,4,5,67,2,0,0,0,86,67,6605697,0,29,2,116,21935,2365752,22162,0,1,192990,139732,55884,56522,20740,10896,20744,10709,58,1091,1091,37,37907,17730,23392243,2233,73,427,2819,4488116,4488016,102,118,73,86,164,6605364,4271372,94,125,2989,320,1163,0,86,0,918,8151537,2985,0,491,7,1,4,227,13,4,231,7,2,1,9
2300.46,1625072889875,50.008778706,1,0,0,5,10,4,5,96,2,0,0,0,20,79,6612432,0,27,2,116,18714,2356120,22746,0,1,196486,142288,60199,60759,24049,13609,24045,13386,58,1099,1099,37,43679,20869,23413597,2248,76,426,2826,4509813,4509707,102,118,76,89,168,6612007,4285223,94,127,3175,336,1410,0,89,0,923,8269308,2869,0,486,7,1,4,265,16,4,269,7,2,1,9
2350.47,1625072946944,50.009080783,1,0,0,5,10,4,5,85,2,0,0,0,0,57,6397550,0,28,2,116,11808,2203718,21411,0,1,195725,141608,59229,60111,24002,13738,24090,13418,58,1095,1095,33,43172,20865,22350481,2249,79,425,2826,4449298,4449200,102,118,78,91,168,6397395,4226396,93,129,3177,336,1405,0,90,0,916,8027230,2842,0,456,8,1,4,259,16,4,263,8,2,1,10
2400.48,1625073003473,50.009454049,1,0,0,5,10,4,5,89,2,0,0,0,28,59,6682292,0,33,2,116,17010,2447188,22694,0,1,193744,139763,56711,58025,21228,11093,23781,13197,58,1130,1131,60,39235,18161,23862267,2265,79,425,2821,4485258,4485160,102,118,77,93,169,6682188,4266238,94,129,3180,329,1408,11,92,2,954,8287399,2925,0,486,8,1,4,253,16,4,257,8,2,1,10
2450.49,1625073060184,50.008783063,1,0,0,5,10,4,5,81,2,0,0,0,44,54,6421926,0,47,2,116,3710,2194498,21278,0,1,193397,139837,54829,55465,20699,11245,20697,10961,58,1090,1090,33,37375,17671,22311482,2239,76,428,5378,4479404,4479298,102,118,75,87,164,6421570,4261104,93,127,3007,317,1156,0,87,0,910,7877375,2829,0,452,8,1,4,225,13,4,229,8,2,1,10
2500.5,1625073116704,50.009394643,1,0,0,5,10,4,5,91,2,0,0,0,82,70,6632209,0,27,2,116,14420,2390732,22681,0,1,196181,142456,59761,59970,24048,13770,21502,10961,58,1098,1098,37,42739,20888,23523494,2247,81,430,2825,4497470,4497370,102,119,79,91,169,6632036,4274845,94,130,3046,328,1225,0,92,0,929,8163389,3038,0,486,8,1,4,243,13,4,247,8,2,1,10
2550.51,1625073173909,50.011287729,1,0,0,5,10,4,5,107,2,0,0,0,4,67,6336444,0,29,2,116,7537,2133958,22650,0,1,196230,142080,60082,60969,24063,13862,24097,13387,58,1102,1102,37,43764,20899,21957082,2255,78,426,2825,4459959,4459863,102,119,76,90,168,6336240,4235530,94,127,3177,334,1413,0,89,0,931,7778940,2807,0,460,7,1,4,262,16,4,266,7,2,1,9
2600.53,1625073230821,50.015389358,1,0,0,5,10,4,5,66,2,0,0,0,0,52,6434041,0,29,2,116,17829,2165260,23101,0,1,194035,140071,59055,60327,23157,13359,24032,13575,58,1101,1101,37,42603,20026,22288554,2253,77,424,2825,4520740,4520641,102,120,76,90,170,6433606,4297914,95,128,3169,328,1400,0,90,0,922,7892929,2788,0,453,7,1,4,250,16,4,254,7,2,1,9
2650.54,1625073287398,50.009123160,1,0,0,5,10,4,5,89,2,0,0,0,22,45,6668825,0,34,2,116,11996,2417796,22022,0,1,192820,139413,55721,56461,20875,11751,20945,11559,58,1133,1134,60,37774,17878,23710541,2271,77,429,2822,4500895,4500789,102,118,76,89,166,6668637,4284269,94,128,3030,327,1188,11,88,2,953,8312464,2850,0,462,8,1,4,223,13,4,227,8,2,1,10
2700.55,1625073344236,50.009300876,1,0,0,5,10,4,5,86,2,0,0,0,0,69,6414364,0,28,2,116,14916,2180261,21889,0,1,195280,141270,58643,59434,23908,14488,23926,13796,58,1092,1092,33,42970,20787,22317339,2243,76,424,2825,4484122,4484029,102,118,74,87,164,6414170,4262144,93,125,3170,332,1403,0,86,0,916,7953407,2797,0,448,8,1,4,260,16,4,264,8,2,1,10
2750.56,1625073401289,50.009215010,1,0,0,5,11,4,6,119,2,0,0,0,64,59,6667602,0,30,3,118,7721,2452731,22865,0,1,196454,142216,60272,61108,24239,13804,24330,13197,59,1090,1090,33,43754,21032,23868575,2239,84,428,2824,4470779,4470669,104,120,82,95,175,6667393,4247525,95,134,3166,333,1401,0,95,0,914,8350841,2934,0,499,8,1,4,265,16,4,269,8,2,1,10
2800.57,1625073458099,50.010136361,1,0,0,5,10,4,5,76,2,0,0,0,0,77,6805997,0,29,2,116,14298,2549675,22454,0,1,194861,140649,58894,60123,22937,13423,24024,13826,58,1100,1100,37,42431,19805,24549910,2251,81,426,2819,4508876,4508778,102,118,79,93,172,6805888,4285978,94,131,3158,321,1382,0,92,0,924,8685141,2761,0,451,8,1,4,263,16,4,267,8,2,1,10
2850.58,1625073515012,50.012321998,1,0,0,5,10,4,5,76,2,0,0,0,33,55,6387399,0,26,2,116,11782,2175985,22236,0,1,193769,140183,55830,56720,20702,11023,20770,10835,58,1095,1095,37,37932,17700,22181617,2241,74,427,2819,4460240,4460141,102,118,73,88,164,6387120,4242334,94,125,2994,320,1166,0,86,0,920,7985552,2817,0,461,8,1,4,238,13,4,242,8,2,1,10
2900.59,1625073571738,50.008613616,1,0,0,5,10,4,5,97,2,0,0,0,44,50,6624671,0,31,2,116,16401,2386425,22452,0,1,195651,141681,58810,59267,23825,13827,23815,13921,58,1139,1140,64,43170,20773,23543618,2275,74,430,2828,4494662,4494547,102,118,73,85,161,6624262,4271715,91,123,3202,339,1436,11,85,2,970,8283477,2957,0,473,8,1,4,260,16,4,264,8,2,1,10
2950.6,1625073628463,50.008704371,1,0,0,5,10,4,5,103,2,0,0,0,4,62,6592649,0,30,2,114,25753,2359784,22214,0,1,194659,140848,59663,60195,24168,13616,24165,13323,57,1086,1086,33,43357,20939,23386845,2231,82,422,2826,4486091,4485978,100,115,82,96,172,6592284,4263997,93,133,3167,336,1419,0,97,0,918,8148791,2790,0,469,8,1,4,262,16,4,266,8,2,1,10
3000.61,1625073685848,50.008810444,1,0,0,5,10,4,5,75,2,0,0,0,26,59,6432147,0,27,2,116,20340,2195033,22487,0,1,193583,139937,54843,55502,20678,11117,20669,10646,58,1092,1092,33,37373,17690,22368316,2243,76,427,2819,4484594,4484498,102,118,75,87,164,6431936,4268188,93,127,2993,319,1161,0,87,0,913,8057936,2799,0,453,7,1,4,225,13,4,229,7,2,1,9
3050.62,1625073742451,50.008666717,1,0,0,5,10,4,5,74,2,0,0,0,0,52,6390836,0,31,2,116,6888,2179770,20981,0,1,193174,139605,54394,55046,20542,11367,20546,11056,58,1093,1093,33,37113,17571,22215326,2244,72,425,2819,4453624,4453521,102,118,71,83,160,6390454,4237811,93,123,3003,319,1164,0,83,0,915,7776821,2748,0,427,8,1,4,232,13,4,236,8,2,1,10
3100.63,1625073799265,50.009403237,1,0,0,5,10,4,5,113,2,0,0,0,26,56,6682550,0,29,2,116,12931,2449829,23315,0,1,195502,141580,60382,61235,24194,13266,24231,13229,58,1089,1089,37,43910,20979,23903663,2229,82,424,5384,4489107,4489005,102,118,80,93,172,6682325,4262668,94,131,3151,330,1402,0,93,0,917,8315869,2888,0,487,8,1,4,255,16,4,259,8,2,1,10
3150.64,1625073856554,50.008696715,1,0,0,5,10,4,5,98,2,0,0,0,28,63,6066036,0,27,2,116,11163,1898836,21406,0,1,196659,142405,60097,60738,24974,14899,24077,13512,58,1101,1101,37,43748,21786,20446021,2253,77,432,2825,4425877,4425775,102,118,76,89,168,6065666,4201292,94,127,3180,333,1406,0,89,0,923,7308292,2878,0,485,8,1,4,265,16,4,269,8,2,1,10
3200.65,1625073913301,50.009225111,1,0,0,5,10,4,5,83,2,0,0,0,18,51,6793997,0,33,2,116,10068,2520168,21691,0,1,193174,139758,57067,58003,21047,11251,21113,10992,58,1137,1138,64,38557,17982,24366993,2271,80,425,2821,4521562,4521466,102,118,78,94,170,6793855,4303241,95,130,3034,324,1191,11,92,2,963,8625467,2878,0,462,8,1,4,225,13,4,229,8,2,1,10
3250.66,1625073970317,50.009047762,1,0,0,5,10,4,5,81,2,0,0,0,32,49,6776121,0,41,2,116,17041,2525507,22684,0,1,192242,139105,56011,56865,20724,10994,20788,10835,58,1093,1093,37,37981,17733,24363603,2237,73,424,2820,4499083,4498982,102,118,73,86,164,6775918,4282583,94,125,3009,323,1168,0,87,0,926,8640159,2882,0,465,8,1,4,240,13,4,244,8,2,1,10
3300.67,1625074027302,50.009153757,1,0,0,5,10,4,5,93,2,0,0,0,12,56,6665756,0,25,2,116,16727,2418974,22742,0,1,195967,141773,58592,59533,23849,13353,23952,13102,58,1090,1090,33,43030,20775,23764598,2239,77,426,2825,4499710,4499614,102,118,74,88,164,6665557,4277342,93,125,3160,332,1400,0,86,0,918,8479414,2809,0,473,8,1,4,253,16,4,257,8,2,1,10
3350.68,1625074084117,50.009206401,1,0,0,5,10,4,5,92,2,0,0,0,44,39,6642214,0,27,2,116,7916,2385136,22321,0,1,196105,141922,58609,59432,23850,13544,23929,13198,58,1091,1091,33,43024,20768,23558656,2241,75,427,2825,4510138,4510040,102,118,74,86,164,6641997,4287820,93,125,3165,333,1400,0,86,0,921,8086800,2931,0,494,8,1,4,262,16,4,266,8,2,1,10
3400.69,1625074140243,50.009716661,1,0,0,5,10,4,5,92,2,0,0,0,50,59,6264451,0,29,2,114,25929,2049041,21293,0,1,194515,140341,56029,57411,21197,11906,23604,13858,57,1093,1093,33,39329,18165,21477689,2245,78,428,2818,4466358,4466268,100,116,76,90,167,6264433,4247292,93,128,3149,321,1377,0,88,0,915,7630242,2869,0,482,8,1,4,256,16,4,260,8,2,1,10
3450.7,1625074196763,50.009219943,1,0,0,5,10,4,5,96,2,0,0,0,28,85,6668204,0,35,2,116,13681,2439592,22383,0,1,193565,140075,57523,58353,21194,11349,21256,11213,58,1140,1141,64,38769,18089,23784114,2277,84,430,2821,4480499,4480397,102,118,82,96,174,6667975,4261439,95,134,3044,324,1195,11,95,2,952,8347067,2891,0,465,8,1,4,236,13,4,240,8,2,1,10
3500.71,1625074253377,50.008782741,1,0,0,5,10,4,5,86,2,0,0,0,20,69,6421052,0,27,2,116,11032,2207365,23376,0,1,196326,142173,60053,60889,24043,13801,24098,13670,58,1099,1099,37,43746,20887,22424695,2249,77,426,2825,4467367,4467249,102,118,76,91,168,6420670,4242611,94,127,3175,333,1414,0,91,0,928,8080351,2867,0,478,8,1,4,254,16,4,258,8,2,1,10
3550.72,1625074310949,50.009208430,1,0,0,5,10,4,5,119,2,0,0,0,54,60,6746457,0,30,2,116,10470,2497209,22733,0,1,196248,142199,61060,61657,24334,13648,24328,13418,58,1099,1099,37,44145,21059,24191819,2249,85,427,2826,4506421,4506314,102,118,84,97,176,6746199,4281342,94,135,3178,336,1415,0,97,0,928,8275321,2998,0,489,8,1,4,257,16,4,261,8,2,1,10
3600.73,1625074367597,50.008981990,1,0,0,5,10,4,5,80,2,0,0,0,84,66,6665460,0,25,2,116,13923,2434949,22022,0,1,195746,141735,58560,59408,23845,13636,23913,13292,58,1086,1086,33,42998,20764,23806948,2231,75,428,2825,4484983,4484892,102,119,74,87,164,6665272,4263501,93,125,3153,332,1399,0,86,0,914,8221542,3002,0,494,8,1,4,269,16,4,273,8,2,1,10
3650.74,1625074424670,50.008858303,1,0,0,5,10,4,5,64,2,0,0,0,6,59,6495666,0,25,2,116,9422,2277425,22693,0,1,193058,139519,54372,54985,20548,11587,20551,11308,58,1089,1089,33,37174,17605,22808716,2237,72,425,2819,4465255,4465155,102,118,71,83,160,6495241,4249542,93,123,2988,319,1161,0,83,0,916,7943137,2702,0,434,8,1,4,227,13,4,231,8,2,1,10
3700.75,1625074481621,50.009224714,1,0,0,5,10,4,5,90,2,0,0,0,50,65,6702674,0,35,2,116,13934,2449368,23187,0,1,194649,140907,59246,60088,24083,13326,24137,13418,58,1126,1127,60,43402,20965,23935145,2257,77,428,2826,4504305,4504203,102,118,75,87,166,6702477,4282492,94,126,3186,333,1423,11,87,2,951,8305146,2989,0,490,8,1,4,255,16,4,259,8,2,1,10
3750.76,1625074537958,50.008732235,1,0,0,5,10,4,5,113,2,0,0,0,56,62,6640216,0,30,2,114,18933,2405935,23350,0,1,196827,142587,60676,61409,26193,15190,27180,15970,57,1101,1101,37,44025,23018,23663520,2251,81,428,5386,4493241,4493133,100,117,80,96,172,6639792,4265320,94,131,3183,334,1410,0,95,0,925,8350893,2974,0,496,8,1,4,265,16,4,269,8,2,1,10
3800.77,1625074594709,50.009629094,1,0,0,5,10,4,5,64,2,0,0,0,28,61,6668528,0,27,2,114,14123,2428390,21048,0,1,194219,140235,58222,59432,22459,12286,23870,13481,57,1096,1096,37,41848,19368,23787020,2243,77,425,2819,4493373,4493276,100,116,75,89,168,6668471,4271551,94,127,3151,325,1387,0,88,0,923,8136629,2822,0,476,7,1,4,251,16,4,255,7,2,1,9
3850.78,1625074651654,50.011937366,1,0,0,5,10,4,5,88,2,0,0,0,42,60,6568185,0,29,2,116,14520,2337646,22226,0,1,193895,140331,56461,57383,20872,11281,20957,11024,58,1103,1103,37,38092,17830,23198675,2257,79,427,2820,4482656,4482566,102,118,77,93,168,6567944,4264251,94,129,3011,323,1171,0,91,0,924,8090678,2855,0,458,7,1,4,234,13,4,238,7,2,1,9
3900.79,1625074708222,50.009200286,1,0,0,5,10,4,5,82,2,0,0,0,28,41,6712372,0,27,2,114,12069,2469995,21994,0,1,195661,141547,56628,57479,23460,13444,23516,13386,57,1090,1090,33,42126,20532,24029751,2239,72,426,2825,4496234,4496145,100,116,70,81,155,6712219,4275658,89,120,3159,331,1407,0,81,0,913,8244669,2858,0,483,8,1,4,248,16,4,252,8,2,1,10
3950.8,1625074765293,50.008686305,1,0,0,5,10,4,5,100,2,0,0,0,38,65,6597640,0,27,2,116,4582,2366531,22498,0,1,195263,141346,58555,59200,23863,13385,23882,13481,58,1084,1084,33,42914,20735,23355666,2227,75,429,2825,4485582,4485477,102,118,74,87,164,6597305,4264171,93,125,3149,332,1408,0,86,0,908,8364854,2821,0,479,8,1,4,253,16,4,257,8,2,1,10
4000.81,1625074822234,50.011464990,1,0,0,5,10,4,5,88,2,0,0,0,22,57,6466188,0,25,2,114,7369,2218277,23319,0,1,195252,141135,57794,58924,23312,13167,23951,13355,57,1086,1086,33,42193,20226,22537418,2231,78,426,2819,4501745,4501645,100,116,77,90,168,6466060,4280894,93,129,3138,321,1379,0,90,0,913,8105780,2863,0,484,8,1,4,254,16,4,258,8,2,1,10
4050.82,1625074878878,50.009549854,1,0,0,5,10,4,5,73,2,0,0,0,24,52,6544274,0,42,2,114,22705,2281817,22843,0,1,193266,139837,56418,57353,20856,11123,20952,10898,57,1100,1100,37,38140,17806,22947265,2251,78,425,2819,4513243,4513142,100,116,77,92,168,6544094,4295484,94,129,3020,320,1164,0,91,0,922,8034561,2838,0,457,7,1,4,242,13,4,246,7,2,1,9
4100.83,1625074935394,50.008736379,1,0,0,5,10,4,5,95,2,0,0,0,10,56,6488744,0,27,2,116,11478,2235413,23690,0,1,196442,142217,60092,60750,24038,13294,24054,13260,58,1096,1096,37,43692,20898,22667409,2243,77,426,2825,4510814,4510712,102,118,76,91,168,6488375,4285775,94,127,3168,333,1407,0,90,0,920,7905509,2820,0,467,8,1,4,264,16,4,268,8,2,1,10
4150.84,1625074992239,50.009273940,1,0,0,5,10,4,5,93,2,0,0,0,22,72,6558122,0,27,2,116,19744,2336080,22195,0,1,195818,141807,60140,60969,24037,13547,24071,13166,58,1099,1099,37,43708,20889,23207073,2249,77,425,2826,4478813,4478711,102,118,76,89,168,6557921,4254322,94,127,3175,336,1408,0,89,0,926,8035184,2878,0,460,8,1,4,255,16,4,259,8,2,1,10
4200.85,1625075049162,50.009582060,1,0,0,5,10,4,5,91,2,0,0,0,40,75,6640765,0,27,2,116,15116,2408005,22280,0,1,193365,139835,57406,58581,23296,13007,23810,12914,58,1082,1082,33,42147,20289,23634508,2223,75,422,5380,4485281,4485181,102,118,73,86,164,6640743,4263076,93,125,3128,324,1380,0,85,0,910,8355732,2852,0,465,8,1,4,260,16,4,264,8,2,1,10
4250.86,1625075106449,50.009309265,1,0,0,5,10,4,5,77,2,0,0,0,14,60,6532521,0,34,2,116,15587,2306704,22659,0,1,192745,139357,56083,56977,21020,11000,21128,10992,58,1132,1133,60,38005,17950,23032329,2269,82,425,2821,4470383,4470276,102,118,80,94,170,6532377,4253113,94,132,3034,323,1188,11,93,2,956,8281864,2811,0,442,8,1,4,223,13,4,227,8,2,1,10
4300.87,1625075163353,50.009098890,1,0,0,5,10,4,5,87,2,0,0,0,36,75,6533154,0,29,2,116,10927,2318208,23149,0,1,196162,141963,59102,59987,23974,13736,24064,13355,58,1091,1091,33,43187,20870,23088903,2241,79,426,2825,4469564,4469459,102,118,78,91,168,6532916,4246357,93,129,3164,333,1399,0,91,0,912,8282205,2861,0,462,8,1,4,258,16,4,262,8,2,1,10
4350.88,1625075220142,50.009182187,1,0,0,5,10,4,5,80,2,0,0,0,32,65,6449308,0,30,2,116,20241,2238937,22461,0,1,195488,141569,59972,60854,24037,13640,24102,13261,58,1094,1094,37,43749,20896,22618995,2239,78,424,2824,4467966,4467859,102,118,76,90,168,6449073,4243760,94,127,3165,329,1402,0,89,0,920,8031629,2832,0,434,8,1,4,258,16,4,262,8,2,1,10
4400.89,1625075277021,50.008627403,1,0,0,5,10,4,5,64,2,0,0,0,52,43,6513985,0,26,2,116,11664,2295298,21607,0,1,192970,139652,55878,56538,20729,11149,20712,11024,58,1095,1095,37,37923,17721,22906330,2241,74,425,2819,4468385,4468284,102,118,73,87,164,6513540,4250922,94,125,2994,320,1165,0,87,0,924,7968038,2848,0,446,8,1,4,243,13,4,247,8,2,1,10
4450.9,1625075333728,50.012500464,1,0,0,5,10,4,5,85,2,0,0,0,54,55,6700166,0,28,2,116,5483,2450060,23248,0,1,194566,141210,57302,57756,21635,11625,20925,10992,58,1095,1095,37,39167,18635,23907319,2241,76,426,2824,4500849,4500741,102,118,75,86,164,6699878,4281687,94,125,3011,329,1186,0,88,0,924,8423790,2840,0,442,8,1,4,243,13,4,247,8,2,1,10
4500.91,1625075389800,50.009053348,1,0,0,5,10,4,5,96,2,0,0,0,48,65,6416210,0,33,2,116,9906,2194201,22587,0,1,196087,141962,60315,61142,24329,14026,24390,13670,58,1133,1134,60,43794,21145,22360982,2271,84,431,2827,4477292,4477183,102,118,83,96,174,6415968,4253417,94,134,3205,336,1431,11,95,2,947,8011323,2966,0,486,8,1,4,254,16,4,258,8,2,1,10
4550.92,1625075446585,50.008564754,1,0,0,5,10,4,5,89,2,0,0,0,2,36,6565427,0,29,2,116,8209,2332689,22828,0,1,195574,141477,58623,59097,23855,14266,23858,13953,58,1089,1089,33,42935,20760,23195630,2237,74,425,2825,4487927,4487818,102,118,74,86,164,6565052,4265617,93,125,3158,334,1399,0,86,0,912,8310828,2727,0,454,8,1,4,254,16,4,258,8,2,1,10
4600.93,1625075503251,50.008654405,1,0,0,5,10,4,5,74,2,0,0,0,24,42,6388034,0,29,2,118,16966,2155470,22096,0,1,193016,139466,52923,53564,20215,11083,20234,10835,59,1095,1095,33,36516,17427,22130648,2249,72,426,2819,4477083,4476977,104,120,71,83,155,6387660,4262529,89,122,3003,318,1160,0,83,0,912,7956027,2783,0,446,8,1,4,229,13,4,233,8,2,1,10
4650.94,1625075560204,50.008716350,1,0,0,5,10,4,5,83,2,0,0,0,14,79,6311826,0,27,2,116,20260,2100785,21732,0,1,194756,141305,58032,58205,22670,12570,20956,10741,58,1097,1097,37,40191,19588,21779204,2244,74,425,5385,4465832,4465731,102,117,74,87,164,6311333,4243010,94,125,3014,328,1187,0,88,0,922,7738508,2777,0,456,8,1,4,228,13,4,232,8,2,1,10
4700.95,1625075617049,50.008685520,1,0,0,5,10,4,5,85,2,0,0,0,2,70,6443425,0,27,2,114,14663,2226461,21500,0,1,195906,141832,60156,60682,24015,13453,24038,13323,57,1095,1095,37,43678,20883,22543607,2241,77,424,2825,4472518,4472393,100,116,76,89,168,6442941,4248172,94,127,3166,333,1404,0,89,0,916,7884420,2753,0,443,8,1,4,262,16,4,266,8,2,1,10
4750.97,1625075673511,50.015426943,1,0,0,5,10,4,5,94,2,0,0,0,28,59,6652174,0,27,2,116,13125,2405016,23681,0,1,196550,142344,60584,61500,24227,13897,24267,13796,58,1100,1100,37,43950,21000,23664849,2251,82,430,2825,4505512,4505415,102,118,81,94,172,6651965,4280543,94,131,3175,333,1406,0,93,0,926,8334620,2851,0,499,8,1,4,265,16,4,269,8,2,1,10
4800.98,1625075729946,50.008685392,1,0,0,5,10,4,5,84,2,0,0,0,6,69,6410536,0,25,2,114,17225,2189138,20852,0,1,192939,139450,54931,55558,20672,10898,20687,10583,57,1085,1085,33,37345,17684,22277190,2228,76,425,2819,4470065,4469961,100,116,75,87,164,6410111,4254191,93,127,2986,319,1161,0,87,0,915,8088377,2758,0,444,8,1,4,228,13,4,232,8,2,1,10
4850.99,1625075786508,50.009033208,1,0,0,5,10,4,5,64,2,0,0,0,2,63,6227386,0,39,2,114,5748,2000112,20829,0,1,193017,139486,54436,55214,20547,11588,20596,11276,57,1091,1091,33,37203,17602,21186151,2241,72,425,2819,4467735,4467643,100,116,71,84,160,6227177,4251989,93,123,3001,319,1155,0,84,0,909,7576444,2746,0,426,8,1,4,234,13,4,238,8,2,1,10
4901,1625075843683,50.008795147,1,0,0,5,10,4,5,96,2,0,0,0,10,39,6671928,0,27,2,116,3676,2426840,21719,0,1,195821,141659,58621,59275,23836,13859,23830,13827,58,1089,1089,33,42931,20752,23776443,2237,75,425,2825,4499791,4499692,102,118,74,87,164,6671580,4277542,93,125,3159,332,1400,0,87,0,922,8340312,2794,0,471,8,1,4,248,16,4,252,8,2,1,10
4951.01,1625075900466,50.008942374,1,0,0,5,10,4,5,80,2,0,0,0,4,69,6421165,0,27,2,116,21386,2176216,21820,0,1,196363,142154,60098,60852,24057,13798,24115,13638,58,1103,1103,37,43741,20905,22328645,2257,77,426,2825,4500191,4500090,102,117,76,90,168,6420942,4275534,94,127,3181,333,1406,0,90,0,925,7781554,2830,0,459,8,1,4,257,16,4,261,8,2,1,10
5001.02,1625075957200,50.009230002,1,0,0,5,10,4,5,80,2,0,0,0,26,54,6570278,0,27,2,116,9962,2327505,22185,0,1,193596,140050,55848,56595,20723,11717,20767,11464,58,1099,1099,37,37931,17713,23166356,2249,75,430,2819,4491467,4491372,102,118,73,86,164,6570104,4273577,94,125,3001,320,1164,0,86,0,924,8118848,2737,0,459,8,1,4,236,13,4,240,8,2,1,10
5051.03,1625076013995,50.009189416,1,0,0,5,10,4,5,86,2,0,0,0,12,60,6347410,0,33,2,116,7095,2120917,21405,0,1,196208,142152,60692,60849,24278,13805,21780,11590,58,1143,1144,64,43944,21088,21922369,2283,82,426,2827,4484259,4484151,102,118,80,92,171,6347201,4259323,95,131,3208,334,1418,11,93,2,954,7843922,2811,0,440,8,1,4,239,13,4,243,8,2,1,10
5101.04,1625076071407,50.009606244,1,0,0,5,10,4,5,80,2,0,0,0,14,50,6905359,0,28,2,116,12774,2632915,23067,0,1,195298,141361,59030,59779,23894,13922,23970,13763,58,1092,1092,35,43067,20782,25059617,2239,75,424,2826,4525774,4525680,102,118,74,87,165,6905164,4303216,93,125,3163,337,1405,0,86,0,925,8744017,2848,0,460,8,1,4,255,16,4,259,8,2,1,10
5151.05,1625076128080,50.009085740,1,0,0,5,10,4,5,94,2,0,0,0,54,67,6473616,0,27,2,116,22693,2227829,22351,0,1,196196,142013,58691,59498,23865,13798,23912,13921,58,1092,1092,33,42936,20769,22590823,2243,76,428,2825,4500662,4500567,102,118,74,88,164,6473431,4278333,93,125,3167,334,1401,0,88,0,919,7940676,2939,0,481,8,1,4,254,16,4,258,8,2,1,10
5201.06,1625076184775,50.008835154,1,0,0,5,10,4,5,64,2,0,0,0,28,68,6657788,0,27,2,118,13860,2405269,22397,0,1,192383,139075,54409,55088,20529,11648,20511,11119,59,1087,1087,33,37150,17582,23637935,2233,72,425,2819,4498289,4498194,104,120,71,84,160,6657436,4283262,93,123,2984,319,1159,0,83,0,916,8451602,2790,0,460,8,1,4,235,13,4,239,8,2,1,10
5251.07,1625076241409,50.009348133,1,0,0,5,10,4,5,71,2,0,0,0,62,45,6316670,0,29,2,116,4080,2104764,21665,0,1,194124,140621,57575,58028,21273,11312,21000,11055,58,1103,1103,37,38906,18197,21751307,2257,80,427,2824,4464879,4464786,102,118,78,90,168,6316501,4245682,94,129,3031,328,1187,0,92,0,915,7833816,2913,0,466,8,1,4,235,13,4,239,8,2,1,10
5301.08,1625076298174,50.009306534,1,0,0,5,10,4,5,89,2,0,0,0,2,48,6534121,0,34,2,116,8365,2255610,22286,0,1,196436,142243,61411,62262,25341,14435,24455,13481,58,1144,1145,64,44294,22129,22845422,2285,82,430,5387,4537398,4537296,102,118,81,95,174,6533927,4308930,95,132,3221,337,1437,11,94,2,960,8049756,2854,0,465,8,1,4,258,16,4,262,8,2,1,10
5351.09,1625076354731,50.009551085,1,0,0,5,10,4,5,85,2,0,0,0,2,41,6591470,0,27,2,116,5831,2361981,23098,0,1,196259,142075,60133,61079,24066,13957,24157,13575,58,1098,1098,37,43772,20890,23357892,2247,78,426,2825,4486888,4486790,102,118,76,93,168,6591303,4262315,94,127,3173,333,1406,0,89,0,922,8280798,2781,0,457,7,1,4,250,16,4,254,7,2,1,9
5401.1,1625076411677,50.009267740,1,0,0,5,10,4,5,64,2,0,0,0,4,29,6301709,0,27,2,116,5958,2107967,21716,0,1,193548,139986,55878,56532,20681,11307,20716,11181,58,1101,1101,37,37925,17721,21726386,2253,75,426,2819,4444941,4444850,102,118,73,84,164,6301484,4227062,94,125,3004,319,1163,0,87,0,921,7832390,2687,0,433,7,1,4,237,13,4,241,7,2,1,9
5451.11,1625076467991,50.009190025,1,0,0,5,10,4,5,88,2,0,0,0,16,59,6493200,0,28,2,116,8193,2269318,21511,0,1,195077,141428,56415,56870,21704,12065,20901,11213,58,1095,1095,33,38782,18705,22785539,2249,77,426,2824,4473240,4473141,102,117,76,87,164,6492999,4255124,93,127,3020,327,1182,0,89,0,916,8144970,2780,0,446,8,1,4,235,13,4,239,8,2,1,10
5501.12,1625076524791,50.009508006,1,0,0,5,10,4,5,86,2,0,0,0,12,67,6558444,0,27,2,116,12002,2302135,21635,0,1,196016,141820,59130,60000,24024,13705,24076,13355,58,1090,1090,33,43213,20883,23091086,2239,80,426,2825,4506887,4506791,102,118,78,92,168,6558270,4284049,93,129,3160,332,1399,0,91,0,917,8102391,2746,0,469,6,1,4,253,16,4,257,2,2,1,6
5551.13,1625076581646,50.009132757,1,0,0,5,10,4,5,80,2,0,0,0,24,63,6524871,0,31,2,116,15732,2287036,22492,0,1,196073,142006,60795,61675,24257,14083,24321,13638,58,1140,1141,64,44135,21082,22940414,2277,79,430,2827,4496509,4496411,102,118,77,90,170,6524699,4271465,95,128,3206,337,1433,11,90,2,955,8115353,2882,0,481,6,1,4,255,16,4,259,2,2,1,5
5601.14,1625076638481,50.008581378,1,0,0,5,10,4,5,78,2,0,0,0,4,37,6804584,0,27,2,116,10743,2532730,23775,0,1,193017,139631,56817,57370,20996,11064,20998,10898,58,1094,1094,37,38378,17900,24441541,2239,82,424,2819,4523042,4522928,102,117,81,94,172,6804193,4305008,94,133,3000,320,1168,0,94,0,924,8700941,2750,0,443,8,1,4,241,13,4,245,8,2,1,10
5651.15,1625076695318,50.008998819,1,0,0,5,10,4,5,86,2,0,0,0,10,36,6538840,0,40,2,116,9157,2315730,23377,0,1,195541,141875,58656,59048,23327,13204,21339,10930,58,1102,1102,37,40915,20208,23079113,2255,79,426,2825,4476801,4476693,102,118,78,90,168,6538588,4255113,94,129,3038,328,1185,0,91,0,921,7908713,2790,0,438,8,1,4,236,13,4,240,8,2,1,10
5701.16,1625076751785,50.009967210,1,0,0,5,10,4,5,86,2,0,0,0,2,31,6388593,0,29,2,116,15533,2173273,22493,0,1,196071,141841,59125,59714,24023,13831,23999,13544,58,1093,1093,33,43202,20880,22234603,2245,78,426,2825,4470978,4470883,102,118,78,91,168,6388331,4248109,93,129,3171,332,1399,0,92,0,910,7570804,2813,0,450,8,1,4,253,16,4,257,8,2,1,10
5751.17,1625076809002,50.009519699,1,0,0,5,10,4,5,86,2,0,0,0,44,43,6680473,0,31,2,116,10661,2440781,22691,0,1,196020,141860,59131,60401,24025,13642,24273,13292,58,1088,1088,33,43197,20904,23880840,2235,80,426,5385,4496396,4496298,102,118,78,94,168,6680284,4271194,93,129,3162,335,1407,0,90,0,913,8286373,2875,0,476,8,1,4,254,16,4,258,8,2,1,10
5801.18,1625076865838,50.008681213,1,0,0,5,10,4,5,64,2,0,0,0,84,45,6570415,0,27,2,114,8275,2334944,22382,0,1,193085,139696,54445,54976,20505,11555,20511,11150,57,1089,1089,33,37152,17571,23167903,2237,71,432,2819,4484123,4484019,100,116,71,83,160,6570030,4269121,93,123,2990,319,1164,0,83,0,912,8161390,2953,0,466,7,1,4,227,13,4,231,7,2,1,9
5851.19,1625076922262,50.009030332,1,0,0,5,10,4,5,106,2,0,0,0,2,95,6290956,0,33,2,116,18258,2081151,22415,0,1,195347,141384,59857,60621,24225,13550,24259,13355,58,1134,1135,60,43603,21028,21680467,2273,80,424,2827,4462297,4462195,102,118,79,91,170,6290745,4238967,94,130,3208,337,1442,11,91,2,952,7868231,2728,0,431,8,1,4,262,16,4,266,8,2,1,10
5901.2,1625076978557,50.008781130,1,0,0,5,10,4,5,90,2,0,0,0,36,65,6670668,0,25,2,116,16572,2450318,22752,0,1,196714,142511,62013,62491,26514,15826,27447,16127,58,1098,1098,37,44545,23218,23910482,2247,85,427,2826,4480062,4479940,102,118,84,99,179,6670304,4254016,96,136,3176,335,1412,0,100,0,926,8415836,2867,0,474,8,1,4,259,16,4,263,8,2,1,10
5951.21,1625077035355,50.008731886,1,0,0,5,10,4,5,103,2,0,0,0,94,56,6949527,0,28,2,116,13093,2702693,24338,0,1,196519,142451,60109,60667,24064,13515,24088,13260,58,1093,1093,37,43730,20898,25421050,2237,77,429,2825,4504860,4504740,102,118,76,91,168,6949120,4281124,94,127,3163,333,1415,0,89,0,925,8566463,3101,0,493,8,1,4,268,16,4,272,8,2,1,10
6001.22,1625077091806,50.009068039,1,0,0,5,10,4,5,94,2,0,0,0,2,55,6419809,0,28,2,116,11173,2177498,22575,0,1,193130,139582,54435,55306,20541,11651,20640,11182,58,1091,1091,33,37155,17612,22248095,2241,72,425,2819,4491263,4491164,102,118,71,84,160,6419614,4275408,93,123,2995,319,1164,0,85,0,913,7990676,2691,0,421,8,1,4,234,13,4,238,8,2,1,10
6051.23,1625077148540,50.008887017,1,0,0,5,10,4,5,81,2,0,0,0,2,49,6741343,0,27,2,116,8075,2484998,22531,0,1,194578,141025,55978,56195,21731,12218,20727,11434,58,1090,1090,33,38670,18766,24125494,2239,72,425,2824,4506748,4506658,102,117,72,84,160,6741197,4289195,93,123,3009,327,1181,0,84,0,918,8398361,2696,0,434,8,1,4,219,13,4,223,8,2,1,10
6101.24,1625077205446,50.009094208,1,0,0,5,10,4,5,97,2,0,0,0,28,49,6670226,0,33,2,116,9314,2415372,23555,0,1,195070,141195,59819,60662,24204,13173,24264,13135,58,1129,1130,60,43573,21034,23764925,2263,81,425,2827,4504770,4504665,102,117,79,92,170,6670089,4281915,94,130,3197,336,1431,11,92,2,950,8400169,2878,0,468,8,1,4,267,16,4,271,8,2,1,10
6151.25,1625077262410,50.009345882,1,0,0,5,10,4,5,86,2,0,0,0,4,32,6275798,0,27,2,116,28039,2059120,22363,0,1,196060,141848,59161,60073,24018,13894,24074,13891,58,1097,1097,33,43239,20858,21563960,2253,80,426,2825,4473339,4473240,102,118,78,90,168,6275583,4250290,93,129,3178,333,1402,0,90,0,916,7739959,2772,0,464,4,1,4,260,16,4,264,2,2,1,3
6201.26,1625077319303,50.008922184,1,0,0,5,10,4,5,73,2,0,0,0,0,36,6445490,0,31,2,116,11243,2223099,22196,0,1,193551,139981,56320,56980,20858,11374,20850,10993,58,1103,1103,37,38119,17785,22504239,2257,78,425,2819,4471577,4471472,102,118,77,92,168,6445118,4253233,94,129,3012,320,1165,0,90,0,921,7726690,2727,0,441,8,1,4,232,13,4,236,8,2,1,10
6251.27,1625077376146,50.008683496,1,0,0,5,10,4,5,90,2,0,0,0,52,44,6873407,0,25,2,116,11500,2637045,22362,0,1,196346,142258,60131,60335,24084,13675,24058,13701,58,1096,1096,37,43681,20886,25005455,2241,77,427,2825,4494113,4493999,102,118,76,89,168,6873002,4269869,94,127,3166,333,1405,0,91,0,927,8701981,2921,0,466,8,1,4,261,16,4,265,8,2,1,10
6301.28,1625077433188,50.008979789,1,0,0,5,10,4,5,86,2,0,0,0,52,58,6565735,0,27,2,116,23774,2327715,22912,0,1,195917,141933,60453,61206,24178,14211,24230,13953,58,1094,1094,37,43952,20988,23199069,2239,81,426,2824,4493988,4493881,102,118,80,93,172,6565591,4270045,94,131,3160,329,1402,0,93,0,925,8187055,2992,0,500,8,1,4,262,16,4,266,8,2,1,10
6351.29,1625077490445,50.008812175,1,0,0,5,10,4,5,86,2,0,0,0,72,44,6682276,0,35,2,114,13181,2454394,23763,0,1,195676,141738,59806,60497,24171,14589,24185,14174,57,1130,1131,60,43521,21022,23918159,2265,80,432,2827,4484929,4484825,100,116,79,91,170,6681882,4262099,94,130,3200,338,1438,11,91,2,948,8312316,2964,0,486,8,1,4,249,16,4,253,8,2,1,10
6401.3,1625077546963,50.009333234,1,0,0,5,10,4,5,64,2,0,0,0,42,52,6568171,0,27,2,116,11405,2304071,24324,0,1,192981,139544,54439,55296,20550,11618,20617,11401,58,1089,1089,33,37191,17584,23094920,2237,73,426,5379,4510821,4510729,102,118,71,86,160,6567981,4292859,93,123,2989,319,1163,0,84,0,913,8361624,2843,0,476,8,1,4,235,13,4,239,8,2,1,10
6451.31,1625077603749,50.009238282,1,0,0,5,10,4,5,88,2,0,0,0,2,63,6329477,0,44,2,116,6776,2065321,22848,0,1,195571,141495,59144,59970,24008,14239,24065,14204,58,1091,1091,33,43201,20870,21689654,2246,80,425,2825,4514410,4514310,102,118,78,90,168,6329327,4291741,93,129,3177,333,1398,0,90,0,912,7764810,2766,0,474,8,1,4,256,16,4,260,8,2,1,10
6501.32,1625077660383,50.009293245,1,0,0,5,10,4,5,96,2,0,0,0,20,67,6261668,0,28,2,116,16052,2049880,21562,0,1,195881,141853,60567,61466,24170,13801,24254,13732,58,1094,1094,37,43945,20954,21500478,2239,82,425,2825,4466322,4466215,102,118,80,96,172,6261421,4241636,94,131,3165,333,1407,0,93,0,924,7636735,2856,0,466,6,1,4,264,16,4,268,2,2,1,6
6551.33,1625077717373,50.008557759,1,0,0,5,10,4,5,64,2,0,0,0,22,68,6350651,0,27,2,116,9447,2148015,22770,0,1,194129,140142,57766,58675,21644,12758,23672,14079,58,1092,1092,37,40906,18513,22029965,2235,76,425,2819,4453525,4453424,102,117,75,90,168,6350192,4232624,94,127,3141,325,1384,0,90,0,919,7880641,2824,0,474,6,1,4,267,16,4,271,2,2,1,6
6601.34,1625077774218,50.009218291,1,0,0,5,10,4,5,64,2,0,0,0,20,45,6176308,0,25,2,114,9030,1974867,21825,0,1,192671,139389,55862,56721,20700,11401,20773,11464,57,1096,1096,37,37915,17715,20969095,2243,74,428,2819,4449675,4449580,100,116,73,86,164,6176072,4232756,94,125,2996,320,1164,0,86,0,921,7375165,2773,0,442,6,1,4,235,13,4,239,2,2,1,6
6651.35,1625077831227,50.008862208,1,0,0,5,10,4,5,90,2,0,0,0,16,39,6588731,0,37,2,116,8040,2361173,23726,0,1,195641,141591,60271,60699,24404,14186,24341,13890,58,1136,1137,60,43785,21116,23376701,2277,83,425,2827,4482511,4482396,102,118,83,95,174,6588516,4259040,94,134,3212,336,1430,11,96,2,956,8341756,2867,0,481,6,1,4,256,16,4,260,2,2,1,6
6701.36,1625077887800,50.009114250,1,0,0,5,10,4,5,85,2,0,0,0,2,60,6408232,0,27,2,116,10338,2178893,21992,0,1,195150,141175,58590,59467,23846,13825,23926,13701,58,1089,1089,33,42957,20760,22280466,2237,76,424,2825,4480615,4480515,102,117,74,86,164,6408060,4258779,93,125,3161,332,1400,0,86,0,913,7866568,2749,0,452,6,1,4,264,16,4,268,2,2,1,6
6751.37,1625077945028,50.012048283,1,0,0,5,10,4,5,64,2,0,0,0,11,61,6331518,0,29,2,114,16441,2098571,20817,0,1,193090,139582,54469,55299,20549,11303,20599,10866,57,1092,1092,33,37186,17597,21780166,2243,73,425,2819,4479924,4479827,100,115,71,83,160,6331337,4264247,93,123,2995,319,1167,0,84,0,916,7804277,2731,0,450,6,1,4,233,13,4,237,2,2,1,6
6801.38,1625078001996,50.008644188,1,0,0,5,10,4,5,92,2,0,0,0,2,57,6639610,0,27,2,114,11241,2398281,22822,0,1,195435,141559,60081,60385,24037,13737,24026,13574,57,1095,1095,37,43723,20867,23603218,2241,77,423,2825,4498851,4498711,100,116,76,89,168,6639124,4275013,94,127,3168,333,1416,0,90,0,922,8208802,2760,0,448,6,1,4,262,16,4,266,2,2,1,6
6851.39,1625078058732,50.009190331,1,0,0,5,10,4,5,92,2,0,0,0,12,59,6412153,0,27,2,116,10554,2163112,22890,0,1,195501,141581,60064,60904,24033,13104,24085,12976,58,1096,1096,37,43721,20896,22256690,2242,78,428,5385,4501360,4501259,102,118,76,89,168,6412032,4274867,94,127,3167,333,1415,0,89,0,919,7813177,2809,0,485,6,1,4,260,16,4,264,2,2,1,6
6901.4,1625078115562,50.009160961,1,0,0,5,10,4,5,85,2,0,0,0,2,57,6218886,0,37,2,114,17844,2000375,23166,0,1,196534,142303,61306,62086,24384,13836,24444,13669,57,1148,1149,64,44316,21168,21209649,2293,82,426,2827,4476374,4476266,100,116,81,94,174,6218719,4250503,95,132,3232,337,1436,11,94,2,961,7606571,2803,0,476,8,1,4,245,16,4,249,8,2,1,10
6951.41,1625078172937,50.009277895,1,0,0,5,10,4,5,75,2,0,0,0,8,71,6371828,0,29,2,114,19067,2162764,22822,0,1,193627,140070,56232,57013,20880,11405,20939,11181,57,1097,1097,37,38113,17814,22113740,2245,79,426,2818,4458332,4458236,100,116,77,90,168,6371599,4240082,94,129,2996,318,1167,0,91,0,919,7981547,2687,0,462,8,1,4,236,13,4,240,8,2,1,10
7001.42,1625078229941,50.008745289,1,0,0,5,10,4,5,111,2,0,0,0,44,47,6699466,0,29,2,116,20460,2465981,22950,0,1,195471,141514,59052,59383,24002,13516,23999,13228,58,1088,1088,33,43155,20844,24024233,2235,79,426,2825,4488534,4488421,102,118,78,91,168,6699093,4266584,93,129,3157,332,1408,0,91,0,919,8280367,2943,0,499,8,1,4,250,16,4,254,8,2,1,10
7051.43,1625078286790,50.009070755,1,0,0,5,10,4,5,80,2,0,0,0,24,57,6660450,0,25,2,116,24059,2411633,21798,0,1,195432,141443,58611,59493,23868,13636,23936,13732,58,1087,1087,33,42935,20770,23710388,2233,76,425,2825,4504083,4503989,102,116,74,86,164,6660321,4282215,93,125,3157,332,1410,0,86,0,917,8082445,2821,0,491,8,1,4,261,16,4,265,8,2,1,10
7101.44,1625078344040,50.009890031,1,0,0,5,10,4,5,81,2,0,0,0,40,48,6560181,0,34,2,116,14570,2324653,22016,0,1,193635,140037,55455,56163,20795,10966,20818,10866,58,1097,1097,33,37578,17795,23127034,2252,80,428,2820,4484830,4484733,102,117,79,92,168,6560006,4268269,93,131,3010,324,1169,0,92,0,923,8049985,2856,0,494,8,1,4,232,13,4,236,8,2,1,10
7151.45,1625078401085,50.008576422,1,0,0,5,10,4,5,111,2,0,0,0,20,65,6593930,0,36,2,116,23875,2354642,22081,0,1,195626,142016,60833,60715,24036,13340,21792,11118,58,1141,1142,64,42529,20776,23362522,2279,89,430,2827,4495565,4495444,102,117,88,99,179,6593473,4272447,95,139,3066,332,1220,11,101,2,957,7987959,2855,0,466,8,1,4,238,13,4,242,8,2,1,10
7201.46,1625078457633,50.009310794,1,0,0,5,10,4,5,84,2,0,0,0,4,48,6515287,0,32,2,116,9233,2280196,23852,0,1,196280,142125,60502,61389,24201,13989,24268,13764,58,1099,1099,37,43920,20984,22899305,2249,82,425,2825,4490668,4490569,102,118,80,94,172,6515130,4266002,94,131,3176,333,1414,0,93,0,923,8158862,2770,0,462,8,1,4,246,16,4,250,8,2,1,10
7251.47,1625078514683,50.009154065,1,0,0,5,10,4,5,111,2,0,0,0,40,50,6703058,0,43,2,116,15541,2450029,23218,0,1,196520,142350,60409,61245,24201,13929,24267,13858,58,1100,1100,37,43955,21002,23964936,2251,82,427,2824,4510768,4510672,102,118,80,93,172,6702974,4286453,94,131,3186,329,1411,0,93,0,923,8208630,2945,0,495,8,1,4,252,16,4,256,8,2,1,10
7301.48,1625078571692,50.009113455,1,0,0,5,10,4,5,64,2,0,0,0,28,45,6409008,0,27,2,116,28154,2190230,20907,0,1,193470,139885,54432,55352,20536,10957,20631,10772,58,1093,1093,33,37147,17590,22290973,2245,72,427,2819,4468662,4468571,102,118,71,83,160,6408835,4252629,93,123,2996,319,1166,0,85,0,915,7802491,2756,0,425,8,1,4,230,13,4,234,8,2,1,10
7351.49,1625078628531,50.009040577,1,0,0,5,10,4,5,84,2,0,0,0,2,39,6487021,0,37,2,116,12835,2256057,22019,0,1,195396,141394,59130,59823,23980,13860,24040,13574,58,1092,1092,33,43183,20872,22747340,2243,79,424,2825,4486628,4486525,102,117,78,91,168,6486802,4264191,93,129,3173,332,1410,0,91,0,906,7759748,2784,0,458,8,1,4,258,16,4,262,8,2,1,10
7401.5,1625078685038,50.009053569,1,0,0,5,10,4,5,106,2,0,0,0,24,55,6524244,0,25,2,116,9740,2288282,23143,0,1,195232,141305,58742,59647,23877,13858,23959,13512,58,1088,1088,33,42957,20782,22927697,2235,76,428,2826,4489265,4489160,102,118,74,89,164,6524000,4267502,93,125,3159,336,1411,0,86,0,915,8063821,2816,0,462,8,1,4,264,16,4,268,8,2,1,10
7451.51,1625078741663,50.009060696,1,0,0,5,10,4,5,85,2,0,0,0,2,42,6659785,0,33,2,116,13890,2423086,21139,0,1,196162,141949,58141,58988,23656,13699,23742,13575,58,1103,1103,37,42884,20664,23746579,2257,73,425,2825,4488564,4488454,102,117,72,85,159,6659518,4265329,90,122,3184,332,1407,0,84,0,926,8480289,2815,0,450,8,1,4,250,16,4,254,8,2,1,10
7501.52,1625078798138,50.009116705,1,0,0,5,10,4,5,66,2,0,0,0,26,47,6626942,0,27,2,116,13042,2377085,22387,0,1,193804,140214,55920,56789,21650,12062,20768,10992,58,1100,1100,37,38045,18664,23474051,2251,75,427,5379,4502047,4501950,102,117,73,86,164,6626763,4281516,94,125,3004,320,1167,0,86,0,926,8266708,2847,0,452,8,1,4,234,13,4,238,8,2,1,10
7551.53,1625078854856,50.009095891,1,0,0,5,10,4,5,98,2,0,0,0,22,42,6545787,0,33,2,116,19244,2320126,22733,0,1,196499,142306,60447,60917,24198,13899,24229,13481,58,1099,1099,37,44018,20978,23129759,2249,82,427,2824,4483566,4483463,102,118,80,94,172,6545643,4258713,94,131,3171,331,1402,0,95,0,919,8082846,2841,0,452,7,1,4,265,16,4,269,7,2,1,9
7601.54,1625078911794,50.010465734,1,0,0,5,10,4,5,84,2,0,0,0,13,34,6454820,0,29,2,116,6174,2200367,22816,0,1,195918,141750,59078,59832,23981,13641,24040,13418,58,1093,1093,33,43219,20836,22448765,2245,79,426,2825,4510514,4510412,102,118,78,91,168,6454620,4287875,93,129,3170,332,1400,0,90,0,915,8038164,2818,0,478,8,1,4,251,16,4,255,8,2,1,10
7651.55,1625078968664,50.008950102,1,0,0,5,10,4,5,90,2,0,0,0,52,53,6608837,0,27,2,116,7279,2391955,23978,0,1,195402,141455,58606,59235,23866,13891,23861,13670,58,1088,1088,33,42966,20752,23524308,2235,75,430,2825,4469095,4468997,102,118,74,86,164,6608475,4247428,93,125,3156,332,1404,0,87,0,916,8403610,2910,0,474,8,1,4,259,16,4,263,8,2,1,10
7701.56,1625079025901,50.008733580,1,0,0,5,10,4,5,68,2,0,0,0,44,54,6612020,0,43,2,116,6415,2367107,24065,0,1,193293,139790,55600,56186,20879,11688,20875,11716,58,1139,1140,60,37804,17866,23346036,2283,76,428,2821,4494635,4494531,102,118,76,88,166,6611632,4277998,94,128,3053,323,1194,11,88,2,950,8286332,2874,0,474,8,1,4,233,13,4,237,8,2,1,10
7751.57,1625079082765,50.009260390,1,0,0,5,10,4,5,93,2,0,0,0,14,89,6123840,0,28,2,114,12346,1921122,21331,0,1,195832,141792,60062,60902,24033,13924,24074,13670,57,1097,1097,37,43732,20885,20698581,2245,78,424,2825,4455135,4455040,100,116,76,89,168,6123703,4230965,94,127,3169,334,1405,0,89,0,925,7511166,2784,0,480,8,1,4,262,16,4,266,8,2,1,10
7801.58,1625079139388,50.009240388,1,0,0,5,10,4,5,94,2,0,0,0,0,54,6547507,0,33,2,114,9347,2275199,21522,0,1,196576,142327,60999,61846,24330,14249,24396,13670,57,1102,1102,37,44138,21083,22977570,2255,86,425,2825,4522907,4522796,100,116,84,97,176,6547273,4297239,94,135,3185,333,1407,0,97,0,924,8226277,2810,0,472,8,1,4,257,16,4,261,8,2,1,10
7851.59,1625079196298,50.009444794,1,0,0,5,10,4,5,62,2,0,0,0,4,57,6710247,0,25,2,116,13141,2449065,20919,0,1,193455,139743,56522,57522,20846,11278,23458,13480,58,1098,1098,37,39133,17780,23931273,2247,75,424,2819,4508911,4508818,102,118,74,88,167,6709633,4290284,94,126,3071,324,1274,0,89,0,926,8278067,2781,0,477,8,1,4,252,16,4,256,8,2,1,10
7901.6,1625079253032,50.012222132,1,0,0,5,10,4,5,64,2,0,0,0,29,68,6577664,0,31,2,116,9316,2332133,21769,0,1,192809,139386,54328,55168,20527,11115,20581,11055,58,1088,1088,33,37202,17606,23169421,2235,73,429,2818,4492741,4492651,102,118,71,84,160,6577397,4277526,93,123,2990,316,1161,0,84,0,915,8269353,2762,0,450,8,1,4,226,13,4,230,8,2,1,10
7951.61,1625079309816,50.008770181,1,0,0,5,10,4,5,96,2,0,0,0,0,52,6677025,0,35,2,118,14754,2449344,23727,0,1,195336,141350,59786,60393,24209,13895,24185,13638,59,1133,1134,60,43596,21032,23910464,2271,80,424,2827,4483808,4483696,102,118,79,91,170,6676647,4260881,94,130,3204,336,1434,11,91,2,948,8250661,2810,0,469,8,1,4,258,16,4,262,8,2,1,10
8001.62,1625079366532,50.009004769,1,0,0,5,10,4,5,84,2,0,0,0,18,30,6639351,0,27,2,116,11071,2409236,21843,0,1,195924,141762,59084,59907,24027,13577,24073,13544,58,1091,1091,33,43191,20855,23651372,2241,80,426,2825,4486306,4486211,102,117,78,90,168,6639321,4263678,93,129,3165,332,1401,0,90,0,916,8341775,2824,0,480,8,1,4,261,16,4,265,8,2,1,10
8051.63,1625079423261,50.010976224,1,0,0,5,10,4,5,83,2,0,0,0,75,58,6664362,0,37,2,116,9665,2452914,22527,0,1,194186,140302,58654,59972,24431,14746,27112,17071,58,1099,1099,37,41880,21253,23874120,2249,81,427,2821,4466382,4466280,102,117,79,94,172,6664295,4244805,94,131,3160,328,1385,0,93,0,929,8208527,3002,0,509,8,1,4,265,16,4,269,8,2,1,10
8101.64,1625079480145,50.009107873,1,0,0,5,10,4,5,68,2,0,0,0,2,39,6503637,0,27,2,116,8200,2264522,21608,0,1,192944,139564,56348,57162,20844,11783,20890,11338,58,1099,1099,37,38182,17813,22774768,2249,77,424,2819,4487644,4487548,102,117,77,91,168,6503469,4269803,94,129,3002,320,1165,0,91,0,927,7812670,2772,0,461,8,1,4,229,13,4,233,8,2,1,10
8151.65,1625079537175,50.009199836,1,0,0,5,10,4,5,90,2,0,0,0,4,51,6291159,0,37,2,116,18071,2083883,22997,0,1,196516,142315,61052,61946,24290,13587,24372,13574,58,1106,1106,37,44161,21060,21712808,2263,86,426,5385,4465377,4465269,102,118,84,98,176,6290987,4237324,94,135,3193,335,1416,0,98,0,925,7566021,2812,0,487,8,1,4,263,16,4,267,8,2,1,10
8201.66,1625079593979,50.009393245,1,0,0,5,10,4,5,86,2,0,0,0,40,57,6682292,0,25,2,116,10867,2452096,22578,0,1,196314,142191,60437,61398,24154,14337,24264,14047,58,1093,1093,37,43967,20987,23919372,2237,82,430,2824,4485655,4485550,102,118,80,95,172,6682121,4261132,94,131,3163,329,1408,0,93,0,918,8380616,2888,0,503,8,1,4,256,16,4,260,8,2,1,10
8251.67,1625079650708,50.010329572,1,0,0,5,10,4,5,80,2,0,0,0,74,55,6561784,0,35,2,116,7063,2331744,23226,0,1,193385,139872,54864,55717,20709,11527,20781,11400,58,1090,1090,33,37388,17702,23147916,2239,77,428,2819,4477583,4477488,102,118,75,87,164,6561612,4261921,93,127,2996,319,1158,0,87,0,919,8265622,2926,0,485,8,1,4,234,13,4,238,8,2,1,10
8301.68,1625079707288,50.009042667,1,0,0,5,10,4,5,96,2,0,0,0,70,56,6463003,0,29,2,116,12482,2238592,22202,0,1,194991,141436,55932,56502,21693,11712,20842,11338,58,1090,1090,33,38652,18697,22586422,2239,74,428,2824,4474355,4474255,102,118,72,86,160,6462740,4256970,93,123,3010,327,1181,0,84,0,907,7957061,2904,0,485,8,1,4,238,13,4,242,8,2,1,10
8351.69,1625079764020,50.011931391,1,0,0,5,10,4,5,88,2,0,0,0,64,81,6855109,0,27,2,116,13182,2599565,22389,0,1,195364,141457,58791,59506,23887,13701,23938,13480,58,1090,1090,33,43002,20768,24833299,2239,75,426,2826,4509253,4509159,102,118,74,87,164,6854838,4287587,93,125,3167,336,1408,0,87,0,921,8650510,2987,0,500,8,1,4,264,16,4,268,8,2,1,10
8401.7,1625079820934,50.009057880,1,0,0,5,10,4,5,84,2,0,0,0,42,47,6766024,0,35,2,116,8655,2518913,23000,0,1,195988,141958,60582,61474,24197,14243,24278,13763,58,1096,1096,37,43942,20979,24323638,2243,81,426,2825,4502605,4502500,102,118,80,97,172,6765898,4277865,94,131,3172,333,1407,0,94,0,923,8353894,2926,0,506,8,1,4,265,16,4,269,8,2,1,10
8451.71,1625079877847,50.009546648,1,0,0,5,10,4,5,64,2,0,0,0,20,49,6509629,0,27,2,116,7789,2258700,21679,0,1,193289,139828,55937,56793,20723,11433,20764,10803,58,1100,1100,37,37953,17722,22763571,2251,75,429,2819,4499185,4499091,102,117,73,87,164,6509416,4281197,94,125,3004,320,1165,0,87,0,921,7911135,2800,0,461,7,1,4,235,13,4,239,7,2,1,9
8501.72,1625079934560,50.008698924,1,0,0,5,10,4,5,76,2,0,0,0,18,23,6509546,0,43,2,116,5593,2292635,23201,0,1,193777,140200,57462,58098,21221,11317,21237,11432,58,1144,1145,64,38685,18066,22901866,2285,83,426,2820,4469090,4468981,102,118,82,95,174,6509223,4249511,95,134,3050,320,1189,11,95,2,958,8087640,2828,0,471,8,1,4,229,13,4,233,8,2,1,10
8551.73,1625079991689,50.009102970,1,0,0,5,10,4,5,82,2,0,0,0,32,43,6566696,0,26,2,116,23553,2331154,21118,0,1,196239,142003,58658,59655,23877,13543,24027,13543,58,1089,1089,33,42957,20776,23216527,2237,76,428,2825,4491412,4491311,102,118,74,87,164,6566569,4268335,93,125,3159,332,1400,0,86,0,918,8107790,2840,0,481,6,1,4,251,16,4,255,2,2,1,6
8601.74,1625080048868,50.009154018,1,0,0,5,10,4,5,104,2,0,0,0,38,64,6608790,0,33,2,116,12677,2356034,22565,0,1,195226,141250,57982,58944,23851,14556,23965,14487,58,1089,1089,33,42757,20772,23369262,2237,84,425,2825,4507048,4506944,102,118,82,97,167,6608639,4285472,89,132,3162,331,1398,0,93,0,913,8170823,2892,0,498,6,1,4,257,16,4,261,2,2,1,6
8651.75,1625080104967,50.009529443,1,0,0,5,10,4,5,67,2,0,0,0,18,62,6428005,0,29,2,116,14093,2190332,21916,0,1,193362,139761,54532,55367,20562,11681,20605,11558,58,1096,1096,33,37227,17596,22339272,2251,73,426,2820,4482859,4482768,102,118,71,83,160,6427825,4266418,93,123,3006,323,1163,0,83,0,921,7810137,2765,0,464,6,1,4,222,13,4,226,2,2,1,6
8701.76,1625080161690,50.008866513,1,0,0,5,10,4,5,65,2,0,0,0,26,94,6356100,0,30,2,114,17912,2144941,21339,0,1,193572,140042,55883,56519,20703,11308,20726,10929,57,1102,1102,37,37909,17705,21995495,2255,74,430,2819,4461011,4460915,100,116,73,88,164,6355886,4242885,94,125,3012,320,1167,0,88,0,928,7781502,2805,0,444,6,1,4,242,13,4,246,2,2,1,6
8751.77,1625080218954,50.009202202,1,0,0,5,10,4,5,105,2,0,0,0,62,66,6668818,0,43,2,116,18962,2422278,22698,0,1,196141,142132,61740,62580,24563,13966,24644,14141,58,1143,1144,64,44542,21260,23771705,2283,87,427,2827,4503606,4503494,102,117,85,98,178,6668614,4278135,95,136,3222,339,1436,11,98,2,961,8212863,3005,0,491,6,1,4,250,16,4,254,2,2,1,6
8801.78,1625080276150,50.009315386,1,0,0,5,10,4,5,112,2,0,0,0,32,43,6806750,0,33,2,114,11606,2556017,23298,0,1,194899,141152,59967,60798,24058,14206,24111,13890,57,1090,1090,37,43768,20923,24567826,2231,77,423,2824,4506479,4506381,100,115,76,89,168,6806550,4283486,94,127,3165,329,1407,0,89,0,918,8606153,2882,0,462,6,1,4,267,16,4,271,2,2,1,6
8851.79,1625080332787,50.009143623,1,0,0,5,10,4,5,64,2,0,0,0,56,68,6583012,0,28,2,116,11928,2345984,22074,0,1,192320,139081,54357,55184,20532,11491,20588,11432,58,1085,1085,33,37171,17586,23256728,2229,73,425,2819,4481747,4481652,102,118,71,83,160,6582883,4267008,93,123,2981,319,1159,0,83,0,916,8316071,2873,0,442,6,1,4,236,13,4,240,2,2,1,6
8901.8,1625080389942,50.009040972,1,0,0,5,10,4,5,96,2,0,0,0,54,30,6716072,0,25,2,116,6991,2463478,23493,0,1,195795,141723,58605,59357,23852,14582,23915,14236,58,1087,1087,33,42971,20767,24020958,2233,75,427,2825,4506578,4506487,102,118,74,87,164,6715842,4284762,93,125,3155,332,1399,0,87,0,915,8528184,2959,0,472,6,1,4,254,16,4,258,2,2,1,6
8951.81,1625080446653,50.009485904,1,0,0,5,10,4,5,93,2,0,0,0,2,55,6310347,0,33,2,114,16467,2119664,20857,0,1,194990,141071,58710,59578,23856,14330,23910,14016,57,1095,1095,33,42977,20766,21862994,2249,76,424,2826,4441915,4441819,100,116,74,87,164,6310119,4220153,93,125,3179,336,1406,0,87,0,912,7729715,2786,0,440,6,1,4,245,16,4,249,2,2,1,6
9001.82,1625080503273,50.009400024,1,0,0,5,10,4,5,110,2,0,0,0,26,69,6601422,0,36,2,116,14910,2353988,24457,0,1,195417,141579,62292,63217,24691,14003,24784,13826,58,1137,1138,64,44760,21359,23386360,2271,91,424,2828,4505512,4505400,102,118,89,104,182,6601151,4280136,95,140,3208,340,1437,11,103,2,958,8396309,2899,0,484,6,1,4,270,16,4,274,2,2,1,5
9051.84,1625080559912,50.017027985,1,0,0,5,10,4,5,77,2,0,0,0,31,54,6685531,0,28,2,116,12592,2451453,22589,0,1,193741,140181,56351,57297,20853,10963,20927,11149,58,1097,1097,37,38172,17812,23861504,2245,79,426,2819,4483951,4483856,102,118,78,90,168,6685313,4265765,94,129,2999,320,1163,0,90,0,923,8492785,2804,0,459,8,1,4,238,13,4,242,8,2,1,10
9101.85,1625080617296,50.009544075,1,0,0,5,10,4,5,88,2,0,0,0,45,57,6572558,0,28,2,116,8986,2348590,23240,0,1,195506,141645,61747,62572,24461,14783,24548,14204,58,1089,1089,37,44479,21144,23282146,2229,84,424,2824,4482508,4482403,102,117,84,100,179,6572342,4257933,96,136,3153,332,1404,0,98,0,917,7962004,2904,0,484,8,1,4,259,16,4,263,8,2,1,10
9151.86,1625080674294,50.008811368,1,0,0,5,10,4,5,80,2,0,0,0,36,65,6645433,0,27,2,116,16911,2384608,22870,0,1,195468,141455,58544,59142,23808,14172,23819,13921,58,1085,1085,33,42937,20741,23589706,2229,75,425,2824,4512514,4512411,102,117,74,87,164,6645066,4290742,93,125,3152,329,1397,0,87,0,907,8417996,2918,0,468,8,1,4,254,16,4,258,8,2,1,10
9201.87,1625080731131,50.008924596,1,0,0,5,10,4,5,74,2,0,0,0,2,56,6222023,0,37,2,116,14700,2024126,20951,0,1,193541,139573,56317,57230,21338,12123,23453,13607,58,1096,1096,33,40082,18335,21276663,2251,74,424,2819,4446735,4446635,102,117,73,86,164,6221533,4227835,93,125,3160,324,1378,0,85,0,913,7361274,2688,0,445,8,1,4,247,16,4,251,8,2,1,10
9251.88,1625080788221,50.009137678,1,0,0,5,10,4,5,74,2,0,0,0,2,51,6317347,0,27,2,116,10687,2095694,21586,0,1,193229,139652,54560,55356,20522,11684,20576,11150,58,1096,1096,33,37188,17588,21732858,2251,73,429,5380,4473421,4473326,102,118,71,85,160,6317164,4254679,93,123,3008,323,1164,0,85,0,917,7581791,2744,0,440,8,1,4,231,13,4,235,8,2,1,10
9301.89,1625080845154,50.009168217,1,0,0,5,10,4,5,80,2,0,0,0,18,44,6329331,0,33,2,116,13806,2117086,21687,0,1,195945,141828,59467,60308,24070,13608,24129,13512,58,1138,1139,60,43354,20945,21897949,2281,76,427,2828,4466135,4466037,102,118,75,87,166,6329116,4242644,94,126,3208,340,1436,11,87,2,949,7897354,2824,0,448,8,1,4,249,16,4,253,8,2,1,10
9351.9,1625080902378,50.009061411,1,0,0,5,10,4,5,92,2,0,0,0,38,52,6787377,0,27,2,116,12660,2540981,22582,0,1,196479,142316,60070,60886,24013,13986,24079,13828,58,1097,1097,37,43681,20901,24470172,2245,77,427,2825,4502074,4501972,102,118,76,90,168,6787178,4277582,94,127,3171,335,1412,0,89,0,924,8574061,2980,0,484,8,1,4,255,16,4,259,8,2,1,10
9401.91,1625080958928,50.011673959,1,0,0,5,10,4,5,63,2,0,0,0,6,68,6549664,0,27,2,116,8905,2289865,22842,0,1,192858,139510,56037,56912,20699,11212,20769,11151,58,1096,1096,37,37917,17705,22959484,2243,75,423,2819,4509412,4509319,102,118,74,86,164,6549403,4291800,94,125,2996,327,1163,0,86,0,928,8295031,2746,0,441,8,1,4,237,13,4,241,8,2,1,10
9451.92,1625081016002,50.009060758,1,0,0,5,10,4,5,80,2,0,0,0,8,45,6729563,0,29,2,116,12223,2485339,22461,0,1,195434,141762,57321,57815,21849,11877,20939,10646,58,1098,1098,37,39339,18800,24130930,2247,76,426,2823,4494139,4494047,102,116,74,87,164,6729392,4273882,94,125,3017,324,1187,0,88,0,928,8460159,2784,0,445,8,1,4,240,13,4,244,8,2,1,10
9501.93,1625081072235,50.010910196,1,0,0,5,10,4,5,95,2,0,0,0,6,57,6626779,0,27,2,116,7823,2368255,23026,0,1,195171,141209,59060,59978,23989,13704,24050,13544,58,1086,1086,33,43152,20842,23474841,2231,80,427,2825,4510112,4510013,102,118,78,92,168,6626606,4287691,93,129,3153,332,1404,0,90,0,916,8142715,2864,0,480,8,1,4,262,16,4,266,8,2,1,10
9551.94,1625081129144,50.009408929,1,0,0,5,10,4,5,90,2,0,0,0,8,79,6531879,0,33,2,114,10086,2276747,21451,0,1,195785,141659,60059,60887,24351,13744,24409,13545,57,1136,1137,60,43759,21131,22903764,2277,85,425,2827,4506076,4505979,100,116,83,95,174,6531801,4282544,94,134,3211,329,1434,11,96,2,954,8142214,2917,0,471,8,1,4,256,16,4,260,8,2,1,10
9601.95,1625081185828,50.009118072,1,0,0,5,10,4,5,66,2,0,0,0,42,33,6710268,0,31,2,114,12381,2477599,21932,0,1,193339,139804,54537,55440,20567,11838,20612,11592,57,1091,1091,33,37205,17606,24029046,2241,72,428,2820,4481943,4481848,100,116,71,83,160,6710099,4266367,93,123,2998,326,1169,0,83,0,922,8481301,2855,0,464,7,1,4,228,13,4,232,7,2,1,9
9651.96,1625081242979,50.008665664,1,0,0,5,10,4,5,106,2,0,0,0,30,46,6653357,0,39,2,116,6931,2392369,22645,0,1,195406,141830,58666,58857,23029,12707,21339,11024,58,1103,1103,37,39789,19806,23570048,2257,87,427,2824,4513695,4513570,102,118,86,98,176,6652924,4293169,94,137,3035,328,1196,0,99,0,922,8085925,2860,0,459,8,1,4,237,13,4,241,8,2,1,10
9701.97,1625081299714,50.010935857,1,0,0,5,10,4,5,80,2,0,0,0,37,35,6300174,0,25,2,114,7715,2104124,23096,0,1,196598,142376,60078,60458,24025,13864,24040,13670,57,1101,1101,37,43751,20862,21757753,2253,77,428,2825,4454266,4454165,100,116,76,90,168,6299538,4229890,94,127,3178,333,1406,0,90,0,922,7620219,2913,0,490,8,1,4,254,16,4,258,8,2,1,10
9751.98,1625081356693,50.010122093,1,0,0,5,10,4,5,90,2,0,0,0,21,40,6692551,0,26,2,114,11141,2429658,21708,0,1,195343,141467,59922,60595,24019,13704,24049,13481,57,1092,1092,37,43763,20881,23853618,2234,76,428,2824,4516345,4516226,100,116,76,90,168,6692193,4292934,94,127,3153,330,1409,0,89,0,922,8204246,2861,0,468,8,1,4,255,16,4,259,8,2,1,10
9801.99,1625081413544,50.009133567,1,0,0,5,10,4,5,70,2,0,0,0,10,34,6276387,0,33,2,116,27182,2050416,21752,0,1,193620,139966,55561,56407,20866,11248,20933,11119,58,1139,1140,60,37823,17854,21498008,2283,78,427,2820,4476083,4475978,102,118,76,89,165,6276130,4258686,94,128,3046,320,1191,11,89,2,952,7773033,2803,0,451,8,1,4,241,13,4,245,8,2,1,10
9852,1625081470795,50.009259414,1,0,0,5,10,4,5,80,2,0,0,0,18,56,6514246,0,29,2,116,15668,2296767,21320,0,1,195912,141755,58619,59563,23880,13703,23961,13670,58,1094,1094,33,43017,20780,22963916,2247,76,426,2825,4472672,4472579,102,118,74,89,164,6514068,4250405,93,125,3167,332,1404,0,87,0,919,8242920,2838,0,483,8,1,4,253,16,4,257,8,2,1,10
9902.01,1625081527295,50.008703733,1,0,0,5,10,4,5,94,2,0,0,0,22,61,6287792,0,35,2,116,17633,2092038,22002,0,1,195290,141343,59195,59855,24006,13674,24005,13544,58,1093,1093,33,43199,20857,21711863,2245,79,425,5386,4452168,4452062,102,118,78,90,168,6287406,4227322,93,129,3177,336,1413,0,90,0,916,7853330,2811,0,474,8,1,4,243,16,4,247,8,2,1,10
9952.02,1625081584283,50.008869322,1,0,0,5,10,4,5,65,2,0,0,0,2,38,6709529,0,30,2,116,10619,2478112,22926,0,1,193928,140002,57820,58783,21559,11657,23627,13387,58,1095,1095,37,40921,18494,24048260,2241,76,424,2820,4485092,4484998,102,118,75,90,168,6709262,4264311,94,127,3147,330,1394,0,89,0,930,8409743,2783,0,475,8,1,4,257,16,4,261,8,2,1,10
10002,1625081640955,50.008795140,1,0,0,5,10,4,5,70,2,0,0,0,4,56,6338361,0,27,2,116,6706,2123493,22037,0,1,193475,139966,56307,56946,20833,11090,20823,10961,58,1099,1099,37,38167,17782,21875591,2249,77,425,2819,4466097,4465993,102,119,77,90,168,6338013,4248044,94,129,3002,320,1172,0,90,0,918,7591403,2714,0,456,8,1,4,237,13,4,241,8,2,1,10
10052,1625081698031,50.012039911,1,0,0,5,10,4,5,96,2,0,0,0,1,64,6135480,0,25,2,116,16861,1939913,25025,0,1,196047,141931,60469,61280,24160,13236,24232,13229,58,1097,1097,37,43934,20974,20830859,2245,82,428,2824,4448347,4448243,102,118,80,94,172,6135179,4223707,94,131,3171,329,1406,0,94,0,919,7337647,2792,0,478,8,1,4,250,16,4,254,8,2,1,10
10102,1625081754878,50.011752492,1,0,0,5,10,4,5,100,2,0,0,0,13,49,6410241,0,31,2,116,12030,2196824,23205,0,1,194621,140847,59204,60012,24077,13608,24130,13355,58,1130,1131,60,43370,20962,22363127,2265,77,423,2826,4466360,4466262,102,118,75,88,166,6409978,4244454,94,126,3190,333,1433,11,87,2,944,8014912,2804,0,480,8,1,4,260,16,4,264,8,2,1,10
10152,1625081811758,50.008997037,1,0,0,5,10,4,5,74,2,0,0,0,32,64,6431093,0,27,2,116,12138,2218257,20473,0,1,193337,139773,54400,55180,20565,11272,20611,10930,58,1091,1091,33,37170,17615,22459864,2241,73,426,2819,4456785,4456688,102,118,71,83,160,6430893,4240831,93,123,2994,319,1162,0,83,0,919,7968161,2818,0,466,8,1,4,231,13,4,235,8,2,1,10
10202,1625081868604,50.008683546,1,0,0,5,10,4,5,80,2,0,0,0,0,56,6501638,0,27,2,116,9264,2292971,22339,0,1,195231,141262,58778,59409,23882,13606,23921,13575,58,1092,1092,33,42990,20786,22924186,2243,74,423,2826,4461993,4461895,102,118,74,86,164,6501259,4239876,93,125,3169,336,1410,0,86,0,915,7800360,2771,0,464,8,1,4,254,16,4,258,8,2,1,10
10252,1625081925307,50.009363648,1,0,0,5,10,4,5,84,2,0,0,0,56,69,6556746,0,30,2,116,11726,2307454,22221,0,1,196428,142240,60263,61191,24169,13488,24242,13354,58,1095,1095,35,43822,20999,23092995,2245,81,427,2826,4504671,4504561,102,118,80,94,171,6556557,4280694,94,131,3171,339,1405,0,94,0,919,7917459,2941,0,498,8,1,4,267,16,4,271,8,2,1,10
10302,1625081982477,50.009197070,1,0,0,5,10,4,5,91,2,0,0,0,56,47,6766506,0,27,2,116,14071,2515896,22435,0,1,196670,142482,60594,61395,24184,14147,24228,13796,58,1098,1098,37,43953,20984,24355596,2247,81,432,2825,4506136,4506034,102,118,80,93,172,6766340,4281170,94,131,3172,333,1408,0,93,0,917,8264284,2934,0,497,8,1,4,266,16,4,270,8,2,1,10
10352,1625082039638,50.009264720,1,0,0,5,10,4,5,99,2,0,0,0,56,77,6431463,0,41,2,116,8939,2204032,21396,0,1,193630,140094,55439,56322,20785,11156,20848,11056,58,1142,1143,64,37838,17813,22384954,2281,80,428,5380,4476568,4476471,102,118,78,91,165,6431324,4256425,91,129,3041,319,1187,11,91,2,956,8100015,2938,0,470,8,1,4,218,13,4,222,8,2,1,10
10402,1625082096928,50.009164504,1,0,0,5,10,4,5,80,2,0,0,0,36,46,6468938,0,30,2,116,11971,2260531,21714,0,1,195019,141260,60027,60943,24057,13483,24108,13292,58,1090,1090,37,43732,20908,22713981,2231,78,423,2824,4462741,4462642,102,118,76,91,168,6468718,4239730,94,127,3153,330,1405,0,90,0,921,8037881,2866,0,484,8,1,4,260,16,4,264,8,2,1,10
10452,1625082154108,50.009116715,1,0,0,5,10,4,5,91,2,0,0,0,42,47,6604132,0,25,2,116,6107,2358102,22696,0,1,195930,141812,58519,59383,23804,13448,23865,13261,58,1086,1086,33,42960,20749,23376007,2231,76,427,2824,4499852,4499753,102,118,74,87,164,6604004,4277859,93,125,3153,329,1405,0,86,0,912,8121894,2926,0,486,8,1,4,257,16,4,261,8,2,1,10
10502,1625082211048,50.008668104,1,0,0,5,10,4,5,104,2,0,0,0,4,71,6408242,0,25,2,116,13973,2187096,22923,0,1,192803,139356,54390,54941,20500,10580,20517,10520,58,1090,1090,33,37116,17553,22270543,2239,72,425,2819,4466042,4465936,102,118,71,84,160,6407768,4250547,93,123,2988,319,1166,0,84,0,913,8033502,2714,0,434,8,1,4,241,13,4,245,8,2,1,10
10552,1625082268419,50.009092826,1,0,0,35,45,4,9,236,3,0,0,0,26,64,6631857,0,29,37,122,23573,2392083,21560,2,1,195300,141710,62876,62564,26082,15006,22113,11088,61,1094,1094,33,46101,22647,23613413,2245,89,430,5390,4497385,4497275,108,124,87,95,174,6631644,4271691,100,135,3031,334,1209,0,99,0,916,8422667,2840,0,451,8,1,4,237,14,4,241,8,2,1,10
10602,1625082324897,50.009746046,1,0,0,5,11,4,6,96,2,0,0,0,14,52,6728408,0,33,2,120,13469,2467936,22865,0,1,195850,141872,61373,62173,24417,13429,24469,13072,60,1142,1143,64,44335,21158,24040419,2281,82,425,2828,4518197,4518095,102,118,81,95,174,6728249,4292761,95,132,3217,340,1449,11,95,2,959,8426470,2871,0,467,7,1,5,254,15,3,257,7,3,2,9
10652,1625082381971,50.012460073,1,0,0,5,10,4,5,93,2,0,0,0,16,63,6454036,0,28,2,114,15697,2224614,22967,0,1,195879,141781,58061,58947,23640,13572,23689,13167,57,1100,1100,37,42833,20632,22555657,2251,74,425,2825,4483218,4483128,100,116,73,85,159,6453802,4260509,90,122,3175,332,1413,0,84,0,927,8067365,2818,0,451,8,1,4,249,16,4,253,8,2,1,10
10702,1625082438657,50.011966507,1,0,0,5,10,4,5,74,2,0,0,0,5,52,6491403,0,27,2,114,8451,2265944,22633,0,1,193677,140091,55761,56571,20667,10773,20727,10772,57,1098,1098,37,37951,17723,22747139,2247,75,426,2818,4475315,4475218,100,116,73,86,164,6491175,4257610,94,125,2998,316,1168,0,87,0,923,8184872,2800,0,454,8,1,4,229,13,4,233,8,2,1,10
10752,1625082495700,50.009112674,1,0,0,5,10,4,5,109,2,0,0,0,20,70,6687005,0,27,2,116,19766,2436587,22078,0,1,193951,140652,56910,57382,22563,12536,20904,10772,58,1085,1085,33,39635,19567,23868561,2229,77,423,2824,4496466,4496345,102,118,76,88,164,6686734,4278490,93,127,2998,324,1186,0,88,0,918,8215786,2778,0,444,8,1,4,239,13,4,243,8,2,1,10
10802,1625082551837,50.009347015,1,0,0,5,10,4,5,86,2,0,0,0,18,38,6601697,0,29,2,114,4076,2375714,22781,0,1,195996,141815,59124,60005,23988,13546,24044,13229,57,1089,1089,33,43195,20883,23436174,2237,80,430,2825,4480819,4480721,100,116,78,90,168,6601465,4258203,93,129,3161,332,1398,0,90,0,912,8135125,2857,0,478,8,1,4,265,16,4,269,8,2,1,10
10852,1625082608624,50.008689714,1,0,0,5,10,4,5,104,2,0,0,0,30,33,6566619,0,29,2,116,8683,2360306,24003,0,1,196146,141966,59730,60189,24159,13741,24185,13576,58,1090,1090,33,43374,20955,23297148,2239,83,427,2826,4463033,4462915,102,118,82,95,172,6566201,4239828,93,133,3172,336,1408,0,94,0,910,8100050,2869,0,484,8,1,4,262,16,4,266,8,2,1,10
10902,1625082665279,50.009648613,1,0,0,5,10,4,5,79,2,0,0,0,42,48,6283229,0,27,2,116,4382,2088496,22929,0,1,194481,140417,57069,58433,20936,10835,23526,13450,58,1098,1098,37,39299,17878,21614921,2247,76,427,2820,4450182,4450087,102,117,74,88,167,6283122,4229659,94,126,3156,328,1385,0,87,0,920,7767296,2897,0,494,8,1,4,263,16,4,267,8,2,1,10
10952,1625082721217,50.009136952,1,0,0,5,10,4,5,67,2,0,0,0,36,60,6671667,0,27,2,116,15931,2423723,21657,0,1,192946,139599,55786,56603,20702,11748,20782,11056,58,1090,1090,37,37916,17724,23755586,2231,75,424,2818,4497904,4497805,102,118,73,87,164,6671497,4280694,94,125,2981,316,1161,0,87,0,923,8282407,2843,0,472,8,1,4,229,13,4,233,8,2,1,10
11002,1625082777972,50.009179132,1,0,0,5,10,4,5,78,2,0,0,0,10,41,6433289,0,28,2,116,6191,2185204,22916,0,1,196133,141996,59980,60840,24033,13829,24085,13544,58,1098,1098,37,43697,20875,22354910,2247,78,425,5384,4508100,4507999,102,118,76,90,168,6433067,4281357,94,127,3171,329,1403,0,89,0,923,7861702,2830,0,478,8,1,4,249,16,4,253,8,2,1,10
11052,1625082834668,50.009076162,1,0,0,5,10,4,5,86,2,0,0,0,48,46,6849536,0,27,2,116,11413,2586649,22982,0,1,194661,140911,58967,59545,23969,14019,23969,13733,58,1082,1082,33,43170,20850,24766030,2223,79,424,2824,4516407,4516299,102,117,78,91,168,6849154,4295445,93,129,3144,329,1399,0,91,0,907,8550763,2958,0,504,7,1,4,263,16,4,267,7,2,1,9
11102,1625082891968,50.009029079,1,0,0,5,10,4,5,83,2,0,0,0,32,39,6558582,0,28,2,116,9206,2331157,21989,0,1,194235,140172,57419,58269,22712,12380,23811,13040,58,1089,1089,33,41534,19600,23172244,2237,78,431,2819,4479893,4479783,102,118,77,90,168,6558164,4259758,93,129,3148,325,1391,0,89,0,915,8175438,2828,0,483,8,1,4,255,15,4,259,8,2,1,10
11152,1625082948643,50.009195286,1,0,0,5,10,4,5,64,2,0,0,0,66,64,6650869,0,33,2,116,9568,2422565,22846,0,1,192654,139374,55228,56133,20756,11718,20881,11463,58,1131,1132,60,37597,17787,23700933,2267,72,427,2822,4475002,4474912,102,118,72,85,162,6650642,4259400,94,124,3028,329,1192,11,85,2,956,8420148,2998,0,493,7,1,4,243,13,4,247,7,2,1,9
11202,1625083005140,50.009156664,1,0,0,5,10,4,5,117,2,0,0,0,36,71,6611207,0,36,2,116,11558,2358662,24270,0,1,195625,141710,60127,60882,24041,13327,24086,13355,58,1096,1096,37,43729,20874,23405128,2243,77,425,2826,4506911,4506809,102,118,76,89,168,6611051,4283115,94,127,3177,336,1412,0,89,0,928,8167536,2924,0,476,8,1,4,250,16,4,254,8,2,1,10
11252,1625083062256,50.009318390,1,0,0,5,10,4,5,80,2,0,0,0,34,55,6496026,0,29,2,116,4037,2236106,22305,0,1,196370,142226,60078,60950,24012,13767,24083,13575,58,1103,1103,37,43740,20875,22646369,2257,78,427,2825,4512378,4512285,102,118,76,92,168,6495874,4287903,94,127,3185,333,1413,0,90,0,921,7825288,2915,0,485,8,1,4,258,16,4,262,8,2,1,10
11302,1625083119499,50.010584426,1,0,0,5,10,4,5,88,2,0,0,0,33,54,6589947,0,36,2,116,7695,2339209,22619,0,1,194122,140178,58871,59746,22476,12641,24095,13858,58,1098,1098,37,41965,19312,23260311,2247,84,425,2818,4504184,4504075,102,118,83,98,176,6589551,4282530,94,135,3156,321,1381,0,97,0,919,8065343,2905,0,494,8,1,4,253,16,4,257,8,2,1,10
11352,1625083176189,50.009237260,1,0,0,5,10,4,5,91,2,0,0,0,38,68,6525306,0,27,2,116,16456,2288005,21492,0,1,191776,138739,56122,56104,20886,11499,20739,10930,58,1086,1086,35,37940,17839,22918272,2227,78,427,2818,4484496,4484396,102,118,76,83,166,6525131,4268661,93,126,2980,318,1162,0,89,0,915,7996808,2760,0,453,8,1,4,233,13,4,237,8,2,1,10
11402,1625083232966,50.012092612,1,0,0,5,10,4,5,86,2,0,0,0,50,51,6575081,0,33,2,116,7001,2329636,23255,0,1,195458,141526,59942,60854,24200,13644,24275,13323,58,1132,1133,60,43572,21055,23212677,2269,81,427,2827,4501990,4501891,102,118,80,92,170,6574806,4279142,94,130,3202,336,1430,11,92,2,945,8303731,2960,0,489,8,1,4,266,16,4,270,8,2,1,10
11452,1625083289852,50.008757159,1,0,0,5,10,4,5,116,2,0,0,0,10,49,6600437,0,27,2,116,17036,2359667,23436,0,1,193170,139827,58793,59434,23861,13386,23847,13135,58,1078,1078,33,42939,20752,23384607,2215,75,420,5386,4493996,4493896,102,118,74,86,164,6600039,4271138,93,125,3141,336,1409,0,86,0,908,8282502,2792,0,463,8,1,4,256,16,4,260,8,2,1,10
11502,1625083346477,50.009191457,1,0,0,5,10,4,5,86,2,0,0,0,32,34,6728436,0,27,2,116,13693,2483416,21082,0,1,194852,141055,59272,60205,24016,13421,24098,12883,58,1086,1086,33,43202,20850,24139430,2231,80,424,2826,4500084,4499984,102,118,78,93,168,6728268,4278140,93,129,3157,336,1406,0,90,0,920,8254310,2841,0,475,8,1,4,254,16,4,258,8,2,1,10
11552,1625083403260,50.009115668,1,0,0,5,10,4,5,78,2,0,0,0,32,49,6463641,0,25,2,116,14340,2264181,21910,0,1,193865,140273,56020,56864,20739,11117,20817,10771,58,1098,1098,37,37942,17733,22691899,2247,75,427,2819,4450387,4450295,102,118,73,86,164,6463487,4232143,94,125,2999,320,1165,0,86,0,926,7956823,2791,0,462,8,1,4,224,13,4,228,8,2,1,10
11602,1625083459862,50.009418750,1,0,0,5,10,4,5,80,2,0,0,0,64,48,6541172,0,25,2,116,14537,2308552,23952,0,1,195575,141708,60113,60935,24088,14082,24154,13575,58,1091,1091,37,43736,20909,23069220,2233,78,430,2824,4490441,4490345,102,118,76,90,168,6540976,4266896,94,127,3154,329,1402,0,90,0,919,8239723,2930,0,491,8,1,4,269,16,4,273,8,2,1,10
11652,1625083516681,50.009172434,1,0,0,5,10,4,5,91,2,0,0,0,22,50,6825651,0,27,2,116,9464,2555673,22025,0,1,195929,141908,60556,61353,24159,12952,24203,12882,58,1093,1093,37,43878,20989,24610844,2237,82,425,2824,4527023,4526921,102,118,80,93,172,6825478,4302541,94,131,3164,329,1409,0,93,0,917,8448027,2868,0,481,8,1,4,252,16,4,256,8,2,1,10
11702,1625083573936,50.008788753,1,0,0,5,10,4,5,64,2,0,0,0,44,43,6418487,0,28,2,116,11270,2201506,22475,0,1,193106,139604,54428,55114,20514,11021,20515,10677,58,1089,1089,33,37170,17589,22341851,2237,72,426,2818,4466839,4466739,102,118,71,84,160,6418059,4251333,93,123,2991,316,1156,0,84,0,915,8066258,2944,0,485,8,1,4,227,13,4,231,8,2,1,10
11752,1625083630373,50.011371903,1,0,0,5,10,4,5,78,2,0,0,0,14,83,6578161,0,30,2,116,14416,2351174,21974,0,1,192032,138846,55094,55808,20693,11621,20754,11086,58,1086,1086,33,37398,17700,23283341,2231,76,423,2820,4473020,4472923,102,118,75,87,164,6577903,4257530,93,127,2983,326,1160,0,87,0,914,8176541,2813,0,452,8,1,4,231,13,4,235,8,2,1,10
11802,1625083686967,50.009201500,1,0,0,5,10,4,5,80,2,0,0,0,10,54,6449294,0,27,2,116,15275,2218600,21948,0,1,195995,141814,58886,59773,24807,14711,23926,13166,58,1093,1093,33,43031,21697,22525302,2245,75,426,2826,4486140,4486046,102,118,74,88,164,6449092,4263323,93,125,3173,336,1408,0,87,0,923,7874431,2903,0,496,8,1,4,245,16,4,249,8,2,1,10
11852,1625083743881,50.008871641,1,0,0,5,10,4,5,86,2,0,0,0,84,40,6844591,0,27,2,116,8779,2597633,23008,0,1,197038,142809,60783,61420,24196,14025,24251,13890,58,1100,1100,37,43992,20984,24823298,2249,81,430,2826,4504872,4504761,102,118,80,94,172,6844195,4279817,94,131,3174,336,1408,0,94,0,928,8581823,3159,0,506,4,1,4,256,16,4,260,2,2,1,4
11902,1625083800698,50.011954548,1,0,0,5,10,4,5,68,2,0,0,0,10,62,6521257,0,28,2,116,25784,2283781,21398,0,1,194019,140346,56408,57328,20870,10997,20934,10678,58,1101,1101,37,38235,17825,22921786,2253,79,431,5378,4492204,4492108,102,118,78,90,167,6521056,4270827,94,129,3013,316,1169,0,90,0,922,8250807,2832,0,456,6,1,4,248,13,4,252,2,2,1,6
11952,1625083857276,50.009238122,1,0,0,5,10,4,5,79,2,0,0,0,28,65,6615101,0,31,2,116,25187,2368843,22287,0,1,192612,139388,56635,57505,20954,10996,21024,10835,58,1134,1135,64,38316,17896,23407931,2265,76,425,2820,4496984,4496888,102,117,74,89,166,6614917,4279257,95,126,3019,320,1188,11,88,2,964,8324759,2889,0,471,8,1,4,238,13,4,242,8,2,1,10
12002,1625083913733,50.008789146,1,0,0,5,10,4,5,82,2,0,0,0,46,45,6647229,0,39,2,116,13247,2396752,21876,0,1,196171,141970,58662,59284,23899,13575,23880,13449,58,1087,1087,33,42986,20774,23617026,2237,75,428,2824,4504999,4504899,102,118,74,86,164,6646878,4282686,93,125,3173,329,1406,0,86,0,915,8341174,2945,0,490,8,1,4,252,16,4,256,8,2,1,10
12052,1625083970643,50.008765939,1,0,0,5,10,4,5,82,2,0,0,0,30,42,6672723,0,27,2,116,8558,2422195,22114,0,1,195689,141625,58842,59464,23878,13890,23888,13576,58,1092,1092,33,42975,20786,23742097,2243,74,426,2826,4505512,4505413,102,118,74,87,164,6672392,4283311,93,125,3168,336,1404,0,86,0,923,8333271,2927,0,488,8,1,4,241,16,4,245,8,2,1,10
12102,1625084027118,50.012220322,1,0,0,5,10,4,5,64,2,0,0,0,45,52,6485602,0,27,2,116,7008,2276488,22050,0,1,193866,139918,57046,58234,22414,13102,23784,13764,58,1092,1092,33,41192,19326,22789536,2243,75,426,2820,4462836,4462732,102,119,73,86,164,6485505,4243294,93,125,3151,328,1383,0,86,0,920,8187200,2919,0,487,8,1,4,258,16,4,262,8,2,1,10
12152,1625084084121,50.009454862,1,0,0,5,10,4,5,64,2,0,0,0,0,80,6413365,0,27,2,116,13327,2189338,21273,0,1,193841,140237,56138,57077,20722,11589,20862,11307,58,1102,1102,37,37938,17716,22306478,2255,75,430,2820,4474114,4474019,102,118,73,87,164,6413163,4255537,94,125,3010,323,1172,0,86,0,919,7935700,2763,0,439,8,1,4,232,13,4,236,8,2,1,10
12202,1625084141309,50.008628101,1,0,0,5,10,4,5,98,2,0,0,0,22,53,6494472,0,39,2,116,22189,2255586,22053,0,1,194052,140569,60210,61216,24281,14783,24341,14205,58,1133,1134,64,43867,21066,22761375,2263,85,421,2826,4493408,4493290,102,118,85,102,173,6494063,4270613,91,135,3192,332,1438,11,97,2,950,8128904,2941,0,487,8,1,4,244,16,4,248,8,2,1,10
12252,1625084198304,50.015586408,1,0,0,5,10,4,5,101,2,0,0,0,10,82,6290187,0,32,2,116,8230,2106932,21881,0,1,196692,142459,62015,62870,24447,13808,24502,13670,58,1099,1099,37,44544,21142,21749492,2249,86,426,2824,4441307,4441202,102,118,85,98,179,6289912,4215097,96,136,3178,331,1408,0,100,0,925,7701862,2825,0,465,8,1,4,267,16,4,271,8,2,1,10
12302,1625084254733,50.009221289,1,0,0,5,10,4,5,64,2,0,0,0,26,59,6382924,0,25,2,116,9608,2165276,21103,0,1,193397,139812,54515,55436,20512,11367,20596,10993,58,1090,1090,33,37192,17559,22128547,2239,72,427,2818,4463839,4463746,102,118,71,85,160,6382789,4247874,93,123,2987,316,1156,0,83,0,920,7988816,2794,0,457,8,1,4,221,13,4,225,8,2,1,10
12352,1625084311330,50.009410195,1,0,0,5,10,4,5,64,2,0,0,0,22,40,6616110,0,25,2,116,23969,2344562,21534,0,1,193500,139905,54728,55601,20562,11493,20613,11402,58,1096,1096,33,37217,17615,23345292,2251,73,427,2820,4519466,4519375,102,118,71,83,160,6615978,4303016,93,123,3006,323,1161,0,83,0,919,8368267,2784,0,425,8,1,4,240,13,4,244,8,2,1,10
12402,1625084367808,50.009320493,1,0,0,5,10,4,5,92,2,0,0,0,16,83,6338290,0,28,2,114,7251,2137407,22445,0,1,196118,141957,59414,60328,26056,15723,27069,16316,57,1094,1094,33,43276,22903,21961029,2247,80,430,2827,4456542,4456444,100,116,78,93,168,6338089,4232960,93,129,3171,337,1411,0,91,0,917,7728522,2867,0,482,7,1,4,259,16,4,263,7,2,1,9
12452,1625084424754,50.009140728,1,0,0,5,10,4,5,86,2,0,0,0,34,62,6750931,0,33,2,116,25041,2502696,22482,0,1,195690,141810,61507,62312,24430,13804,24500,13575,58,1140,1141,64,44325,21157,24233293,2277,81,425,2828,4505955,4505851,102,117,81,95,174,6750717,4280863,95,132,3215,340,1446,11,94,2,954,8262223,3008,0,507,8,1,4,269,16,4,273,8,2,1,10
12502,1625084481944,50.009807744,1,0,0,5,10,4,5,64,2,0,0,0,12,78,6438115,0,27,2,116,7191,2246241,22262,0,1,194239,140430,58152,59849,21198,11471,24174,13701,58,1094,1094,37,39846,18054,22563034,2239,80,426,2843,4445143,4445043,102,118,78,97,174,6437993,4224868,97,132,3003,319,1179,0,94,0,926,8072422,2820,0,458,8,1,4,263,16,4,267,8,2,1,10
12552,1625084538379,50.008999960,1,0,0,5,10,4,5,64,2,0,0,0,70,42,6881004,0,27,2,116,9950,2622514,22833,0,1,193992,140422,55903,56635,20753,12157,20800,11874,58,1095,1095,37,37939,17735,24955486,2241,74,429,5378,4509514,4509414,102,117,73,86,164,6880849,4289233,94,125,2991,316,1160,0,87,0,924,8570128,3004,0,495,8,1,4,218,13,4,222,8,2,1,10
12602,1625084595484,50.008666277,1,0,0,5,10,4,5,87,2,0,0,0,24,63,6687539,0,27,2,116,12434,2442398,21911,0,1,194959,141084,58634,59287,23866,14234,23878,14110,58,1082,1082,33,42927,20778,23865715,2223,75,424,2824,4500166,4500066,102,118,74,86,164,6687151,4278646,93,125,3144,329,1395,0,86,0,908,8441993,2856,0,480,8,1,4,246,16,4,250,8,2,1,10
12652,1625084652008,50.008798198,1,0,0,5,10,4,5,80,2,0,0,0,58,48,6479854,0,27,2,114,12282,2262214,21894,0,1,196385,142184,58903,59538,23853,14048,23851,13733,57,1094,1094,33,42939,20742,22736438,2247,75,433,2826,4474080,4473980,100,116,74,86,164,6479538,4251391,93,125,3173,336,1404,0,87,0,919,8097741,2978,0,503,8,1,4,249,16,4,253,8,2,1,10
12702,1625084708862,50.011942606,1,0,0,5,10,4,5,83,2,0,0,0,22,72,6274908,0,25,2,114,20533,2063415,21768,0,1,193343,139526,57087,58355,21802,12475,23804,14299,57,1088,1088,33,40617,18689,21547699,2235,79,424,2820,4459168,4459068,100,116,77,90,168,6274742,4239961,93,129,3147,328,1387,0,90,0,915,7651482,2844,0,474,8,1,4,265,16,4,269,8,2,1,10
12752,1625084765402,50.012151452,1,0,0,5,10,4,5,64,2,0,0,0,14,45,6430141,0,33,2,116,9232,2182882,21103,0,1,193762,140148,54873,55770,20557,11367,20601,11055,58,1147,1148,64,37456,17660,22295874,2291,71,427,2822,4496374,4496282,102,118,71,82,157,6429893,4278537,91,121,3049,326,1197,11,82,2,964,7989765,2801,0,455,8,1,4,249,13,4,253,8,2,1,10
12802,1625084822306,50.008780821,1,0,0,5,10,4,5,82,2,0,0,0,52,60,6553068,0,40,2,116,20379,2311304,22629,0,1,196659,142473,60184,60859,24059,13988,24086,13638,58,1097,1097,37,43702,20895,23110495,2245,78,428,2824,4497829,4497726,102,118,76,92,168,6552666,4273502,94,127,3180,329,1406,0,89,0,926,8122531,2999,0,500,4,1,4,244,16,4,248,2,2,1,4
12852,1625084878995,50.011731970,1,0,0,5,10,4,5,86,2,0,0,0,38,67,6306623,0,27,2,116,18289,2082420,21997,0,1,196549,142372,60631,61450,24204,14055,24258,14048,58,1095,1095,37,43928,20992,21696075,2241,82,426,2824,4482230,4482131,102,118,80,93,172,6306388,4257070,94,131,3162,329,1405,0,93,0,923,7735245,2868,0,491,6,1,4,264,16,4,268,2,2,1,6
12902,1625084936349,50.009792116,1,0,0,5,10,4,5,64,2,0,0,0,4,48,6586841,0,27,2,116,3574,2347409,21348,0,1,194407,140224,57004,58296,22522,12880,23776,13386,58,1091,1091,33,41306,19458,23264084,2241,75,426,2818,4492121,4492024,102,118,73,89,164,6586771,4271616,93,125,3146,322,1377,0,85,0,913,7977583,2785,0,464,6,1,4,241,16,4,245,2,2,1,6
12952,1625084993053,50.009225480,1,0,0,5,10,4,5,77,2,0,0,0,0,45,6387451,0,28,2,116,4787,2180844,20423,0,1,193888,140156,55636,56646,20834,11124,20947,11181,58,1099,1099,33,37616,17792,22187467,2257,81,430,2820,4456309,4456162,102,118,79,92,168,6387230,4238899,93,131,3018,323,1167,0,91,0,917,8080137,2774,0,445,6,1,4,234,13,4,238,2,2,1,6
13002,1625085049661,50.008833529,1,0,0,5,10,4,5,108,2,0,0,0,0,47,6470282,0,34,2,116,9246,2274846,22505,0,1,196390,142108,59574,60287,24080,13453,24084,13229,58,1142,1143,60,43329,20959,22741746,2289,76,428,5388,4455621,4455529,102,117,75,87,166,6470083,4229139,94,126,3223,340,1431,11,87,2,966,8033277,2816,0,457,6,1,4,265,16,4,269,2,2,1,6
13052,1625085107186,50.009228320,1,0,0,5,10,4,5,84,2,0,0,0,62,56,6583540,0,27,2,116,28240,2370535,22543,0,1,196300,142230,60291,61117,24054,13737,24103,13544,58,1098,1098,37,43714,20901,23420920,2246,78,427,2826,4472110,4472011,102,119,76,90,168,6583323,4247744,94,127,3176,336,1409,0,90,0,932,8344550,2975,0,481,6,1,4,260,16,4,264,2,2,1,6
13102,1625085164202,50.010397449,1,0,0,5,10,4,5,68,2,0,0,0,0,58,6314333,0,30,2,116,26342,2059301,21349,0,1,193471,139935,56422,57329,20864,11152,20949,10992,58,1099,1099,37,38162,17821,21618510,2249,79,425,2819,4501289,4501192,102,118,77,91,168,6314179,4282993,94,129,3002,319,1162,0,90,0,921,7850584,2701,0,453,6,1,4,239,13,4,243,2,2,1,6
13152,1625085221184,50.008676346,1,0,0,5,10,4,5,105,2,0,0,0,0,43,6586544,0,31,2,116,9555,2321202,20541,0,1,195621,141947,58993,59137,23111,12546,21263,10835,58,1098,1098,37,40800,19950,23186698,2247,83,425,2824,4517705,4517599,102,117,82,94,172,6586135,4295739,94,133,3018,324,1190,0,96,0,925,8310030,2742,0,439,6,1,4,243,13,4,247,2,2,1,5
13202,1625085277613,50.009408654,1,0,0,5,10,4,5,92,2,0,0,0,2,62,6326552,0,29,2,116,18013,2124951,21226,0,1,196367,142072,59596,60569,24160,13677,24213,13324,58,1089,1089,33,43369,20939,21916493,2237,84,430,5384,4459774,4459674,102,117,82,96,172,6326399,4233603,93,133,3159,329,1398,0,95,0,916,7707197,2773,0,473,4,1,4,260,16,4,264,2,2,1,4
13252,1625085334095,50.008869735,1,0,0,5,10,4,5,88,2,0,0,0,32,57,6533872,0,35,2,116,10535,2301882,22639,0,1,196395,142165,59989,60696,24229,14116,24274,13859,58,1136,1137,60,43562,21033,23019004,2277,79,428,2827,4488433,4488335,102,118,79,91,170,6533603,4264626,94,130,3217,337,1431,11,91,2,953,8050844,2865,0,477,6,1,4,255,16,4,259,2,2,1,6
13302,1625085391055,50.011465273,1,0,0,205,274,18312,133,20964,99,0,0,0,16,155,6326032,0,85,18080,361,20466,2126563,33214,18834,3,200218,143856,158383,160746,79950,57380,79941,56220,181,1977,1977,33,87542,71916,22586420,4012,232,550,2898,4516369,4516090,145,157,231,277,363,6325759,4241474,212,325,4873,386,2179,20,276,4,7129,7722307,3131,0,635,162,5,25,19246,21,17905,37151,9,10,7,15
13352,1625085447953,50.010879491,1,0,0,9,16,7,7,95,2,0,0,0,31,40,6520779,0,27,2,127,8652,2303742,22258,0,1,195268,141318,58787,58865,23834,14079,23862,13859,63,1088,1088,33,42905,20731,22982885,2234,75,425,2826,4472412,4472306,101,119,74,86,164,6519849,4250520,93,125,3161,336,1403,0,86,0,916,7961135,2885,0,495,7,1,7,263,16,7,270,7,2,1,9
13402,1625085506742,50.008651021,1,0,0,5,10,4,5,116,2,0,0,0,2,69,6503783,0,27,2,114,11078,2242623,22723,0,1,196337,142151,60782,61336,24212,13520,24205,13418,57,1099,1099,37,43912,20967,22729977,2247,82,425,2826,4516870,4516755,100,116,80,94,172,6503408,4291761,94,131,3175,336,1406,0,94,0,924,8123419,2789,0,477,7,1,4,265,16,4,269,7,2,1,9
13452,1625085564063,50.009194999,1,0,0,5,10,4,5,70,2,0,0,0,26,55,6402870,0,25,2,114,14631,2169199,21398,0,1,193249,139809,55958,56939,20700,11181,20833,11024,57,1092,1092,37,37932,17715,22197406,2235,75,429,2819,4484847,4484752,100,116,73,90,164,6402675,4267154,94,125,2987,319,1162,0,86,0,919,7763538,2776,0,461,8,1,4,231,13,4,235,8,2,1,10
13502,1625085620853,50.008618471,1,0,0,5,10,4,5,101,2,0,0,0,42,69,6470271,0,25,2,116,14223,2271219,21849,0,1,196115,142056,60555,61153,24205,13582,24205,13481,58,1090,1090,37,43919,20965,22772549,2231,81,426,2824,4456273,4456162,102,119,80,93,172,6469809,4231903,94,131,3158,329,1405,0,93,0,916,7956054,2920,0,489,8,1,4,269,16,4,273,8,2,1,10
13552,1625085677494,50.009128940,1,0,0,5,10,4,5,139,2,0,0,0,24,60,6485513,0,33,2,114,8537,2243112,22023,0,1,195288,141287,59354,60112,24033,13483,24093,13103,57,1130,1131,60,43343,20928,22678554,2265,77,425,2826,4496317,4496216,100,116,75,88,166,6485337,4273932,94,126,3193,333,1424,11,87,2,949,8123365,2848,0,473,8,1,4,262,16,4,266,8,2,1,10
13602,1625085734277,50.009961179,1,0,0,5,10,4,5,104,2,0,0,0,44,51,6429605,0,42,2,114,14270,2183748,21849,0,1,194720,140934,58686,59345,23827,13072,23845,13072,57,1088,1088,33,42931,20751,22342670,2235,75,424,2825,4499927,4499831,100,116,74,88,164,6429385,4278933,93,125,3175,333,1402,0,87,0,916,7701296,2977,0,478,8,1,4,262,16,4,266,8,2,1,10
13652,1625085790983,50.008787539,1,0,0,5,10,4,5,74,2,0,0,0,4,61,6397468,0,27,2,114,6782,2178780,21982,0,1,192785,139331,54502,55109,20512,11020,20518,10771,57,1093,1093,33,37150,17583,22198447,2245,71,424,2820,4467814,4467729,100,116,71,84,160,6397250,4252219,93,123,2998,323,1161,0,84,0,917,8021749,2679,0,434,8,1,4,226,13,4,230,8,2,1,10
13702,1625085848503,50.009207992,1,0,0,5,10,4,5,95,2,0,0,0,34,64,6426724,0,27,2,116,8996,2232508,22580,0,1,195402,141404,58736,59630,23848,13891,23931,13701,58,1091,1091,33,43001,20758,22516469,2240,75,425,2826,4449792,4449695,102,118,74,88,164,6426552,4227876,93,125,3169,336,1405,0,87,0,922,8066557,2874,0,474,8,1,4,255,16,4,259,8,2,1,10
13752,1625085905283,50.009230251,1,0,0,5,10,4,5,106,2,0,0,0,24,74,6516654,0,28,2,116,20658,2289259,21589,0,1,195112,141307,60523,61368,24191,13612,24221,13418,58,1089,1089,37,43974,20996,22934724,2229,82,423,2825,4482380,4482281,102,119,80,93,172,6516434,4258751,94,131,3157,333,1409,0,93,0,913,7923749,2843,0,474,8,1,4,260,16,4,264,8,2,1,10
13802,1625085962017,50.021378835,1,0,0,5,10,4,5,90,2,0,0,0,0,70,6332861,0,31,2,114,22168,2128287,22046,0,1,193434,139526,55644,56830,20968,11651,23411,13575,57,1136,1137,64,39115,18064,21893199,2269,72,424,2821,4457477,4457389,100,116,71,84,160,6332796,4238148,91,122,3177,324,1406,11,84,2,956,7936108,2747,0,463,8,1,4,247,16,4,251,8,2,1,10
13852,1625086018597,50.008792858,1,0,0,5,10,4,5,85,2,0,0,0,28,73,6279091,0,25,2,114,7324,2099778,21327,0,1,193813,140192,55760,56412,20700,11463,20712,11213,57,1095,1095,37,37873,17686,21666166,2241,73,427,5378,4430093,4429996,100,115,73,87,164,6278789,4209724,94,125,2990,316,1161,0,86,0,927,7843943,2805,0,445,8,1,4,242,13,4,246,8,2,1,10
13902,1625086075175,50.008974890,1,0,0,5,10,4,5,106,2,0,0,0,2,72,6419537,0,28,2,114,15905,2207824,21030,0,1,194885,141022,59175,59832,23988,13957,24012,13701,57,1087,1087,33,43163,20844,22433059,2233,78,423,2825,4462846,4462747,100,116,78,91,168,6419282,4240871,93,129,3160,333,1410,0,91,0,918,7984278,2774,0,449,8,1,4,262,16,4,266,8,2,1,10
13952,1625086132160,50.009264553,1,0,0,5,10,4,5,115,2,0,0,0,20,68,6438116,0,27,2,114,13898,2209863,22541,0,1,196024,141849,59225,60036,24956,14586,24073,13575,57,1094,1094,33,43217,21809,22462846,2247,81,426,2826,4482348,4482252,100,115,78,91,168,6437964,4259500,93,129,3172,336,1406,0,91,0,920,8040299,2845,0,476,8,1,4,256,16,4,260,8,2,1,10
14002,1625086188130,50.009639155,1,0,0,5,10,4,5,76,2,0,0,0,14,83,6361004,0,27,2,114,19389,2155013,22354,0,1,194724,140569,58357,59550,22510,13198,23899,14016,57,1104,1104,37,41902,19382,22099792,2259,76,430,2820,4457549,4457455,100,116,75,89,168,6360912,4235057,94,127,3169,328,1388,0,88,0,926,7801514,2835,0,461,8,1,4,254,16,4,258,8,2,1,10
14052,1625086244996,50.009170570,1,0,0,5,10,4,5,87,2,0,0,0,2,50,6442677,0,35,2,114,21614,2187663,23224,0,1,193856,140238,57481,58313,21184,11316,21224,11118,57,1144,1145,64,38827,18049,22385547,2285,83,426,2821,4507350,4507240,100,116,82,95,174,6442477,4287360,95,134,3041,323,1189,11,95,2,957,8039276,2767,0,444,8,1,4,241,13,4,245,8,2,1,10
14102,1625086301653,50.008842805,1,0,0,5,10,4,5,113,2,0,0,0,44,71,6253124,0,33,2,114,26477,2050541,22740,0,1,195811,141841,60896,61504,24287,13743,24281,13260,57,1096,1096,37,44146,21052,21483185,2243,84,425,2824,4460146,4460035,100,116,84,97,176,6252763,4235464,94,135,3168,329,1403,0,97,0,922,7727143,2917,0,477,8,1,4,255,16,4,259,8,2,1,10
14152,1625086358615,50.008813589,1,0,0,5,10,4,5,106,2,0,0,0,56,84,6710045,0,27,2,114,9039,2490979,23459,0,1,195860,141889,59927,60583,24006,13579,24014,13669,57,1094,1094,37,43692,20875,24099835,2239,76,426,2824,4475865,4475762,100,116,76,91,168,6709700,4252309,94,127,3160,329,1409,0,90,0,923,8517702,2961,0,490,8,1,4,266,16,4,270,8,2,1,10
14202,1625086415155,50.011587942,1,0,0,5,10,4,5,89,2,0,0,0,25,64,6511905,0,25,2,116,15714,2302744,22062,0,1,195875,141721,58603,59267,23867,14047,23937,13670,57,1092,1092,33,42990,20766,22968075,2243,75,426,2825,4464539,4464440,100,116,74,86,164,6511613,4242298,93,125,3165,333,1400,0,86,0,920,8220603,2865,0,487,8,1,4,251,16,4,255,8,2,1,10
14252,1625086472201,50.009095708,1,0,0,5,10,4,5,72,2,0,0,0,38,73,6441518,0,25,2,114,19960,2220828,21256,0,1,193410,139842,54518,55164,20553,10991,20521,11024,57,1090,1090,33,37211,17593,22497951,2239,73,431,2820,4464483,4464384,100,116,71,78,160,6441221,4248665,93,123,2994,323,1163,0,84,0,924,7964318,2789,0,457,8,1,4,245,13,4,249,8,2,1,10
14302,1625086528914,50.009187308,1,0,0,5,10,4,5,108,2,0,0,0,22,53,6672580,0,28,2,114,6676,2434289,22759,0,1,195857,141743,59248,59999,24000,13580,24070,13512,57,1091,1091,33,43248,20848,23801653,2241,80,426,5386,4494064,4493968,100,116,78,90,168,6672410,4268835,93,129,3172,336,1409,0,90,0,924,8176868,2869,0,483,7,1,4,267,16,4,271,7,2,1,9
