time,timestamp,seconds,connectivity,alarmtimer:alarmtimer_fired,alarmtimer:alarmtimer_start,block:block_bio_backmerge,block:block_bio_remap,block:block_dirty_buffer,block:block_getrq,block:block_touch_buffer,block:block_unplug,cachefiles:cachefiles_create,cachefiles:cachefiles_lookup,cachefiles:cachefiles_mark_active,clk:clk_set_rate,cpu-migrations,cs,dma_fence:dma_fence_init,fib:fib_table_lookup,filemap:mm_filemap_add_to_page_cache,gpio:gpio_value,ipi:ipi_raise,irq:irq_handler_entry,irq:softirq_entry,jbd2:jbd2_handle_start,jbd2:jbd2_start_commit,kmem:kfree,kmem:kmalloc,kmem:kmem_cache_alloc,kmem:kmem_cache_free,kmem:mm_page_alloc,kmem:mm_page_alloc_zone_locked,kmem:mm_page_free,kmem:mm_page_pcpu_drain,mmc:mmc_request_start,net:net_dev_queue,net:net_dev_xmit,net:netif_rx,page-faults,pagemap:mm_lru_insertion,preemptirq:irq_enable,qdisc:qdisc_dequeue,random:get_random_bytes,random:mix_pool_bytes_nolock,random:urandom_read,raw_syscalls:sys_enter,raw_syscalls:sys_exit,rpm:rpm_resume,rpm:rpm_suspend,sched:sched_process_exec,sched:sched_process_free,sched:sched_process_wait,sched:sched_switch,sched:sched_wakeup,signal:signal_deliver,signal:signal_generate,skb:consume_skb,skb:kfree_skb,skb:skb_copy_datagram_iovec,sock:inet_sock_set_state,task:task_newtask,tcp:tcp_destroy_sock,tcp:tcp_probe,timer:hrtimer_start,timer:timer_start,udp:udp_fail_queue_rcv_skb,workqueue:workqueue_activate_work,writeback:global_dirty_state,writeback:sb_clear_inode_writeback,writeback:wbc_writepage,writeback:writeback_dirty_inode,writeback:writeback_dirty_inode_enqueue,writeback:writeback_dirty_page,writeback:writeback_mark_inode_dirty,writeback:writeback_pages_written,writeback:writeback_single_inode,writeback:writeback_write_inode,writeback:writeback_written
50.0091,1624954363416,50.009057119,1,0,0,36,51,6,14,1022,5,0,0,0,74,56,6826485,0,46,39,146,28422,2579625,24292,5,3,199848,144195,71021,73652,26507,13737,26971,14080,73,1119,1119,37,47742,22556,24784465,2289,136,430,5408,4517762,4517605,112,123,135,160,232,6826083,4280477,100,189,3301,342,1514,4,149,1,940,8570939,3155,0,588,8,2,7,259,17,2,261,8,4,3,12
100.018,1624954420110,50.009309065,1,0,0,5,13,4,8,219,2,0,0,0,10,73,6348760,0,53,5,118,17253,2138908,23226,0,1,196583,142296,64719,65438,25218,13593,25720,13575,59,1151,1152,64,45471,21502,22028298,2299,122,425,2821,4470651,4470505,104,118,120,134,214,6348595,4242201,95,172,3218,325,1407,11,133,2,956,7797432,2830,0,524,8,1,4,256,16,4,260,8,2,1,10
150.03,1624954477695,50.011545745,1,0,0,5,10,4,5,108,2,0,0,0,42,44,6657954,0,35,2,116,17036,2407537,23327,0,1,193631,140065,56660,57444,21136,11543,21205,11086,58,1094,1094,33,38147,18027,23644041,2247,93,431,2818,4502179,4502069,102,118,91,103,180,6657686,4284873,93,143,3001,316,1161,0,103,0,915,8438122,2873,0,482,8,1,4,227,13,4,231,8,2,1,10
200.039,1624954534124,50.009117641,1,0,0,5,10,4,5,108,2,0,0,0,2,52,6474658,0,29,2,116,8501,2228765,23192,0,1,194617,141151,58331,58607,23490,13550,21275,11024,58,1094,1094,33,40987,20349,22603793,2247,83,424,2826,4495901,4495798,102,118,81,91,169,6474462,4276102,93,132,3020,331,1191,0,94,0,918,8049484,2738,0,442,8,1,4,229,13,4,233,8,2,1,10
250.048,1624954590874,50.009364002,1,0,0,5,11,4,6,187,2,0,0,0,66,53,6846694,0,52,3,118,4922,2586353,24948,0,1,197052,142799,65688,66146,25806,13975,25823,13449,59,1099,1099,33,45903,21991,24799071,2257,127,428,2826,4520591,4520429,104,120,126,141,219,6846200,4293119,95,178,3206,338,1410,0,139,0,924,8657675,3027,0,555,7,1,4,260,16,4,264,7,2,1,9
300.057,1624954647049,50.009197611,1,0,0,5,10,4,5,166,2,0,0,0,26,77,6498565,0,47,2,116,15333,2300182,22068,0,1,197635,143229,64725,65490,25449,14375,25522,13985,58,1110,1110,37,45728,21777,22957556,2270,117,427,2825,4460453,4460308,102,118,116,129,208,6498302,4231530,94,167,3203,335,1407,0,129,0,926,7873183,2882,0,515,8,1,4,263,16,4,267,8,2,1,10
350.066,1624954703992,50.008925317,1,0,0,5,10,4,5,150,2,0,0,0,24,50,6686411,0,49,2,116,5267,2433862,23137,0,1,194639,140914,61150,61839,22306,11762,22321,11528,58,1147,1148,64,40323,18777,23817800,2291,116,427,2820,4508219,4508076,102,117,114,129,206,6686071,4285733,95,166,3061,320,1193,11,129,2,957,8189166,2909,0,500,8,1,4,239,13,4,243,8,2,1,10
400.075,1624954760597,50.008743543,1,0,0,5,10,4,5,101,2,0,0,0,2,49,6509479,0,45,2,116,9093,2236916,22517,0,1,195309,141665,58328,58652,22288,12386,21221,11621,58,1107,1107,37,39850,19108,22696725,2265,82,429,2824,4522488,4522379,102,118,82,94,172,6509034,4301738,94,133,3041,324,1182,0,95,0,916,8134479,2674,0,432,8,1,4,235,13,4,239,8,2,1,10
450.087,1624954817262,50.011942369,1,0,0,5,10,4,5,98,2,0,0,0,1,44,6539236,0,45,2,116,4012,2310792,22632,0,1,195901,141685,59006,59858,23943,13829,23993,13575,58,1100,1100,33,43041,20820,23043549,2259,80,425,2824,4484165,4484058,102,120,78,91,168,6538952,4261487,93,129,3190,329,1399,0,90,0,918,8115321,2745,0,447,6,1,4,258,16,4,262,2,2,1,6
500.096,1624954873883,50.008847512,1,0,0,5,10,4,5,91,2,0,0,0,36,62,6609849,0,31,2,116,11625,2341276,22402,0,1,195311,141353,58693,59248,23844,13700,23843,13449,58,1094,1094,33,42848,20734,23322894,2247,75,425,5386,4522797,4522698,102,118,74,86,164,6609559,4298554,93,125,3177,336,1405,0,87,0,918,8132405,2874,0,464,6,1,4,259,16,4,263,2,2,1,6
550.105,1624954931200,50.008904347,1,0,0,5,10,4,5,78,2,0,0,0,62,56,6778266,0,37,2,116,18978,2540805,22641,0,1,193728,140103,54948,55655,20676,11715,20716,11243,58,1096,1096,33,37316,17664,24419313,2251,76,428,2820,4486793,4486688,102,119,75,87,164,6777860,4270666,93,127,3010,323,1164,0,87,0,920,8395775,2850,0,451,6,1,4,241,13,4,245,2,2,1,6
600.114,1624954988158,50.008750970,1,0,0,5,12,4,7,118,2,0,0,0,14,48,6712014,0,51,4,120,7019,2437359,22575,0,1,197354,142872,63823,64423,24822,13370,24831,12913,60,1154,1155,64,44953,21444,23930971,2305,87,427,2836,4536154,4536041,106,122,87,102,181,6711636,4307563,95,137,3286,346,1494,11,101,2,964,8440369,2903,0,521,6,1,4,270,22,4,274,2,2,1,6
650.123,1624955045184,50.008626015,1,0,0,5,10,4,5,122,2,0,0,0,102,72,6944624,0,42,2,116,16274,2696823,24888,0,1,196814,142619,60378,61040,24168,13518,24166,13260,58,1102,1102,37,43810,20926,25353723,2255,82,434,2824,4506235,4506121,102,117,80,94,172,6944306,4282179,94,131,3184,329,1403,0,93,0,926,8868133,3172,0,518,6,1,4,262,16,4,266,2,2,1,6
700.132,1624955102046,50.008698808,1,0,0,5,10,4,5,136,2,0,0,0,2,62,6504545,0,46,2,116,9870,2221688,24079,0,1,196328,142156,61821,62174,24579,13721,24586,13543,58,1103,1103,37,44411,21206,22676803,2257,93,424,5384,4539755,4539633,102,118,92,105,184,6504156,4311373,94,143,3188,330,1400,0,106,0,918,7993087,2779,0,463,6,1,4,258,16,4,262,2,2,1,6
750.141,1624955159141,50.009213701,1,0,0,5,10,4,5,91,2,0,0,0,2,60,6516428,0,62,2,116,13392,2265699,22769,0,1,192829,139365,55766,56619,20911,11223,20962,10740,58,1099,1099,33,37762,17853,22826610,2257,85,425,2818,4495433,4495331,102,118,83,96,172,6516242,4278939,93,135,3033,317,1158,0,96,0,911,8113076,2765,0,456,6,1,4,226,13,4,230,2,2,1,6
800.153,1624955216156,50.011719059,1,0,0,5,10,4,5,104,2,0,0,0,23,78,6486546,0,35,2,114,17949,2288730,21375,0,1,195388,141393,59153,59883,24011,13766,24053,13418,57,1092,1092,33,43072,20833,22870823,2243,79,424,2826,4452935,4452835,100,116,78,90,168,6486322,4230639,93,129,3173,336,1402,0,90,0,920,8115564,2814,0,474,6,1,4,266,16,4,270,2,2,1,6
850.162,1624955272841,50.008845609,1,0,0,5,10,4,5,96,2,0,0,0,30,46,6565635,0,33,2,116,20254,2318276,21279,0,1,196215,141990,59195,59826,23983,13926,24006,13701,58,1095,1095,33,43082,20826,23154717,2249,79,427,2826,4502014,4501906,102,118,78,91,168,6565201,4279198,93,129,3184,336,1410,0,91,0,916,8057965,2827,0,485,6,1,4,249,16,4,253,2,2,1,5
900.172,1624955329914,50.009999753,1,0,0,5,10,4,5,93,2,0,0,0,48,73,6414324,0,54,2,116,24898,2194485,21357,0,1,194765,140539,58814,60299,22009,12013,24208,13795,58,1151,1152,62,41520,18778,22365201,2303,85,429,2822,4472735,4472628,102,118,84,98,176,6414338,4251517,95,136,3224,334,1410,11,97,2,955,7756203,2930,0,489,4,1,4,256,16,4,260,2,2,1,4
950.181,1624955386897,50.009319288,1,0,0,5,10,4,5,86,2,0,0,0,16,39,6478884,0,44,2,116,10176,2220110,22112,0,1,193895,140231,56254,57140,20845,11311,20920,11307,58,1105,1105,37,38064,17790,22551873,2261,80,431,2818,4510460,4510365,102,117,77,92,168,6478732,4292232,94,129,3022,316,1161,0,91,0,920,7903604,2751,0,451,6,1,4,241,13,4,245,2,2,1,6
1000.19,1624955443484,50.008960152,1,0,0,5,10,4,5,104,2,0,0,0,14,42,6493189,0,45,2,116,4283,2224001,23243,0,1,196592,142326,60891,61578,24265,14091,24306,13669,58,1110,1110,37,44016,21015,22617635,2271,85,426,2824,4527982,4527873,102,118,84,98,176,6492799,4302910,94,135,3201,329,1404,0,98,0,920,7871885,2785,0,484,6,1,4,241,16,4,245,2,2,1,6
1050.2,1624955500397,50.008941552,1,0,0,5,10,4,5,133,2,0,0,0,22,71,6207196,0,47,2,116,21278,1992437,21324,0,1,196214,142089,61338,61932,24421,13432,24437,13480,58,1103,1103,37,44181,21120,21163621,2257,89,426,2824,4471095,4470983,102,115,88,101,180,6206931,4245766,94,139,3191,329,1403,0,101,0,918,7596136,2821,0,463,6,1,4,257,16,4,261,2,2,1,6
1100.21,1624955557455,50.011636426,1,0,0,5,10,4,5,77,2,0,0,0,17,68,6362765,0,39,2,116,16342,2172346,21404,0,1,193462,139817,54783,55564,20659,11212,20742,10992,58,1096,1096,33,37336,17655,22138722,2251,76,426,2818,4438024,4437925,102,118,75,87,164,6362516,4221692,93,127,3005,316,1156,0,87,0,918,7869406,2737,0,467,6,1,4,228,13,4,232,2,2,1,6
1150.22,1624955614264,50.008994325,1,0,0,5,10,4,5,97,2,0,0,0,22,38,6609826,0,37,2,116,8890,2339743,22434,0,1,195242,141587,58030,58430,23293,12951,21296,11055,58,1143,1144,60,40410,20202,23304795,2291,78,427,5388,4525907,4525805,102,118,77,90,166,6609569,4303197,94,128,3078,335,1216,11,90,2,956,8178901,2847,0,459,6,1,4,227,13,4,231,2,2,1,6
1200.23,1624955671143,50.008668005,1,0,0,5,10,4,5,107,2,0,0,0,44,55,6394291,0,37,2,116,9614,2204535,21977,0,1,195749,141691,59627,60227,24126,13487,24142,13228,58,1096,1096,33,43313,20932,22314926,2251,82,430,2826,4446486,4446374,102,118,82,95,172,6393881,4223859,93,133,3180,336,1403,0,95,0,916,7715585,2910,0,492,6,1,4,262,16,4,266,2,2,1,6
1250.24,1624955728363,50.009020671,1,0,0,5,10,4,5,100,2,0,0,0,26,56,6466291,0,41,2,116,16108,2282769,22441,0,1,196694,142446,61073,62036,24261,13964,24374,13732,58,1108,1108,37,44037,21026,22818048,2267,86,427,2826,4440696,4440589,102,118,84,100,176,6466140,4215193,94,135,3200,336,1408,0,98,0,925,7764812,2835,0,476,6,1,4,263,16,4,267,2,2,1,6
1300.25,1624955784850,50.008808155,1,0,0,5,10,4,5,103,2,0,0,0,44,59,6588028,0,45,2,116,20606,2340415,22424,0,1,194155,140520,58068,58655,21375,11767,21378,11558,58,1106,1106,37,38866,18140,23277678,2263,94,427,2818,4497142,4497022,102,118,93,106,184,6587659,4277518,94,145,3023,316,1163,0,106,0,919,8093425,2824,0,493,6,1,4,242,13,4,246,2,2,1,6
1350.26,1624955841627,50.009264496,1,0,0,5,10,4,5,124,2,0,0,0,28,48,6535125,0,46,2,116,7260,2309614,23173,0,1,197291,142891,62268,63092,24733,13911,24818,13983,58,1107,1107,37,44697,21325,23045204,2265,98,428,2824,4484813,4484690,102,119,96,112,188,6534942,4258332,94,147,3194,330,1402,0,109,0,922,7816704,2888,0,495,6,1,4,260,16,4,264,2,2,1,6
1400.28,1624955898394,50.019451278,1,0,0,5,10,4,5,117,2,0,0,0,29,67,6415935,0,49,2,116,27228,2231992,20956,0,1,194763,140914,59108,59957,25155,14598,24274,13480,58,1134,1135,60,43307,21978,22514190,2273,89,424,2826,4435788,4435682,102,117,88,99,173,6415564,4213751,90,137,3213,332,1428,11,99,2,946,7743963,2836,0,496,6,1,4,244,16,4,248,2,2,1,6
1450.29,1624955955265,50.009250949,1,0,0,5,10,4,5,89,2,0,0,0,6,61,6488807,0,33,2,116,18880,2225675,21159,0,1,196044,141824,58737,59511,23824,13670,23882,13575,58,1098,1098,33,42952,20740,22636238,2255,76,430,2826,4519050,4518956,102,120,74,86,164,6488640,4296262,93,125,3183,336,1406,0,87,0,920,8003997,2718,0,449,6,1,4,267,16,4,271,2,2,1,6
1500.3,1624956011781,50.008812112,1,0,0,5,10,4,5,78,2,0,0,0,0,47,6682519,0,40,2,116,4052,2442896,22788,0,1,193530,139847,54571,55183,20471,11430,20481,11464,58,1101,1101,33,37123,17533,23804061,2261,71,427,2820,4489262,4489164,102,118,71,83,160,6682170,4272921,93,123,3023,325,1162,0,83,0,923,8386950,2684,0,432,6,1,4,229,13,4,233,2,2,1,6
1550.31,1624956068248,50.009130955,1,0,0,5,10,4,5,90,2,0,0,0,10,68,6403238,0,52,2,116,16467,2175882,22074,0,1,196276,142159,59593,59700,23913,13892,21378,11684,58,1106,1106,37,42945,20770,22269486,2263,76,427,2826,4482045,4481947,102,118,75,88,165,6402994,4258245,94,126,3193,333,1388,0,89,0,924,8011443,2814,0,458,6,1,4,245,13,4,249,2,2,1,5
1600.32,1624956124851,50.009165797,1,0,0,5,10,4,5,114,2,0,0,0,14,58,6532616,0,41,2,116,4018,2286491,22397,0,1,196535,142276,60038,60872,24003,14017,24057,13921,58,1107,1107,37,43681,20858,22945359,2265,78,427,2824,4502682,4502587,102,118,76,89,168,6532413,4278011,94,127,3196,329,1403,0,89,0,921,8243330,2825,0,464,7,1,4,256,16,4,260,7,2,1,9
1650.33,1624956182085,50.009071772,1,0,0,5,10,4,5,106,2,0,0,0,36,78,6310355,0,47,2,116,13393,2089504,21506,0,1,196469,142280,60934,61744,24258,14686,24319,14110,58,1105,1105,37,44034,21019,21743364,2261,86,427,2824,4475457,4475352,102,118,84,97,176,6310226,4250420,94,135,3197,329,1405,0,97,0,920,7635777,2841,0,490,8,1,4,261,16,4,265,8,2,1,10
1700.34,1624956238563,50.009234205,1,0,0,5,10,4,5,74,2,0,0,0,0,47,6611029,0,50,2,114,25164,2329523,22650,0,1,192219,138911,55072,56038,20702,11180,20791,10897,57,1136,1137,60,37555,17752,23275235,2277,74,424,2820,4530772,4530679,100,116,72,88,162,6610850,4314999,94,124,3044,321,1183,11,85,2,941,8384524,2708,0,432,8,1,4,237,13,4,241,8,2,1,10
1750.35,1624956295293,50.009199729,1,0,0,5,10,4,5,97,2,0,0,0,2,39,6372173,0,37,2,116,12047,2164370,22287,0,1,196157,141910,59625,60471,24170,13991,24210,13732,58,1097,1097,33,43334,20937,22161744,2253,84,425,2826,4462820,4462712,102,119,82,94,172,6371980,4239427,93,133,3186,336,1411,0,94,0,919,8004700,2748,0,457,8,1,4,257,16,4,261,8,2,1,10
1800.36,1624956352112,50.009157407,1,0,0,5,10,4,5,102,2,0,0,0,18,37,6582216,0,33,2,116,3485,2347555,21640,0,1,196388,142099,59147,59974,23941,14050,24016,13922,58,1101,1101,33,43094,20811,23280475,2261,79,427,5386,4491754,4491658,102,118,78,90,168,6582072,4266245,93,129,3192,336,1405,0,90,0,922,8239502,2775,0,472,8,1,4,264,16,4,268,8,2,1,10
1850.37,1624956408913,50.009350219,1,0,0,5,10,4,5,116,2,0,0,0,18,65,6513409,0,42,2,116,11234,2266626,21534,0,1,195693,141742,61987,62809,24598,14099,24660,13922,58,1102,1102,37,44492,21217,22844676,2255,93,423,2826,4501985,4501880,102,118,92,106,184,6513258,4276620,94,143,3188,336,1408,0,106,0,927,8077327,2865,0,480,7,1,4,260,16,4,264,7,2,1,9
1900.38,1624956466515,50.009149530,1,0,0,5,10,4,5,93,2,0,0,0,24,64,6353676,0,39,2,116,6666,2130630,21914,0,1,194195,140500,57583,58623,21273,11541,21380,11212,58,1105,1105,37,38732,18057,21934904,2261,91,427,2818,4476646,4476529,102,118,89,107,180,6353441,4257116,94,141,3024,316,1166,0,102,0,924,7590796,2813,0,470,8,1,4,230,13,4,234,8,2,1,10
1950.39,1624956523219,50.008785619,1,0,0,5,10,4,5,104,2,0,0,0,8,84,6608020,0,51,2,116,17289,2358673,22971,0,1,194516,140866,60741,61383,26255,15945,24204,13512,58,1141,1142,64,44113,23067,23397613,2279,78,424,2827,4503929,4503818,102,119,77,92,170,6607595,4280068,95,128,3216,333,1437,11,92,2,956,8056481,2837,0,462,8,1,4,260,16,4,264,8,2,1,10
2000.4,1624956580076,50.009151308,1,0,0,5,10,4,5,91,2,0,0,0,26,64,6253730,0,39,2,116,11196,2053669,21696,0,1,196062,141858,58985,59831,23985,14240,24048,13921,58,1095,1095,33,43093,20817,21469673,2249,79,431,2824,4456773,4456672,102,118,78,90,168,6253527,4233858,93,129,3177,329,1399,0,90,0,916,7775414,2809,0,464,8,1,4,269,16,4,273,8,2,1,10
2050.41,1624956637242,50.011466577,1,0,0,5,10,4,5,72,2,0,0,0,24,83,6276246,0,31,2,116,16135,2053653,20719,0,1,193100,139595,54959,55671,20671,11589,20709,11181,58,1095,1095,33,37346,17666,21470986,2249,76,426,2820,4472464,4472367,102,118,75,87,164,6276019,4256396,93,127,3005,324,1161,0,87,0,914,7629527,2776,0,456,8,1,4,230,13,4,234,8,2,1,10
2100.42,1624956694345,50.009236985,1,0,0,5,10,4,5,101,2,0,0,0,32,60,6698154,0,37,2,116,12064,2432842,22024,0,1,195863,141815,59039,59339,24008,13709,21514,11118,58,1099,1099,33,43075,20828,23844150,2257,83,427,2826,4520602,4520499,102,118,81,93,169,6697966,4298333,93,132,3174,333,1386,0,94,0,920,8127244,2807,0,447,8,1,4,237,13,4,241,8,2,1,10
2150.43,1624956750616,50.009045361,1,0,0,5,10,4,5,87,2,0,0,0,52,52,6582229,0,25,2,116,4437,2372381,23738,0,1,195911,141921,60108,60905,23999,13514,24061,13134,58,1095,1095,37,43661,20849,23359155,2241,78,426,2826,4467690,4467591,102,118,76,89,168,6582116,4243968,94,127,3166,336,1407,0,89,0,926,8206367,2970,0,495,8,1,4,260,16,4,264,8,2,1,10
2200.44,1624956807696,50.009271145,1,0,0,5,10,4,5,93,2,0,0,0,2,40,6443267,0,41,2,116,14757,2206402,21780,0,1,196122,141987,61206,62040,24330,13710,24390,13417,58,1145,1146,64,44237,21109,22486629,2287,82,425,2827,4491349,4491248,102,119,81,96,174,6443116,4265876,95,132,3223,336,1432,11,95,2,957,8080744,2838,0,454,8,1,4,257,16,4,261,8,2,1,10
2250.45,1624956864465,50.009063542,1,0,0,5,10,4,5,73,2,0,0,0,4,40,6613109,0,33,2,116,9978,2375412,22087,0,1,194019,140315,56225,57055,20847,11154,20894,10803,58,1102,1102,37,38050,17779,23429689,2255,78,430,2818,4488992,4488891,102,120,77,90,168,6612978,4270465,94,129,3011,316,1162,0,91,0,923,8342838,2752,0,449,8,1,4,234,13,4,238,8,2,1,10
2300.46,1624956921005,50.009162330,1,0,0,5,10,4,5,105,2,0,0,0,38,69,6558759,0,33,2,114,9571,2336863,22323,0,1,195557,141926,59608,59823,24040,13643,21518,11275,57,1099,1099,37,42598,20863,23194060,2249,80,426,2824,4474723,4474619,100,118,79,92,169,6558575,4252539,94,130,3041,324,1209,0,92,0,917,8197838,2894,0,486,8,1,4,232,13,4,236,8,2,1,10
2350.47,1624956977747,50.009124211,1,0,0,5,10,4,5,103,2,0,0,0,32,53,6521203,0,52,2,116,11822,2302417,22879,0,1,195709,141654,59637,60504,24111,13366,24190,13293,58,1096,1096,33,43286,20922,22970295,2256,84,426,2825,4474674,4474569,102,120,82,95,172,6520948,4251756,93,133,3195,333,1407,0,95,0,919,8161329,2846,0,487,8,1,4,254,16,4,258,8,2,1,10
2400.48,1624957034686,50.009064475,1,0,0,5,10,4,5,85,2,0,0,0,40,48,6524908,0,27,2,116,22770,2283119,22394,0,1,196193,141994,58731,59570,23816,13921,23876,13449,58,1095,1095,33,42871,20708,22946116,2249,76,428,2826,4491863,4491752,102,122,74,86,164,6524707,4269441,93,125,3174,336,1404,0,87,0,915,8081820,2887,0,482,8,1,4,255,16,4,259,8,2,1,10
2450.49,1624957091633,50.009176253,1,0,0,5,10,4,5,87,2,0,0,0,64,29,6618596,0,35,2,116,28237,2363134,21939,0,1,193710,140129,55946,56920,20925,11063,21033,10961,58,1096,1096,33,37747,17851,23417064,2251,85,428,5380,4505661,4505557,102,119,83,98,172,6618431,4286209,93,135,3015,323,1166,0,95,0,912,8162848,2944,0,494,8,1,4,226,13,4,230,8,2,1,10
2500.5,1624957148332,50.011850965,1,0,0,5,10,4,5,102,2,0,0,0,3,39,6453480,0,29,2,116,28285,2199818,20699,0,1,196373,142184,60101,60460,23996,13452,24048,13292,58,1100,1100,37,43656,20852,22478092,2251,77,430,2825,4509898,4509790,102,118,76,88,168,6453141,4285177,94,127,3176,332,1402,0,90,0,922,7823060,2791,0,466,8,1,4,261,16,4,265,8,2,1,10
2550.51,1624957205148,50.009688685,1,0,0,5,10,4,5,95,2,0,0,0,54,51,6522912,0,37,2,116,15670,2304766,22527,0,1,195516,141633,60439,61155,24132,13456,24142,13166,58,1095,1095,37,43822,20941,23018251,2240,81,425,2824,4475198,4475092,102,118,80,93,172,6522760,4251562,94,131,3168,329,1403,0,93,0,921,8018492,3022,0,516,8,1,4,257,16,4,261,8,2,1,10
2600.52,1624957261886,50.012097428,1,0,0,5,10,4,5,88,2,0,0,0,8,63,6628267,0,34,2,116,11478,2381712,23440,0,1,195189,141336,60846,61910,24275,13774,24378,13544,58,1094,1094,37,44019,21029,23517738,2239,86,422,2824,4503545,4503441,102,117,85,102,176,6627961,4279392,94,135,3165,329,1401,0,97,0,920,8300558,2814,0,486,8,1,4,245,16,4,249,8,2,1,10
2650.53,1624957318448,50.011373263,1,0,0,5,10,4,5,91,2,0,0,0,66,59,6723001,0,33,2,116,18599,2472174,22953,0,1,192143,138989,54925,55797,20649,10836,20733,10551,58,1090,1090,33,37365,17655,24044564,2239,77,425,2819,4497026,4496931,102,118,75,89,164,6722748,4282134,93,127,2996,321,1162,0,88,0,915,8192793,2921,0,494,8,1,4,231,13,4,235,8,2,1,10
2700.54,1624957375808,50.008661066,1,0,0,5,10,4,5,109,2,0,0,0,28,71,6423711,0,36,2,114,14709,2200163,23315,0,1,196567,142278,60190,60853,24255,13681,24283,13638,57,1101,1101,33,43472,20996,22404230,2261,86,428,2826,4480865,4480750,100,116,86,98,176,6423350,4256608,93,137,3197,337,1411,0,98,0,921,7923868,2886,0,477,8,1,4,253,16,4,257,8,2,1,10
2750.55,1624957433037,50.008978491,1,0,0,5,10,4,5,82,2,0,0,0,14,65,6699233,0,36,2,116,22426,2433020,22613,0,1,196077,141905,59462,60337,24010,13706,24069,13292,58,1137,1138,60,43238,20920,23906317,2279,77,427,2828,4521434,4521340,102,119,75,88,166,6698999,4297932,94,126,3217,340,1440,11,88,2,953,8507358,2858,0,462,8,1,4,267,16,4,271,8,2,1,10
2800.56,1624957489888,50.009218940,1,0,0,5,10,4,5,79,2,0,0,0,52,46,7013086,0,37,2,116,14839,2744925,23429,0,1,193310,139912,56771,57599,20993,11599,21035,11370,58,1098,1098,37,38289,17864,25716528,2247,83,430,2819,4519112,4519009,102,118,81,94,172,7012922,4301356,94,133,3005,319,1165,0,95,0,923,8737107,2928,0,479,8,1,4,239,13,4,243,8,2,1,10
2850.57,1624957546568,50.009221445,1,0,0,5,10,4,5,90,2,0,0,0,10,55,6355397,0,27,2,116,18179,2139933,21588,0,1,195278,141705,58522,58895,23286,13074,21269,10866,58,1097,1097,37,40824,20150,21992448,2245,79,425,2824,4469959,4469858,102,120,78,90,168,6355249,4248888,94,129,3015,322,1193,0,91,0,922,7943539,2814,0,474,8,1,4,238,13,4,242,8,2,1,10
2900.58,1624957603406,50.009066703,1,0,0,5,10,4,5,88,2,0,0,0,84,55,6471624,0,40,2,116,28583,2250680,22346,0,1,196701,142526,60411,61200,24136,13392,24200,13323,58,1100,1100,37,43867,20941,22727360,2251,82,429,5384,4480946,4480843,102,118,80,94,172,6471440,4253888,94,131,3180,329,1404,0,93,0,918,8107318,3049,0,518,8,1,4,263,16,4,267,8,2,1,10
2950.59,1624957659965,50.009194730,1,0,0,5,10,4,5,80,2,0,0,0,46,51,6552023,0,33,2,116,7256,2299703,21477,0,1,196240,142036,58638,59497,23831,13859,23889,13544,58,1095,1095,33,42861,20699,23036368,2249,75,428,2825,4506748,4506649,102,117,74,87,164,6551866,4284134,93,125,3177,333,1408,0,87,0,917,7917211,2907,0,496,8,1,4,253,16,4,257,8,2,1,10
3000.6,1624957716795,50.010542582,1,0,0,5,10,4,5,73,2,0,0,0,47,49,6674698,0,42,2,116,5614,2447119,22445,0,1,193686,140075,55670,56511,20869,11438,20932,11370,58,1139,1140,60,37721,17842,23847479,2283,78,429,2822,4477434,4477335,102,119,76,89,165,6674554,4260449,94,128,3046,327,1190,11,88,2,963,8257205,2939,0,467,8,1,4,211,13,4,215,8,2,1,10
3050.61,1624957773724,50.009148858,1,0,0,5,10,4,5,105,2,0,0,0,46,79,6517730,0,35,2,116,8340,2291402,22733,0,1,196408,142212,59629,60463,24131,13426,24195,13102,58,1097,1097,33,43305,20919,22896907,2258,84,432,2826,4483542,4483437,102,119,82,95,172,6517579,4260204,93,133,3185,336,1412,0,94,0,923,7998529,2956,0,494,7,1,4,254,16,4,258,7,2,1,9
3100.62,1624957830762,50.008780789,1,0,0,5,10,4,5,96,2,0,0,0,66,50,6603355,0,27,2,116,24313,2374621,22779,0,1,196842,142606,60023,60595,23986,14049,23973,13764,58,1099,1099,37,43605,20849,23448955,2249,77,429,2825,4486588,4486482,102,121,76,89,168,6602926,4262244,94,127,3170,332,1406,0,89,0,923,8358141,3006,0,499,8,1,4,261,16,4,265,8,2,1,10
3150.63,1624957887295,50.010294131,1,0,0,5,10,4,5,82,2,0,0,0,20,85,6483287,0,44,2,116,21064,2279785,22326,0,1,195338,141448,59971,60799,24011,13265,24057,13040,58,1093,1093,37,43636,20868,22830025,2237,77,425,2824,4459712,4459605,102,119,76,89,168,6483081,4236285,94,127,3181,329,1403,0,89,0,924,8144718,2858,0,482,8,1,4,260,16,4,264,8,2,1,10
3200.64,1624957944484,50.009269855,1,0,0,5,10,4,5,80,2,0,0,0,26,48,6471502,0,27,2,116,18092,2233857,22917,0,1,193564,140022,55731,56514,20652,10677,20698,10551,58,1095,1095,37,37840,17688,22604093,2241,75,426,2818,4489590,4489499,102,120,73,87,164,6471369,4271903,94,125,2992,316,1165,0,87,0,923,8178340,2782,0,472,8,1,4,231,13,4,235,8,2,1,10
3250.65,1624958001387,50.009245971,1,0,0,5,10,4,5,102,2,0,0,0,48,74,6556098,0,58,2,116,21724,2363811,22439,0,1,195751,141709,60506,61501,24606,13500,24834,13229,58,1135,1136,60,44128,21277,23299949,2275,89,427,2826,4449436,4449324,102,120,88,106,192,6555880,4224911,98,141,2482,346,1477,11,104,2,951,8298476,2975,0,508,8,1,4,255,16,4,259,8,2,1,10
3300.66,1624958058197,50.009469310,1,0,0,5,10,4,5,92,2,0,0,0,52,67,6546919,0,33,2,116,19714,2300259,22506,0,1,195547,141549,58016,58804,23979,14021,24036,13796,58,1090,1090,33,43072,20831,23043898,2239,81,431,2825,4500837,4500741,102,118,78,91,168,6546742,4278683,93,129,2110,333,1403,0,91,0,915,8231737,2883,0,475,8,1,4,264,16,4,268,8,2,1,10
3350.67,1624958114925,50.008809812,1,0,0,5,16,4,11,130,2,0,0,0,64,56,6746347,0,31,8,128,27910,2496480,23177,0,1,197449,142868,64577,64923,25061,13722,24883,13134,64,1094,1094,33,45278,21636,24281764,2247,85,429,2831,4510602,4510487,114,130,85,106,178,6746000,4282509,103,134,2851,355,1612,0,107,0,921,8558601,3013,0,563,8,1,4,290,22,4,294,8,2,1,10
3400.68,1624958171420,50.009109879,1,0,0,5,10,4,5,89,2,0,0,0,12,37,6450341,0,41,2,114,14019,2219771,21636,0,1,193821,140188,55827,56612,20686,11560,20764,11119,57,1097,1097,37,37876,17688,22493133,2244,74,427,2819,4482391,4482289,100,116,73,86,164,6450141,4264247,94,125,3008,328,1170,0,86,0,919,7770069,2763,0,430,8,1,4,239,13,4,243,8,2,1,10
3450.69,1624958227948,50.010320407,1,0,0,5,10,4,5,88,2,0,0,0,14,50,6632405,0,31,2,116,17794,2382144,21445,0,1,195760,141755,59992,60852,24010,13577,24058,13702,58,1097,1097,37,43630,20836,23550477,2245,78,425,2825,4505872,4505775,102,119,76,90,168,6632214,4281933,94,127,3169,332,1412,0,89,0,923,8119995,2793,0,467,8,1,4,255,16,4,259,8,2,1,10
3500.7,1624958284504,50.009053689,1,0,0,5,10,4,5,126,2,0,0,0,66,72,6805443,0,35,2,116,10859,2545626,23920,0,1,196591,142419,59978,60758,24051,13452,24106,13229,58,1099,1099,37,43650,20878,24495657,2249,77,429,2824,4516992,4516885,102,119,76,89,168,6805224,4292993,94,127,3177,329,1409,0,90,0,917,8668734,2972,0,499,8,1,4,251,16,4,255,8,2,1,10
3550.71,1624958340799,50.008683049,1,0,0,5,10,4,5,97,2,0,0,0,28,64,6473666,0,33,2,114,13967,2222787,22552,0,1,195860,141783,59817,60393,25134,13992,24206,13135,57,1134,1135,60,43493,21953,22581957,2273,79,428,2827,4507511,4507400,100,117,79,92,170,6473279,4284336,94,130,3201,337,1437,11,92,2,953,7761348,2893,0,479,8,1,4,261,16,4,265,8,2,1,10
3600.72,1624958397376,50.010453720,1,0,0,5,10,4,5,79,2,0,0,0,44,42,6656304,0,27,2,114,21329,2419037,21071,0,1,191249,138330,54997,55706,20646,11213,20672,10898,57,1086,1086,33,37382,17655,23692421,2231,76,422,2820,4483765,4483665,100,118,75,88,164,6656116,4269555,93,127,2994,324,1176,0,88,0,914,8278797,2830,0,474,8,1,4,231,13,4,235,8,2,1,10
3650.73,1624958454696,50.009280634,1,0,0,5,10,4,5,68,2,0,0,0,6,74,6518138,0,25,2,116,12053,2277209,22095,0,1,192970,139481,54522,55386,20500,11084,20568,10678,58,1094,1094,33,37168,17572,22850486,2247,73,426,2820,4488352,4488263,102,119,71,83,160,6517965,4272481,93,123,2999,323,1165,0,83,0,925,8084982,2688,0,412,8,1,4,240,13,4,244,8,2,1,10
3700.74,1624958511505,50.009126302,1,0,0,5,10,4,5,83,2,0,0,0,30,44,6566423,0,31,2,114,3208,2349140,22087,0,1,196603,142370,60053,60876,23976,13894,24058,13796,57,1104,1104,37,43645,20862,23256458,2259,77,427,2825,4475764,4475657,100,116,76,90,168,6566234,4251145,94,127,3186,332,1401,0,89,0,924,7843562,2913,0,475,8,1,4,253,16,4,257,8,2,1,10
3750.75,1624958568514,50.008703277,1,0,0,5,10,4,5,80,2,0,0,0,6,68,6620493,0,36,2,116,11160,2391288,21715,0,1,196709,142380,60032,60632,24000,14271,24005,13638,58,1101,1102,37,43677,20837,23549169,2253,77,427,2825,4486119,4486017,102,119,76,90,168,6620153,4260756,94,127,3187,332,1412,0,90,0,919,8323207,2743,0,448,8,1,4,250,16,4,254,8,2,1,10
3800.76,1624958625193,50.008752035,1,0,0,5,10,4,5,64,2,0,0,0,44,46,6484920,0,34,2,116,21714,2259119,22997,0,1,193137,139767,56468,57080,20874,10395,20887,10205,58,1137,1138,64,38268,17878,22711098,2270,75,427,2820,4476741,4476642,102,119,74,87,166,6484620,4258789,95,126,3029,320,1189,11,87,2,957,8033467,2908,0,438,8,1,4,236,13,4,240,8,2,1,10
3850.77,1624958682216,50.008970604,1,0,0,5,10,4,5,85,2,0,0,0,48,50,6724521,0,27,2,116,7286,2500304,23464,0,1,195627,141967,57764,58116,22444,12347,20926,10898,58,1097,1097,37,39976,19394,24166717,2245,75,432,2824,4478153,4478065,102,119,74,86,164,6724314,4257763,94,125,3013,324,1183,0,88,0,926,8538481,2933,0,469,8,1,4,239,13,4,243,8,2,1,10
3900.78,1624958738992,50.009039648,1,0,0,5,10,4,5,89,2,0,0,0,26,60,6819652,0,27,2,116,13617,2556389,22947,0,1,195468,141493,59155,60026,23966,13390,24016,13197,58,1090,1090,33,43128,20823,24611319,2239,80,425,2825,4517894,4517793,102,120,78,91,168,6819468,4295651,93,129,3170,333,1417,0,91,0,919,8689226,2837,0,478,8,1,4,257,16,4,261,8,2,1,10
3950.79,1624958796471,50.008638387,1,0,0,5,10,4,5,80,2,0,0,0,26,63,6636110,0,43,2,116,19353,2388838,22437,0,1,195623,141589,58764,59395,23785,14299,23820,13827,58,1101,1101,33,42888,20698,23585249,2261,74,425,2826,4500797,4500689,102,119,74,87,164,6635734,4278824,93,125,3196,336,1413,0,86,0,919,8179813,2907,0,494,8,1,4,248,16,4,252,8,2,1,10
4000.8,1624958853510,50.011959054,1,0,0,5,10,4,5,64,2,0,0,0,25,55,6569833,0,29,2,116,9224,2316962,22700,0,1,193451,139864,54575,55457,20529,11303,20606,11150,58,1096,1096,33,37152,17584,23105994,2251,72,427,5380,4504892,4504798,102,118,71,83,160,6569443,4286164,93,123,3006,323,1167,0,83,0,918,8338625,2738,0,456,8,1,4,225,13,4,229,8,2,1,10
4050.81,1624958910416,50.009292899,1,0,0,5,10,4,5,90,2,0,0,0,2,52,6293878,0,41,2,116,22295,2132962,22292,0,1,196538,142291,60818,61604,24198,13898,24265,13512,58,1142,1143,64,44073,21033,21883041,2281,79,427,2827,4420219,4420109,102,118,77,90,170,6293685,4194651,95,128,3225,337,1433,11,91,2,959,7574459,2842,0,475,8,1,4,250,16,4,254,8,2,1,10
4100.82,1624958967062,50.010777479,1,0,0,5,10,4,5,81,2,0,0,0,16,64,6587433,0,28,2,116,9924,2352208,22460,0,1,196510,142277,59995,60762,23976,13704,24040,13670,58,1098,1098,37,43657,20859,23331517,2247,78,430,2824,4490651,4490556,102,118,76,90,168,6587213,4266204,94,127,3168,329,1401,0,90,0,920,8259999,2893,0,491,8,1,4,259,16,4,263,8,2,1,10
4150.83,1624959023753,50.010450548,1,0,0,5,10,4,5,87,2,0,0,0,14,63,6406632,0,31,2,116,22004,2160191,22685,0,1,194958,140716,58164,59914,21634,11600,23995,13355,58,1097,1097,37,41036,18456,22191253,2244,85,426,2818,4501654,4501557,102,119,84,99,176,6406594,4279611,94,135,3159,321,1384,0,96,0,920,7950132,2802,0,482,8,1,4,253,16,4,257,8,2,1,10
4200.84,1624959080477,50.009242926,1,0,0,5,10,4,5,90,2,0,0,0,48,53,6487918,0,36,2,116,26134,2256142,22123,0,1,193611,140005,54931,55740,20637,11528,20685,11056,58,1097,1097,33,37349,17653,22733614,2253,77,428,2819,4481727,4481634,102,118,75,87,164,6487782,4265500,93,127,3011,320,1158,0,87,0,918,7929909,2901,0,472,6,1,4,233,13,4,237,2,2,1,6
4250.85,1624959137204,50.008718581,1,0,0,5,10,4,5,92,2,0,0,0,48,53,6511137,0,29,2,116,15074,2287999,22209,0,1,196343,142115,58757,59358,23793,14330,23806,13922,58,1095,1095,33,42846,20719,22932289,2249,75,428,2826,4475820,4475712,102,118,74,86,164,6510772,4253226,93,125,3179,336,1403,0,86,0,920,7989873,2934,0,474,6,1,4,251,16,4,255,2,2,1,6
4300.86,1624959194078,50.008761375,1,0,0,5,10,4,5,101,2,0,0,0,38,35,6916533,0,25,2,116,9881,2672018,23464,0,1,196316,142078,58751,59459,23841,13418,23867,13166,58,1093,1093,33,42905,20716,25248099,2245,74,427,2826,4501087,4500987,102,117,74,88,164,6916123,4278423,93,125,3169,336,1402,0,87,0,919,8585394,2880,0,481,6,1,4,257,16,4,261,2,2,1,6
4350.87,1624959251032,50.009281231,1,0,0,5,10,4,5,64,2,0,0,0,50,59,6396438,0,31,2,116,14102,2153295,21419,0,1,193325,139917,56592,57447,20937,11434,20981,10993,58,1139,1140,64,38219,17879,22108923,2275,76,432,2821,4494411,4494318,102,118,74,87,166,6396258,4276287,95,126,3036,323,1198,11,87,2,952,7808854,2916,0,457,6,1,4,230,13,4,234,2,2,1,6
4400.88,1624959308080,50.009966392,1,0,0,5,10,4,5,93,2,0,0,0,78,58,6774694,0,33,2,116,11364,2540042,23115,0,1,194032,140492,57297,58027,21120,11414,21182,10835,58,1098,1098,37,38490,17965,24419079,2247,86,429,2819,4487362,4487257,102,118,85,98,176,6774531,4268735,94,137,3007,319,1167,0,99,0,927,8423140,2986,0,486,6,1,4,226,13,4,230,2,2,1,6
4450.89,1624959364894,50.009051296,1,0,0,5,10,4,5,94,2,0,0,0,34,65,6546329,0,38,2,116,10404,2312833,22687,0,1,196689,142430,60448,61377,24144,13739,24206,13639,58,1102,1102,37,43823,20945,23085781,2255,82,427,2824,4490859,4490755,102,118,80,97,172,6546189,4266050,94,131,3182,331,1404,0,94,0,917,8283880,2882,0,483,6,1,4,259,16,4,263,2,2,1,6
4500.9,1624959421831,50.009006170,1,0,0,5,10,4,5,83,2,0,0,0,10,64,6396873,0,27,2,116,3835,2177100,22521,0,1,195465,141415,58626,59397,23814,14079,23863,13513,58,1092,1092,33,42878,20729,22224919,2243,74,425,2825,4474409,4474312,102,118,74,86,164,6396648,4252361,93,125,3169,333,1398,0,86,0,917,8017815,2817,0,473,6,1,4,269,16,4,273,2,2,1,6
4550.91,1624959478970,50.012003484,1,0,0,5,10,4,5,67,2,0,0,0,40,75,6454875,0,28,2,116,17349,2233971,22505,0,1,193430,139858,54501,55563,20513,11305,20690,10898,58,1094,1094,33,37109,17567,22543663,2246,72,427,2819,4468709,4468620,102,118,71,95,160,6454717,4252891,93,123,3003,321,1167,0,84,0,916,7938429,2852,0,456,6,1,4,234,13,4,238,2,2,1,6
4600.92,1624959535711,50.009032729,1,0,0,5,10,4,5,78,2,0,0,0,16,57,6503042,0,33,2,116,17010,2269839,22437,0,1,193520,139927,55268,56048,20734,10771,20782,10583,58,1140,1141,60,37486,17745,22799598,2285,73,428,2822,4481704,4481610,102,118,72,84,162,6502847,4264680,94,124,3048,327,1197,11,84,2,952,8072114,2784,0,457,6,1,4,226,13,4,230,2,2,1,6
4650.93,1624959592630,50.008890291,1,0,0,5,10,4,5,86,2,0,0,0,46,44,6584937,0,25,2,114,10164,2370364,23000,0,1,196020,141913,59076,59557,23902,13767,23900,13575,57,1090,1090,33,43080,20795,23390853,2239,79,427,5385,4471762,4471659,100,116,78,92,168,6584708,4246890,93,129,3168,332,1413,0,90,0,918,7986112,2912,0,480,6,1,4,259,16,4,263,2,2,1,6
4700.94,1624959649296,50.008829302,1,0,0,5,10,4,5,91,2,0,0,0,44,52,6694109,0,26,2,116,16547,2436745,23061,0,1,196520,142348,60017,60612,24034,14146,24031,14080,58,1096,1096,37,43633,20851,23878465,2243,77,428,2825,4511601,4511495,102,118,76,90,168,6693747,4287274,94,127,3166,333,1407,0,90,0,922,8192857,2874,0,475,6,1,4,263,16,4,267,2,2,1,6
4750.95,1624959706722,50.009209333,1,0,0,5,10,4,5,65,2,0,0,0,4,56,6389546,0,28,2,116,21194,2183404,21361,0,1,193703,140088,55765,56659,20688,11244,20758,10898,58,1097,1097,37,37836,17687,22237423,2245,75,426,2818,4455580,4455489,102,118,73,87,164,6389387,4237600,94,125,2997,316,1160,0,87,0,923,7765066,2719,0,456,6,1,4,240,13,4,244,2,2,1,6
4800.96,1624959763692,50.008687356,1,0,0,5,10,4,5,72,2,0,0,0,66,46,6963887,0,28,2,116,4822,2700355,23048,0,1,193408,140012,56348,57009,20805,10649,20804,10489,58,1096,1096,37,38016,17779,25410775,2243,78,427,2819,4513692,4513589,102,118,77,91,168,6963524,4296133,94,129,2999,320,1165,0,90,0,921,8983729,2892,0,458,6,1,4,227,13,4,231,2,2,1,6
4850.97,1624959820408,50.009024277,1,0,0,5,10,4,5,90,2,0,0,0,22,36,6519851,0,130,2,116,21215,2269120,22624,0,1,195434,141396,58427,59290,23926,13464,24023,13387,58,1136,1137,60,42825,20847,22868226,2277,80,428,2827,4505140,4505037,102,118,79,92,165,6519662,4283260,90,129,3245,414,1446,11,91,2,953,8131782,2874,0,485,6,1,4,268,16,4,272,2,2,1,6
4900.98,1624959877670,50.009096747,1,0,0,5,10,4,5,94,2,0,0,0,44,46,6632036,0,91,2,116,20176,2393970,22823,0,1,195490,141549,59929,60719,24095,13533,24153,13135,58,1093,1093,33,43313,20926,23597074,2245,83,433,2826,4493565,4493453,102,118,82,94,172,6631785,4271063,93,133,3175,509,1413,0,94,0,914,8380994,2925,0,473,6,1,4,256,16,4,260,2,2,1,6
4950.99,1624959934677,50.009053380,1,0,0,5,10,4,5,78,2,0,0,0,6,36,6418303,0,35,2,116,10967,2190745,21771,0,1,193662,140013,55470,56284,20802,10808,20862,10741,58,1095,1095,33,37502,17752,22312121,2249,80,426,2820,4474871,4474773,102,118,79,91,168,6418071,4258014,93,131,3014,326,1174,0,91,0,919,7954671,2762,0,454,6,1,4,238,13,4,242,2,2,1,6
5001,1624959991958,50.011630585,1,0,0,5,10,4,5,80,2,0,0,0,32,46,6614924,0,145,2,116,4001,2371696,23391,0,1,196834,142571,60217,60973,24039,13398,24025,13166,58,1100,1100,37,43627,20869,23443189,2251,78,430,2825,4501417,4501322,102,117,76,90,168,6614697,4276795,94,127,3174,455,1413,0,90,0,926,8216548,2918,0,474,6,1,4,259,16,4,263,2,2,1,6
5051.01,1624960048165,50.009445361,1,0,0,5,10,4,5,83,2,0,0,0,2,80,6337919,0,121,2,116,20229,2130772,21565,0,1,195699,141698,60184,61020,24034,14152,24062,13575,58,1094,1094,37,43625,20873,21945152,2239,77,426,2825,4464528,4464431,102,118,76,90,168,6337756,4240569,94,127,3162,427,1408,0,90,0,920,7606624,2751,0,448,6,1,4,253,16,4,257,2,2,1,6
5101.02,1624960104987,50.009648185,1,0,0,5,10,4,5,75,2,0,0,0,32,75,6526309,0,36,2,114,13189,2292933,22495,0,1,194837,140684,58583,59921,23210,12789,24043,13071,57,1095,1095,37,42546,20089,22913609,2241,76,427,2819,4489014,4488913,100,116,75,89,168,6526172,4266456,94,127,3146,329,1380,0,88,0,917,7955864,2855,0,473,6,1,4,256,16,4,260,2,2,1,6
5151.03,1624960161690,50.009113634,1,0,0,5,10,4,5,66,2,0,0,0,40,50,6510442,0,33,2,116,19700,2263030,21309,0,1,192570,139265,55172,55963,20741,11339,20789,11149,58,1130,1132,60,37492,17738,22784732,2265,74,430,2821,4496225,4496129,102,118,72,84,162,6510276,4280293,94,124,3027,324,1188,11,85,2,949,7980949,2775,0,417,6,1,4,234,13,4,238,2,2,1,6
5201.04,1624960218218,50.009147309,1,0,0,5,10,4,5,91,2,0,0,0,34,61,6293955,0,32,2,114,24609,2108120,22540,0,1,196161,141972,59169,60072,24014,13736,24070,13354,57,1093,1093,33,43116,20846,21804943,2245,79,427,2825,4442452,4442353,100,116,78,91,168,6293751,4219447,93,129,3177,337,1407,0,90,0,916,7563045,2845,0,438,6,1,4,263,16,4,267,2,2,1,6
5251.05,1624960275361,50.008779526,1,0,0,5,10,4,5,87,2,0,0,0,56,64,6779223,0,30,2,116,14980,2540324,22982,0,1,195510,141549,59244,59901,23978,13769,23981,13354,58,1088,1088,33,43098,20836,24457894,2235,79,426,2826,4494324,4494219,102,118,78,91,168,6778925,4272146,93,129,3162,339,1404,0,92,0,912,8407425,2914,0,484,6,1,4,263,16,4,267,2,2,1,6
5301.06,1624960332466,50.010885775,1,0,0,5,10,4,5,65,2,0,0,0,24,65,6554989,0,33,2,116,14751,2326731,21896,0,1,193820,139950,56656,58184,20828,11717,23486,13764,58,1098,1098,37,39032,17774,23134517,2247,76,425,5379,4482909,4482810,102,118,74,90,167,6554883,4260883,94,126,3113,325,1323,0,87,0,927,8013127,2783,0,444,6,1,4,251,16,4,255,2,2,1,6
5351.07,1624960388938,50.012009482,1,0,0,5,10,4,5,93,2,0,0,0,56,49,6633460,0,36,2,116,15995,2395497,22040,0,1,193520,140088,57237,58159,21115,11571,21193,10928,58,1098,1098,37,38518,17951,23568227,2247,87,427,2819,4490148,4490041,102,118,86,98,176,6633192,4271614,94,137,3004,320,1164,0,98,0,921,8149496,2885,0,448,6,1,4,238,13,4,242,2,2,1,6
5401.08,1624960445248,50.009120840,1,0,0,5,10,4,5,127,2,0,0,0,18,68,6549350,0,36,2,116,14034,2317782,22450,0,1,194993,141552,60471,60667,24081,13461,21682,11118,58,1136,1137,64,42790,20836,23084147,2269,85,430,2826,4486046,4485932,102,118,84,96,175,6549152,4263246,95,135,3045,328,1214,11,98,2,955,7980665,2769,0,432,6,1,4,228,13,4,232,2,2,1,6
5451.1,1624960502036,50.015607197,1,0,0,5,10,4,5,95,2,0,0,0,85,67,6730779,0,25,2,116,8452,2490289,23977,0,1,196292,142167,59115,60006,23987,14144,24024,13512,58,1090,1090,33,43114,20830,24136167,2239,79,429,2825,4496638,4496537,102,118,79,90,168,6730379,4274307,93,129,3167,333,1413,0,90,0,919,8541919,3025,0,493,6,1,4,251,16,4,255,2,2,1,6
5501.11,1624960559372,50.009069272,1,0,0,5,10,4,5,83,2,0,0,0,4,76,6368740,0,41,2,116,15641,2122678,23020,0,1,195964,141778,58719,59522,23857,14174,23916,13921,58,1095,1095,33,42889,20758,21996606,2249,75,426,2825,4496891,4496795,102,118,74,86,164,6368523,4274217,93,125,3189,336,1409,0,86,0,920,7920152,2780,0,453,6,1,4,257,16,4,261,2,2,1,6
5551.12,1624960615919,50.008838599,1,0,0,5,10,4,5,66,2,0,0,0,50,40,6429795,0,28,2,116,8748,2230068,21179,0,1,193431,139893,54511,55086,20520,11746,20554,11528,58,1095,1095,33,37081,17568,22472514,2249,72,428,2820,4449233,4449132,102,118,71,84,160,6429366,4233537,93,123,3003,323,1169,0,84,0,917,8019557,2800,0,458,6,1,4,228,13,4,232,2,2,1,6
5601.13,1624960673378,50.008992648,1,0,0,5,10,4,5,80,2,0,0,0,50,51,6536103,0,32,2,116,8519,2313322,22038,0,1,195315,141377,58604,59272,23852,14173,23864,13607,58,1089,1089,33,42912,20763,23062407,2236,75,426,2825,4475236,4475140,102,118,74,86,164,6535851,4253751,93,125,3162,336,1400,0,86,0,910,8164106,2892,0,483,6,1,4,266,16,4,270,2,2,1,6
5651.14,1624960730451,50.008743921,1,0,0,5,10,4,5,100,2,0,0,0,8,78,6259060,0,35,2,114,11681,2049775,21040,0,1,196233,142089,60777,61444,24257,13739,24272,13701,57,1142,1143,64,43990,21032,21473357,2281,78,427,2827,4466614,4466506,100,116,77,91,170,6258659,4241174,95,128,3208,338,1432,11,90,2,959,7753820,2773,0,446,6,1,4,259,16,4,263,2,2,1,6
5701.15,1624960787173,50.009479979,1,0,0,5,10,4,5,74,2,0,0,0,80,69,6406872,0,29,2,116,21380,2177607,21611,0,1,193548,139823,57057,58445,22166,12948,23645,13701,58,1091,1091,37,39792,19114,22265715,2233,75,430,2818,4481052,4480951,102,118,74,92,167,6406685,4261527,94,126,3139,322,1386,0,89,0,914,7771316,2925,0,476,6,1,4,255,16,4,259,2,2,1,6
5751.16,1624960844098,50.009172838,1,0,0,5,10,4,5,64,2,0,0,0,18,68,6298315,0,29,2,116,19806,2103020,21213,0,1,193969,140312,55916,56691,20682,11307,20745,11150,58,1101,1101,37,37882,17699,21737151,2253,74,427,2819,4446751,4446656,102,118,73,86,164,6298055,4228216,94,125,3007,320,1164,0,86,0,926,7779504,2709,0,417,6,1,4,233,13,4,237,2,2,1,6
5801.17,1624960900951,50.009955301,1,0,0,5,10,4,5,92,2,0,0,0,24,99,6611321,0,35,2,116,12762,2366417,22613,0,1,196152,141952,59635,60601,24111,13205,24217,13229,58,1095,1095,33,43383,20933,23410019,2249,84,426,2824,4501044,4500941,102,118,82,97,172,6611215,4277914,93,133,3176,332,1402,0,95,0,915,8038852,2882,0,489,6,1,4,255,16,4,259,2,2,1,6
5851.18,1624960958265,50.008742077,1,0,0,5,10,4,5,82,2,0,0,0,0,58,6509018,0,29,2,116,11170,2248926,22228,0,1,194755,140915,59079,59811,23961,13611,24001,13418,58,1090,1090,33,43102,20793,22746187,2239,79,423,2825,4511278,4511174,102,118,78,90,168,6508642,4289532,93,129,3163,333,1404,0,90,0,920,7965728,2745,0,464,6,1,4,256,16,4,260,2,2,1,6
5901.19,1624961015032,50.009412143,1,0,0,5,10,4,5,73,2,0,0,0,0,64,6515190,0,31,2,116,19558,2252649,20839,0,1,193223,139625,54866,55755,20689,11560,20773,11024,58,1090,1090,33,37381,17690,22766105,2239,77,426,2819,4510138,4510040,102,118,75,88,164,6515017,4294018,93,127,2989,323,1160,0,87,0,914,8186357,2652,0,442,6,1,4,231,13,4,235,2,2,1,5
5951.2,1624961071284,50.008806111,1,0,0,5,10,4,5,64,2,0,0,0,6,59,6605332,0,27,2,116,12627,2354222,21501,0,1,193164,139722,55893,56471,20662,10552,20660,10677,58,1097,1097,37,37871,17651,23337776,2245,74,429,5379,4502539,4502433,102,118,73,88,164,6604964,4282536,94,125,2994,319,1160,0,88,0,916,8365362,2730,0,432,4,1,4,224,13,4,228,2,2,1,4
6001.21,1624961127843,50.009165682,1,0,0,5,10,4,5,108,2,0,0,0,32,58,6551315,0,28,2,114,17107,2317276,22485,0,1,196043,141977,60483,61429,24149,13772,24236,13324,57,1094,1094,37,43915,20955,23128873,2239,81,426,2824,4490374,4490265,100,116,80,96,172,6551153,4266069,94,131,3165,330,1405,0,93,0,921,7975091,2857,0,475,6,1,4,257,16,4,261,2,2,1,5
6051.22,1624961184935,50.008704104,1,0,0,5,10,4,5,80,2,0,0,0,20,64,6503157,0,28,2,116,17492,2255285,21595,0,1,194971,141197,60091,60731,24006,13388,24004,13008,58,1093,1093,36,43627,20833,22783909,2239,76,423,2825,4501462,4501358,102,118,76,89,168,6502759,4278019,94,127,3167,333,1407,0,89,0,921,7929717,2844,0,475,8,1,4,258,16,4,262,8,2,1,10
6101.23,1624961241735,50.009113354,1,0,0,5,10,4,5,66,2,0,0,0,54,57,6436409,0,27,2,116,9133,2234763,22066,0,1,192112,138946,54436,55261,20504,10894,20595,10772,58,1088,1088,33,37147,17578,22515655,2240,72,425,2819,4448036,4447946,102,118,71,83,160,6436205,4233481,93,123,2987,320,1163,0,83,0,916,7926902,2834,0,465,8,1,4,232,13,4,236,8,2,1,10
6151.24,1624961298470,50.012564050,1,0,0,5,10,4,5,93,2,0,0,0,82,61,6240983,0,27,2,116,20196,2032109,21469,0,1,195747,141869,58035,58298,23692,13385,21189,10992,58,1093,1093,33,41763,20668,21363498,2245,75,429,2825,4463696,4463605,102,118,74,84,161,6240767,4242884,93,124,3130,330,1342,0,85,0,916,7634977,2978,0,489,8,1,4,243,13,4,247,8,2,1,10
6201.25,1624961355330,50.008675703,1,0,0,5,10,4,5,82,2,0,0,0,0,56,6509651,0,31,2,116,17033,2315563,22909,0,1,195422,141378,59321,60013,24077,13987,24068,13481,58,1133,1134,60,43293,20926,23021147,2271,76,429,2827,4449231,4449126,102,118,75,92,166,6509273,4225907,94,126,3198,336,1426,11,89,2,950,8199729,2772,0,474,8,1,4,253,16,4,257,8,2,1,10
6251.26,1624961412139,50.008767912,1,0,0,5,10,4,5,84,2,0,0,0,74,84,6648079,0,35,2,116,18874,2421442,23410,0,1,196787,142576,60533,61182,24198,13834,24191,13512,58,1101,1101,37,43870,20957,23730214,2253,81,429,2825,4484396,4484288,102,118,80,94,172,6647727,4259442,94,131,3186,334,1408,0,93,0,921,8315854,2995,0,497,4,1,4,255,16,4,259,2,2,1,4
6301.27,1624961468830,50.009184203,1,0,0,5,10,4,5,105,2,0,0,0,38,55,6772190,0,46,2,116,17107,2527105,22236,0,1,194083,140433,56434,57226,22879,12669,20901,10520,58,1101,1101,37,38194,19843,24320832,2253,79,428,2820,4496595,4496485,102,118,77,91,168,6771940,4277916,94,129,3021,319,1163,0,91,0,925,8457552,2908,0,452,6,1,4,241,13,4,245,2,2,1,6
6351.28,1624961525416,50.010471631,1,0,0,5,10,4,5,70,2,0,0,0,41,41,6637245,0,27,2,116,9922,2398588,23415,0,1,193281,139871,56322,57090,20821,10902,20920,10646,58,1096,1096,37,38100,17783,23583679,2243,79,426,2819,4487958,4487859,102,118,77,90,168,6637100,4270198,94,129,2999,320,1166,0,90,0,927,8095558,2853,0,457,6,1,4,244,13,4,248,2,2,1,6
6401.29,1624961582301,50.008819100,1,0,0,5,10,4,5,95,2,0,0,0,48,47,6607453,0,28,2,116,9778,2376892,22550,0,1,196164,141988,58658,59268,23835,13544,23880,13418,58,1093,1093,33,42878,20756,23452616,2245,74,428,5385,4487189,4487087,102,118,74,86,164,6607089,4262431,93,125,3169,333,1405,0,86,0,923,8392145,2911,0,484,6,1,4,244,16,4,248,2,2,1,5
6451.3,1624961639248,50.008751177,1,0,0,5,10,4,5,86,2,0,0,0,48,86,6531754,0,33,2,116,16214,2318849,22538,0,1,195860,141807,59837,60481,24168,13833,24194,13513,58,1134,1135,60,43468,21013,23085712,2273,80,428,2827,4467918,4467814,102,118,79,91,170,6531381,4244650,94,130,3203,338,1434,11,91,2,952,8251338,2916,0,474,8,1,4,260,16,4,264,8,2,1,10
6501.31,1624961695581,50.009190720,1,0,0,5,10,4,5,81,2,0,0,0,30,54,6508555,0,28,2,116,7482,2305243,21772,0,1,192978,139525,55349,56297,20795,11061,20887,10866,58,1089,1089,33,37574,17764,22917301,2237,81,425,2819,4453386,4453292,102,118,79,95,168,6508445,4237402,93,131,2996,319,1162,0,93,0,909,8209109,2816,0,476,8,1,4,226,13,4,230,8,2,1,10
6551.32,1624961753160,50.009222576,1,0,0,5,10,4,5,83,2,0,0,0,0,36,6392391,0,25,2,114,10621,2178813,20738,0,1,196311,142111,60021,60936,24024,13514,24095,12946,57,1099,1099,37,43622,20879,22265184,2249,78,426,2825,4466013,4465914,100,116,76,91,168,6392189,4241569,94,127,3171,332,1406,0,89,0,919,8031365,2779,0,436,4,1,4,255,16,4,259,2,2,1,4
6601.33,1624961809987,50.009181208,1,0,0,5,10,4,5,92,2,0,0,0,52,70,6599068,0,28,2,114,8454,2353088,23276,0,1,196090,142074,61747,62538,24418,13651,24484,13544,57,1097,1097,37,44409,21123,23351328,2245,86,426,2825,4505102,4504988,100,116,84,98,179,6598903,4280346,96,136,3173,335,1409,0,99,0,919,8062786,2919,0,483,6,1,4,250,16,4,254,2,2,1,6
6651.34,1624961867167,50.009461054,1,0,0,5,10,4,5,70,2,0,0,0,0,49,6835168,0,27,2,116,11951,2561842,24637,0,1,194709,140525,58309,59549,22677,12602,23829,13261,58,1096,1096,37,42019,19620,24632617,2243,77,426,2818,4528566,4528466,102,119,75,89,168,6835048,4306217,94,127,3146,321,1380,0,88,0,922,8310486,2713,0,451,6,1,4,261,16,4,265,2,2,1,6
6701.35,1624961924006,50.009151962,1,0,0,5,10,4,5,77,2,0,0,0,94,36,6386129,0,35,2,116,28526,2152510,22289,0,1,193771,140324,56577,57395,20932,11278,20982,11182,58,1140,1141,64,38181,17879,22138964,2277,75,431,2821,4482133,4482030,102,119,74,87,166,6385870,4263908,95,126,3038,325,1196,11,87,2,948,7956644,2988,0,453,6,1,4,247,13,4,251,2,2,1,6
6751.36,1624961980467,50.009269945,1,0,0,5,10,4,5,80,2,0,0,0,38,50,6657562,0,28,2,116,14659,2406218,22120,0,1,196004,141862,58648,59501,23868,13575,23914,13072,58,1089,1089,33,42891,20750,23691954,2237,76,431,2825,4504202,4504108,102,118,74,88,164,6657382,4281742,93,125,3162,334,1403,0,87,0,914,8145335,2874,0,442,6,1,4,244,16,4,248,2,2,1,6
6801.37,1624962037259,50.008684888,1,0,0,5,10,4,5,90,2,0,0,0,26,60,6638177,0,32,2,116,18027,2374134,22151,0,1,196259,142032,59555,60144,24119,13709,24105,13229,58,1093,1093,33,43274,20933,23549384,2245,83,426,2825,4518127,4518010,102,118,82,94,172,6637797,4294993,93,133,3177,332,1403,0,95,0,915,8255417,2861,0,474,8,1,4,260,16,4,264,8,2,1,10
6851.38,1624962094210,50.009098136,1,0,0,5,10,4,5,80,2,0,0,0,24,51,6379242,0,30,2,116,18541,2190823,21471,0,1,195743,141648,58590,59362,23769,13951,23814,13827,58,1090,1090,33,42963,20713,22272239,2239,76,426,2825,4444774,4444674,102,118,74,86,164,6379041,4222367,93,125,3162,334,1404,0,86,0,912,7533183,2824,0,454,8,1,4,265,16,4,269,8,2,1,10
6901.39,1624962151088,50.009195082,1,0,0,5,10,4,5,70,2,0,0,0,0,61,6220340,0,27,2,116,13370,2040433,21516,0,1,193563,140003,56261,57163,20820,11279,20888,10898,58,1100,1100,37,38102,17788,21333321,2251,79,425,2819,4428722,4428622,102,118,77,94,168,6220153,4210506,94,129,3000,319,1165,0,90,0,916,7464959,2693,0,428,8,1,4,227,13,4,231,8,2,1,10
6951.4,1624962207741,50.008727654,1,0,0,5,10,4,5,80,2,0,0,0,16,62,6325642,0,25,2,116,12533,2102790,22392,0,1,196540,142292,59936,60507,23988,14019,24007,13827,58,1097,1097,37,43603,20863,21823183,2245,77,426,2824,4476638,4476525,102,118,76,89,168,6325289,4252216,94,127,3164,329,1402,0,90,0,919,7814387,2816,0,468,8,1,4,265,16,4,269,8,2,1,10
7001.41,1624962264536,50.009111267,1,0,0,5,10,4,5,78,2,0,0,0,10,52,6272107,0,31,2,116,8601,2077439,22592,0,1,196445,142180,58780,59610,23834,13480,23896,13450,58,1146,1147,64,43113,20772,21605409,2289,75,431,2827,4449514,4449416,102,118,73,85,161,6271884,4225362,91,123,3217,336,1434,11,85,2,958,7818963,2825,0,460,8,1,4,254,16,4,258,8,2,1,10
7051.42,1624962321233,50.009470523,1,0,0,5,10,4,5,70,2,0,0,0,32,51,6430410,0,28,2,116,24257,2201637,21886,0,1,194256,140148,56328,57701,21315,11089,23632,12945,58,1092,1092,33,39709,18249,22408969,2243,78,427,5379,4484158,4484052,102,119,76,92,167,6430334,4262362,93,128,3157,325,1387,0,89,0,921,8031924,2814,0,471,8,1,4,264,16,4,268,8,2,1,10
7101.43,1624962378099,50.008654098,1,0,0,5,10,4,5,73,2,0,0,0,36,54,6473109,0,42,2,116,14388,2258942,22009,0,1,193373,139800,54468,55023,20541,11335,20537,11213,58,1094,1094,33,37099,17541,22655720,2247,72,428,2819,4463969,4463866,102,118,71,83,160,6472712,4248266,93,123,3016,320,1162,0,83,0,920,8001714,2843,0,466,8,1,4,240,13,4,244,8,2,1,10
7151.44,1624962435374,50.009283102,1,0,0,5,10,4,5,89,2,0,0,0,24,47,6636295,0,33,2,116,9516,2397417,22567,0,1,196056,141797,57078,57950,23595,13794,23645,13605,58,1093,1093,33,42240,20587,23548210,2245,76,427,2825,4493533,4493438,102,118,74,85,159,6636049,4272268,89,124,3171,332,1399,0,85,0,915,8255989,2866,0,472,8,1,4,255,16,4,259,8,2,1,10
7201.45,1624962491781,50.009261889,1,0,0,5,10,4,5,101,2,0,0,0,10,55,6361507,0,33,2,114,7589,2137778,21928,0,1,196718,142472,61440,62354,24441,13746,24512,13323,57,1102,1102,37,44292,21143,22025462,2255,89,425,2825,4483014,4482909,100,116,88,101,180,6361319,4257089,94,139,3180,332,1411,0,101,0,921,7938885,2785,0,469,7,1,4,269,16,4,273,7,2,1,9
7251.46,1624962548964,50.009250028,1,0,0,5,10,4,5,64,2,0,0,0,16,65,6552221,0,35,2,116,11370,2291771,21951,0,1,193096,139702,56536,57304,20867,11373,20939,11275,58,1139,1140,64,38252,17862,22971599,2275,75,430,2821,4507990,4507892,102,118,74,87,166,6552013,4289848,95,126,3035,323,1191,11,88,2,957,8162488,2799,0,460,8,1,4,239,13,4,243,8,2,1,10
7301.47,1624962606021,50.011905491,1,0,0,5,10,4,5,68,2,0,0,0,53,39,6472885,0,25,2,116,11717,2254848,22217,0,1,193237,139856,56363,57117,20885,11311,20925,11307,58,1092,1092,37,38060,17792,22679081,2235,77,426,2819,4468381,4468274,102,118,77,91,168,6472621,4250712,94,129,2994,320,1171,0,91,0,924,7967439,2862,0,460,8,1,4,239,13,4,243,8,2,1,10
7351.48,1624962663047,50.010927254,1,0,0,5,10,4,5,94,2,0,0,0,9,43,6702429,0,28,2,116,14831,2429170,22746,0,1,196517,142173,60369,61136,24201,13329,24485,13418,58,1095,1095,33,43644,21016,23854417,2249,80,427,2850,4529745,4529639,102,118,78,87,171,6702317,4305882,96,131,3175,334,1401,0,92,0,926,8293581,2897,0,481,8,1,4,270,16,4,274,8,2,1,10
7401.49,1624962719845,50.008693093,1,0,0,5,10,4,5,91,2,0,0,0,2,51,6322598,0,28,2,116,6961,2086538,21092,0,1,196143,141883,59162,59801,23987,13452,23967,13040,58,1097,1097,33,43101,20826,21689838,2253,79,426,2825,4489875,4489765,102,118,78,90,168,6322161,4266735,93,129,3184,335,1415,0,90,0,919,7825688,2772,0,478,8,1,4,261,16,4,265,8,2,1,10
7451.5,1624962776621,50.010340492,1,0,0,5,10,4,5,74,2,0,0,0,12,25,6555530,0,30,2,116,6632,2338094,21690,0,1,193377,139753,54395,55561,20501,11303,20709,11150,58,1092,1092,33,37105,17578,23156948,2243,72,426,2819,4467121,4467028,102,118,71,87,160,6555328,4251202,93,123,2994,321,1158,0,83,0,918,8107437,2727,0,449,8,1,4,234,13,4,238,8,2,1,10
7501.51,1624962833221,50.008989074,1,0,0,5,10,4,5,73,2,0,0,0,10,77,6257234,0,33,2,116,12727,2022401,21451,0,1,193204,139771,56998,57792,21044,11533,21086,11338,58,1140,1141,64,38455,17958,21340565,2277,80,426,2821,4480574,4480470,102,118,78,92,170,6257071,4261786,95,130,3036,323,1189,11,91,2,953,7774609,2802,0,459,8,1,4,237,13,4,241,8,2,1,10
7551.52,1624962890366,50.008860407,1,0,0,5,10,4,5,110,2,0,0,0,10,45,6685934,0,28,2,114,13727,2425433,23315,0,1,195767,141749,60562,61224,24168,13866,24175,13889,57,1094,1094,37,43868,20933,23808592,2239,80,428,2825,4517499,4517393,100,116,80,94,172,6685498,4292683,94,131,3168,332,1407,0,94,0,921,8309102,2782,0,484,8,1,4,254,16,4,258,8,2,1,10
7601.53,1624962947471,50.008785927,1,0,0,5,10,4,5,85,2,0,0,0,62,68,6677422,0,27,2,116,10946,2443097,23623,0,1,196776,142550,60092,60654,24050,14018,24044,14015,58,1100,1100,37,43630,20861,23854563,2251,78,429,2825,4493260,4493168,102,118,76,90,168,6677262,4268540,94,127,3177,333,1407,0,89,0,923,8251800,3014,0,512,8,1,4,262,16,4,266,8,2,1,10
7651.54,1624963003961,50.009022449,1,0,0,5,10,4,5,68,2,0,0,0,4,54,6605145,0,30,2,116,7667,2346167,21766,0,1,193440,139787,54452,55098,20495,11871,20504,11496,58,1092,1092,33,37093,17574,23287321,2243,71,426,2819,4507031,4506928,102,118,71,83,160,6604698,4290598,93,123,2996,321,1160,0,83,0,921,8092288,2751,0,454,8,1,4,233,13,4,237,8,2,1,10
7701.55,1624963060933,50.008989012,1,0,0,5,10,4,5,85,2,0,0,0,2,60,6372360,0,27,2,116,18644,2131241,21318,0,1,195211,141515,56976,57346,22511,12568,20951,10992,58,1094,1094,33,39521,19450,22012817,2247,76,426,5385,4491532,4491435,102,118,76,87,163,6372093,4269256,93,127,3021,328,1185,0,88,0,919,7693176,2723,0,456,8,1,4,249,13,4,253,8,2,1,10
7751.56,1624963117827,50.009047567,1,0,0,5,10,4,5,84,2,0,0,0,34,72,6569030,0,28,2,116,19638,2334868,22615,0,1,194648,140873,59076,59686,23952,14018,23989,13669,58,1084,1084,33,43078,20836,23236515,2227,79,424,2825,4487702,4487601,102,119,78,90,168,6568817,4265849,93,129,3153,332,1408,0,90,0,918,8122227,2836,0,487,7,1,4,256,16,4,260,7,2,1,9
7801.57,1624963174629,50.009068933,1,0,0,5,10,4,5,82,2,0,0,0,0,45,6404244,0,33,2,116,9596,2194234,22159,0,1,195503,141429,59316,60122,24061,13829,24112,13544,58,1136,1137,60,43306,20925,22338168,2277,76,429,2827,4464448,4464350,102,118,75,91,166,6403898,4241270,94,126,3206,336,1426,11,87,2,950,8041254,2857,0,485,8,1,4,259,16,4,263,8,2,1,10
7851.58,1624963231636,50.009277642,1,0,0,5,10,4,5,68,2,0,0,0,44,68,6701168,0,27,2,116,20460,2452385,22587,0,1,192892,139593,56338,57138,21728,12099,20838,10835,58,1096,1096,37,38102,18726,23914990,2243,78,425,2819,4498350,4498249,102,118,77,90,168,6700956,4281181,94,129,2998,319,1165,0,91,0,920,8297367,2847,0,476,8,1,4,230,13,4,234,8,2,1,10
7901.59,1624963288944,50.008796086,1,0,0,5,10,4,5,94,2,0,0,0,4,44,6666914,0,42,2,116,21401,2401131,22182,0,1,196548,142291,60186,60766,24006,13360,24009,13229,58,1098,1098,37,43687,20859,23681518,2247,77,427,2826,4520084,4519984,102,118,76,90,168,6666573,4295459,94,127,3186,336,1408,0,90,0,924,8194649,2810,0,484,8,1,4,245,16,4,249,8,2,1,10
7951.6,1624963345611,50.011830270,1,0,0,5,10,4,5,86,2,0,0,0,33,71,6657221,0,27,2,116,9455,2420771,23337,0,1,196147,142062,60559,61414,24155,13361,24211,13261,58,1099,1099,37,43931,20958,23738876,2249,81,426,2825,4491564,4491454,102,119,80,93,172,6656972,4267069,94,131,3174,333,1407,0,93,0,923,8456702,2914,0,484,8,1,4,258,16,4,262,8,2,1,10
8001.61,1624963402734,50.009957931,1,0,0,5,10,4,5,75,2,0,0,0,72,65,6491880,0,29,2,116,22840,2277104,22268,0,1,194760,140595,57278,58605,23077,13448,23879,13984,58,1093,1093,33,41881,20016,22804854,2245,74,428,2820,4469750,4469650,102,118,73,88,164,6491805,4249067,93,125,3151,326,1380,0,85,0,921,8068228,2946,0,490,8,1,4,260,16,4,264,8,2,1,10
8051.62,1624963459659,50.011548371,1,0,0,5,10,4,5,64,2,0,0,0,2,59,6613245,0,38,2,116,17217,2347401,22044,0,1,193152,139606,55172,55857,20724,11213,20738,11181,58,1136,1137,60,37495,17771,23339490,2277,73,430,2821,4514040,4513945,102,119,72,84,162,6612968,4297424,94,124,3041,327,1188,11,84,2,957,8175494,2756,0,442,8,1,4,218,13,4,222,8,2,1,10
8101.63,1624963516216,50.009183892,1,0,0,5,10,4,5,112,2,0,0,0,66,48,6818845,0,31,2,116,27780,2574468,22324,0,1,195347,141464,60037,60993,24273,13998,24346,13796,58,1087,1087,33,43577,21041,24702130,2233,88,426,2825,4496241,4496136,102,118,86,102,176,6818681,4273746,93,137,3163,332,1404,0,100,0,918,8644891,2977,0,502,8,1,4,257,16,4,261,8,2,1,10
8151.64,1624963573528,50.009108916,1,0,0,5,10,4,5,101,2,0,0,0,60,56,6603891,0,33,2,116,6185,2381728,23268,0,1,197008,142731,61013,61832,24307,13775,24375,13355,58,1102,1102,37,44133,21066,23449139,2255,85,428,2825,4481685,4481583,102,118,84,98,176,6603778,4256398,94,135,3183,332,1402,0,97,0,922,8221373,2956,0,505,8,1,4,260,16,4,264,8,2,1,10
8201.65,1624963630979,50.009456426,1,0,0,5,10,4,5,80,2,0,0,0,66,69,6463302,0,28,2,116,12662,2269585,22133,0,1,193483,139852,56531,58034,20820,11434,23494,13796,58,1095,1095,37,39075,17790,22710504,2241,76,426,2819,4445134,4445039,102,118,74,88,167,6463253,4226782,94,126,3065,324,1266,0,87,0,923,8057671,2952,0,466,8,1,4,262,16,4,266,8,2,1,10
8251.66,1624963687924,50.012113750,1,0,0,5,10,4,5,72,2,0,0,0,1,39,6364146,0,29,2,116,10540,2147799,22757,0,1,193841,140198,56333,57139,20839,11878,20907,11654,58,1102,1102,37,38103,17796,22041452,2255,78,426,2819,4466488,4466366,102,118,77,90,168,6363865,4248048,94,129,3015,320,1166,0,90,0,925,7927334,2710,0,441,8,1,4,231,13,4,235,8,2,1,10
8301.67,1624963744885,50.009315873,1,0,0,5,10,4,5,88,2,0,0,0,50,69,6502233,0,35,2,116,13960,2270727,22154,0,1,195407,141461,59352,60253,24043,13199,24096,12977,58,1134,1135,60,43282,20906,22808219,2273,77,431,2827,4487498,4487405,102,118,75,88,166,6502082,4265209,94,126,3204,337,1427,11,87,2,950,8082484,2927,0,481,7,1,4,260,16,4,264,7,2,1,9
8351.68,1624963801926,50.009150576,1,0,0,5,10,4,5,86,2,0,0,0,28,54,6386598,0,28,2,116,10521,2144850,21625,0,1,196123,141923,59153,60067,23998,13705,24077,13260,58,1094,1094,33,43131,20843,22124250,2247,79,427,5385,4495586,4495493,102,118,78,92,168,6386397,4270077,93,129,3181,334,1407,0,91,0,916,7710531,2860,0,460,8,1,4,253,16,4,257,8,2,1,10
8401.69,1624963858972,50.009166992,1,0,0,5,10,4,5,64,2,0,0,0,2,52,6471411,0,27,2,116,15327,2233626,23582,0,1,193226,139626,54371,55257,20517,11240,20598,11181,58,1091,1091,33,37126,17577,22611762,2241,71,425,2818,4482358,4482265,102,117,71,83,160,6471201,4266412,93,123,2990,316,1157,0,83,0,916,7881028,2690,0,428,8,1,4,234,13,4,238,8,2,1,10
8451.7,1624963915975,50.008677727,1,0,0,5,10,4,5,96,2,0,0,0,24,59,6561890,0,28,2,116,11899,2315819,22406,0,1,194648,141116,55930,56170,23327,13607,20610,10992,58,1092,1092,33,38294,20342,23115573,2243,72,425,2825,4495555,4495457,102,118,72,85,160,6561463,4277873,93,123,3011,327,1180,0,86,0,916,8097017,2782,0,419,8,1,4,249,13,4,253,8,2,1,10
8501.71,1624963972674,50.010624548,1,0,0,5,10,4,5,84,2,0,0,0,53,63,6601551,0,25,2,116,21257,2362027,22789,0,1,196684,142466,60113,61112,24028,14239,24134,13985,58,1095,1095,37,43686,20853,23416456,2241,77,428,2825,4497556,4497455,102,117,76,90,168,6601381,4272769,94,127,3164,332,1403,0,90,0,923,8282683,2931,0,478,7,1,4,251,16,4,255,7,2,1,9
8551.72,1624964029805,50.009069907,1,0,0,5,10,4,5,90,2,0,0,0,20,56,6728097,0,26,2,116,13250,2467419,22861,0,1,196498,142294,60244,61077,24032,14238,24091,14016,58,1095,1095,37,43644,20848,24073362,2241,78,427,2826,4518354,4518259,102,118,76,89,168,6727894,4293547,94,127,3166,336,1407,0,89,0,924,8517947,2811,0,468,8,1,4,259,16,4,263,8,2,1,10
8601.73,1624964086735,50.008567920,1,0,0,5,10,4,5,64,2,0,0,0,24,57,6531972,0,29,2,116,15461,2310938,22127,0,1,193771,140188,55965,56429,20703,11275,20722,10960,58,1101,1101,37,37858,17683,22984432,2253,74,430,2819,4472568,4472457,102,118,73,86,164,6531526,4254794,94,125,3008,322,1165,0,86,0,924,8240431,2792,0,448,8,1,4,239,13,4,243,8,2,1,10
8651.74,1624964143712,50.009149344,1,0,0,5,10,4,5,100,2,0,0,0,10,65,6655946,0,35,2,116,15028,2413267,21907,0,1,195472,141450,59172,59939,23985,14334,24020,14079,58,1091,1091,33,43157,20844,23714161,2241,79,425,2825,4494431,4494335,102,118,78,93,168,6655786,4271844,93,129,3169,336,1403,0,91,0,917,8163966,2806,0,460,8,1,4,256,16,4,260,8,2,1,10
8701.75,1624964200668,50.008935389,1,0,0,5,10,4,5,80,2,0,0,0,2,57,6622353,0,41,2,116,13189,2388765,22036,0,1,195929,141735,58739,59206,23833,13922,23825,13449,58,1093,1093,33,42838,20763,23525470,2245,75,425,2825,4487772,4487672,102,118,74,86,164,6622057,4265308,93,125,3183,334,1401,0,86,0,923,8175353,2792,0,460,8,1,4,255,16,4,259,8,2,1,10
8751.76,1624964257378,50.010620470,1,0,0,5,10,4,5,90,2,0,0,0,3,52,6243597,0,29,2,116,15133,2048676,23897,0,1,196084,141861,59150,59916,23966,14082,24012,13669,58,1094,1094,33,43100,20835,21454454,2247,78,426,2825,4451040,4450939,102,118,78,90,168,6243351,4227922,93,129,3171,332,1401,0,91,0,913,7606406,2742,0,474,8,1,4,259,16,4,263,8,2,1,10
8801.77,1624964314386,50.008880605,1,0,0,5,10,4,5,64,2,0,0,0,6,80,5961766,0,27,2,116,9259,1831159,20324,0,1,192892,139538,55900,56624,20737,11465,20790,11117,58,1093,1093,37,37866,17710,19941781,2237,74,425,2819,4381414,4381321,102,118,73,86,164,5961501,4163921,94,125,2989,319,1168,0,87,0,925,7194413,2686,0,438,8,1,4,236,13,4,240,8,2,1,10
8851.78,1624964371536,50.009541510,1,0,0,5,10,4,5,93,2,0,0,0,90,49,6677915,0,33,2,116,8524,2434710,22858,0,1,196044,142102,60780,61631,24236,13705,24293,13385,58,1138,1139,64,44054,21038,23841637,2273,79,432,2827,4500014,4499910,102,118,77,90,170,6677680,4275579,95,128,3199,336,1432,11,90,2,952,8412485,3116,0,528,8,1,4,251,16,4,255,8,2,1,10
8901.79,1624964429025,50.009270097,1,0,0,5,10,4,5,100,2,0,0,0,36,71,6423033,0,26,2,116,15854,2189483,23316,0,1,196569,142394,60672,61542,24124,14273,24192,13826,58,1101,1101,37,43849,20940,22358439,2253,82,427,2826,4487316,4487218,102,118,80,94,172,6422912,4262259,94,131,3187,336,1417,0,93,0,924,8077809,2902,0,502,8,1,4,264,16,4,268,8,2,1,10
8951.8,1624964485597,50.010128186,1,0,0,5,10,4,5,80,2,0,0,0,39,58,6348266,0,25,2,116,16736,2132216,20616,0,1,193246,139846,55892,56538,20682,10992,20728,10740,58,1095,1095,37,37852,17684,21955663,2241,74,425,2819,4462728,4462625,102,118,73,87,164,6347895,4245105,94,125,2992,320,1172,0,87,0,925,7929874,2823,0,454,8,1,4,241,13,4,245,8,2,1,10
9001.81,1624964542356,50.008932721,1,0,0,5,10,4,5,66,2,0,0,0,42,59,6428304,0,28,2,116,5078,2185266,22290,0,1,193258,139748,54415,55051,20510,11461,20505,11496,58,1094,1094,33,37127,17555,22291006,2247,72,428,5379,4494194,4494098,102,117,71,84,160,6428025,4276073,93,123,3002,320,1168,0,83,0,911,7731966,2816,0,470,8,1,4,240,13,4,244,8,2,1,10
9051.82,1624964599169,50.011132799,1,0,0,5,10,4,5,116,2,0,0,0,13,60,6558118,0,29,2,116,7696,2316459,22943,0,1,195034,141111,58941,59347,23937,13263,23973,13260,58,1087,1087,33,43067,20798,23103183,2233,78,424,2824,4495096,4494985,102,118,78,91,168,6557772,4273282,93,129,3157,329,1398,0,91,0,907,8203934,2803,0,467,8,1,4,259,16,4,263,8,2,1,10
9101.83,1624964655992,50.009282292,1,0,0,5,10,4,5,132,2,0,0,0,0,48,6990422,0,44,2,116,14018,2703549,24470,0,1,194893,141045,61147,61977,24633,13720,24677,13512,58,1130,1131,60,44167,21297,25531453,2265,93,427,2827,4542876,4542766,102,119,91,103,182,6990219,4319354,94,142,3198,336,1425,11,103,2,949,8906895,2817,0,499,8,1,4,248,16,4,252,8,2,1,10
9151.84,1624964712624,50.008711369,1,0,0,5,10,4,5,90,2,0,0,0,4,74,6440355,0,27,2,116,20137,2188061,21367,0,1,193700,140098,56291,56863,20820,10901,20810,10646,58,1098,1098,37,38050,17771,22327697,2246,78,425,2819,4503511,4503397,102,117,77,90,168,6439948,4285194,94,129,3006,319,1168,0,90,0,923,7917755,2739,0,451,8,1,4,240,13,4,244,8,2,1,10
9201.85,1624964769338,50.009255299,1,0,0,5,10,4,5,70,2,0,0,0,2,56,6509195,0,28,2,116,20994,2270080,21080,0,1,193224,139757,56360,57277,20816,11058,20900,10866,58,1100,1100,37,38066,17783,22824648,2251,78,424,2820,4488068,4487973,102,118,77,92,168,6509075,4269990,94,129,3007,323,1168,0,90,0,927,7992779,2689,0,445,8,1,4,236,13,4,240,8,2,1,10
9251.86,1624964826404,50.008971044,1,0,0,5,10,4,5,91,2,0,0,0,14,62,6566107,0,34,2,116,15016,2302375,22652,0,1,196455,142236,60048,60674,23983,13830,24000,13512,58,1106,1106,37,43604,20846,23083189,2262,77,426,2825,4520394,4520294,102,118,76,89,168,6565926,4296032,94,127,3190,336,1410,0,89,0,925,8098047,2856,0,481,8,1,4,256,16,4,260,8,2,1,10
9301.87,1624964883611,50.008777628,1,0,0,5,10,4,5,90,2,0,0,0,2,57,6551689,0,33,2,116,15163,2306182,23749,0,1,195923,141722,58650,59197,23826,13353,23833,13135,58,1095,1095,33,42861,20756,23088008,2249,75,425,2825,4499808,4499709,102,118,74,87,164,6551355,4277468,93,125,3178,335,1404,0,86,0,914,7948962,2756,0,475,8,1,4,264,16,4,268,8,2,1,10
9351.88,1624964940787,50.009088897,1,0,0,5,10,4,5,73,2,0,0,0,50,39,6811961,0,39,2,116,11013,2579910,22416,0,1,193349,139822,55457,56164,20890,11090,20918,10677,58,1134,1135,60,37720,17838,24632483,2273,77,428,2820,4482522,4482427,102,118,76,88,166,6811797,4266143,94,128,3032,321,1182,11,88,2,951,8416576,2907,0,486,8,1,4,224,13,4,228,8,2,1,10
9401.89,1624964997678,50.008890813,1,0,0,5,10,4,5,88,2,0,0,0,18,52,6394049,0,28,2,116,21243,2181619,22491,0,1,196277,142038,59526,60184,24083,13709,24095,13197,58,1091,1091,33,43281,20915,22256548,2241,82,426,2825,4468851,4468743,102,118,82,94,172,6393751,4245689,93,133,3171,332,1402,0,94,0,914,7934348,2850,0,482,8,1,4,257,16,4,261,8,2,1,10
9451.9,1624965054407,50.010350838,1,0,0,5,10,4,5,80,2,0,0,0,26,52,6655829,0,28,2,116,7318,2385843,22925,0,1,195945,141889,59980,60465,23990,13861,23997,13701,58,1095,1095,37,43640,20854,23590094,2241,77,425,2825,4526315,4526210,102,117,76,89,168,6655372,4302511,94,127,3166,332,1402,0,89,0,918,8391230,2854,0,488,8,1,4,264,16,4,268,8,2,1,10
9501.91,1624965111627,50.009451792,1,0,0,5,10,4,5,70,2,0,0,0,4,49,6587671,0,48,2,114,13065,2338284,23307,0,1,194854,140652,58852,60070,22704,12480,24038,13354,57,1101,1101,37,42057,19547,23270067,2253,81,427,2820,4503039,4502938,100,116,79,94,172,6587621,4280417,94,131,3179,328,1385,0,93,0,923,8166863,2764,0,470,8,1,4,264,16,4,268,8,2,1,10
9551.92,1624965168218,50.009327627,1,0,0,5,10,4,5,87,2,0,0,0,42,45,6792555,0,37,2,116,20847,2530342,23558,0,1,193500,140042,57275,58197,21077,11288,21169,11150,58,1102,1102,37,38529,17950,24432064,2255,87,426,2819,4513841,4513739,102,118,85,99,176,6792394,4295258,94,137,3013,320,1164,0,99,0,925,8390888,2933,0,499,8,1,4,247,13,4,251,8,2,1,10
9601.93,1624965225596,50.009041958,1,0,0,5,10,4,5,82,2,0,0,0,2,51,6335692,0,34,2,116,17895,2171096,21825,0,1,196013,141799,58742,59593,23822,13669,23860,13575,58,1099,1099,33,42898,20745,22099074,2257,76,426,2825,4419719,4419619,102,118,74,87,164,6335458,4196785,93,125,3188,333,1406,0,87,0,917,7923529,2819,0,467,8,1,4,252,16,4,256,8,2,1,10
9651.94,1624965282186,50.009265539,1,0,0,5,10,4,5,86,2,0,0,0,26,60,6696857,0,40,2,116,19508,2446841,22556,0,1,195364,141422,59748,60585,24149,14147,24212,13638,58,1132,1133,60,43505,21000,23920943,2269,81,429,5386,4508363,4508266,102,118,79,91,170,6696722,4282939,94,130,3199,333,1433,11,91,2,949,8251579,2916,0,474,8,1,4,255,16,4,259,8,2,1,10
9701.95,1624965339146,50.009147753,1,0,0,5,10,4,5,70,2,0,0,0,40,62,6742715,0,30,2,116,25159,2482914,22586,0,1,191856,138750,54866,55598,20633,11055,20706,10803,58,1085,1085,33,37299,17669,24129977,2229,76,423,2818,4507178,4507083,102,118,75,92,164,6742424,4292593,93,127,2983,316,1165,0,87,0,910,8560261,2867,0,462,8,1,4,235,13,4,239,8,2,1,10
9751.97,1624965396601,50.015745168,1,0,0,5,10,4,5,101,2,0,0,0,92,62,6566970,0,34,2,116,22325,2347599,22488,0,1,194848,141432,58559,59118,22646,12230,21336,10835,58,1090,1090,33,40044,19455,23251373,2239,86,428,2825,4472457,4472355,102,118,85,97,175,6566669,4253567,95,136,3014,330,1184,0,97,0,918,8274147,2974,0,487,8,1,4,247,13,4,251,8,2,1,10
9801.98,1624965453010,50.009074194,1,0,0,5,10,4,5,88,2,0,0,0,18,53,6529467,0,33,2,116,7909,2293304,22441,0,1,196501,142284,60576,61518,24146,14276,24243,13985,58,1101,1101,37,43889,20943,22972524,2252,81,426,2825,4494289,4494188,102,118,80,96,172,6529258,4269506,94,131,3179,332,1403,0,94,0,921,7944084,2853,0,476,8,1,4,260,16,4,264,8,2,1,10
9851.99,1624965510086,50.009168405,1,0,0,5,10,4,5,80,2,0,0,0,74,70,6571475,0,34,2,116,13481,2346066,23441,0,1,196437,142327,60184,61002,24066,13893,24097,13669,58,1097,1097,37,43625,20845,23276582,2245,78,428,2826,4484159,4484061,102,117,76,91,168,6571355,4260071,94,127,3173,338,1407,0,91,0,923,7909765,2995,0,498,8,1,4,259,16,4,263,8,2,1,10
9902,1624965567516,50.009169173,1,0,0,5,10,4,5,80,2,0,0,0,6,60,6513111,0,41,2,116,7531,2249566,22905,0,1,192808,139485,57058,58102,21010,11408,21165,11244,58,1144,1145,64,38470,17965,22746251,2285,80,428,2821,4511765,4511665,102,118,78,92,170,6512949,4293370,95,130,3048,324,1188,11,91,2,957,7899913,2774,0,446,8,1,4,237,13,4,241,8,2,1,10
9952.01,1624965623978,50.009276756,1,0,0,5,10,4,5,86,2,0,0,0,6,53,6357101,0,34,2,116,18862,2155978,21277,0,1,195283,141217,57171,58045,23584,14046,23651,13921,58,1097,1097,33,42245,20591,22078855,2253,76,424,2825,4450229,4450133,102,118,74,86,159,6356866,4229219,89,124,3186,332,1403,0,85,0,917,7700545,2799,0,458,8,1,4,248,16,4,252,8,2,1,10
10002,1624965680362,50.009076244,1,0,0,5,10,4,5,86,2,0,0,0,26,61,6514189,0,38,2,116,10847,2265595,21312,0,1,195873,141736,59062,59820,23962,13830,23995,13575,58,1095,1095,33,43075,20824,22851614,2249,80,426,2824,4500937,4500837,102,118,78,90,168,6514043,4278306,93,129,3175,330,1398,0,91,0,916,7862665,2852,0,468,8,1,4,263,16,4,267,8,2,1,10
10052,1624965737276,50.012144714,1,0,0,5,10,4,5,96,2,0,0,0,1,56,6407019,0,30,2,116,6029,2184422,23456,0,1,195880,141695,58674,59472,23842,13888,23915,13732,58,1094,1094,33,42991,20742,22299592,2247,76,426,2825,4473555,4473458,102,118,74,86,164,6406727,4251173,93,125,3173,332,1400,0,86,0,915,7686229,2794,0,456,8,1,4,248,16,4,252,8,2,1,10
10102,1624965794060,50.009188961,1,0,0,5,10,4,5,75,2,0,0,0,2,67,6354912,0,29,2,116,7615,2180215,21283,0,1,192904,139528,55944,56770,20725,11530,20784,11150,58,1097,1097,37,37931,17692,22130797,2245,75,424,2819,4422688,4422597,102,118,73,89,164,6354739,4205166,94,125,2997,319,1164,0,89,0,923,7620052,2735,0,437,8,1,4,228,13,4,232,8,2,1,10
10152,1624965851369,50.009001543,1,0,0,5,10,4,5,90,2,0,0,0,64,51,6528569,0,38,2,116,4423,2300914,23487,0,1,196705,142531,60954,61702,24240,14243,24286,13985,58,1144,1145,64,44055,21037,23010671,2285,78,432,2828,4484121,4484014,102,118,77,90,170,6528335,4258688,95,128,3221,340,1434,11,90,2,961,8002177,3031,0,494,8,1,4,259,16,4,263,8,2,1,10
10202,1624965908127,50.009534289,1,0,0,5,10,4,5,103,2,0,0,0,64,60,6705341,0,31,2,116,22829,2459463,22842,0,1,197002,142744,61076,61954,24321,13900,24403,13796,58,1102,1102,37,44084,21036,24009650,2255,86,429,2825,4504762,4504656,102,118,84,98,176,6705176,4279459,95,136,3186,333,1408,0,97,0,923,8356741,2975,0,506,8,1,4,268,16,4,272,8,2,1,10
10252,1624965965013,50.008688944,1,0,0,5,10,4,5,73,2,0,0,0,80,52,6499932,0,36,2,116,7119,2264551,23226,0,1,193321,139845,54967,55604,20682,11025,20671,10488,58,1092,1092,33,37321,17651,22750395,2243,76,429,2819,4482313,4482214,102,118,75,88,164,6499550,4266472,93,127,3004,321,1160,0,88,0,916,8134060,2960,0,469,8,1,4,231,13,4,235,8,2,1,10
10302,1624966022114,50.008688498,1,0,0,5,10,4,5,64,2,0,0,0,82,44,6774546,0,59,2,116,17977,2514010,22680,0,1,193419,139894,54402,55145,20490,11589,20520,10992,58,1095,1095,33,37131,17583,24324933,2249,72,429,5378,4507233,4507134,102,118,71,85,160,6774185,4289346,93,123,3022,316,1155,0,83,0,914,8483863,2986,0,482,8,1,4,238,13,4,242,8,2,1,10
10352,1624966079035,50.009326045,1,0,0,5,10,4,5,113,2,0,0,0,40,65,6699457,0,44,2,116,16640,2451647,23051,0,1,196507,142261,61007,61869,24560,13438,24612,13071,58,1095,1095,33,43961,21217,23963904,2249,96,427,2824,4505262,4505149,102,118,94,107,184,6699289,4281004,93,145,3181,329,1397,0,107,0,921,8222396,2912,0,494,8,1,4,257,16,4,261,8,2,1,10
10402,1624966136389,50.009215726,1,0,0,5,10,4,5,86,2,0,0,0,28,58,6554642,0,39,2,114,15111,2323565,21689,0,1,195886,141677,57457,58509,23659,13733,23762,13543,57,1099,1099,35,42762,20643,23138565,2253,75,427,2825,4484822,4484718,100,116,75,89,161,6554386,4263437,90,126,3181,331,1404,0,88,0,918,7956111,2869,0,489,8,1,4,248,16,4,252,8,2,1,10
10452,1624966193061,50.008896011,1,0,0,5,10,4,5,79,2,0,0,0,66,65,6508471,0,46,2,114,12116,2295371,22857,0,1,193652,140216,57709,58635,21207,11444,21316,11276,57,1145,1146,64,38712,18053,22892198,2287,83,428,2822,4466436,4466324,100,115,82,98,174,6508226,4246872,95,134,3058,329,1197,11,95,2,956,8073682,2901,0,482,8,1,4,246,13,4,250,8,2,1,10
10502,1624966250125,50.008704935,1,0,0,5,10,4,5,88,2,0,0,0,50,58,6764050,0,35,2,116,9837,2513024,22760,0,1,193803,140310,56836,56725,20751,11088,20685,10772,58,1103,1103,37,38112,17745,24272697,2257,74,427,2824,4501031,4500932,102,118,73,87,164,6763704,4282429,94,125,3027,331,1185,0,87,0,929,8596816,2896,0,466,8,1,4,225,13,4,229,8,2,1,10
10552,1624966306728,50.009189112,1,0,0,5,10,4,5,86,2,0,0,0,24,48,6695259,0,36,2,116,7349,2469232,23684,0,1,196039,141974,60603,61502,24129,13802,24194,13386,58,1101,1101,37,43821,20960,24019555,2253,82,425,2825,4483680,4483580,102,117,80,94,172,6695087,4258716,94,131,3187,334,1418,0,93,0,923,8286217,2851,0,484,8,1,4,260,16,4,264,8,2,1,10
10602,1624966363541,50.009225284,1,0,0,5,10,4,5,95,2,0,0,0,0,48,6396197,0,37,2,116,15311,2185386,23399,0,1,195313,141298,59598,60483,26183,15601,24207,13513,58,1095,1095,33,43433,23000,22308563,2249,84,424,2825,4465833,4465727,102,118,82,99,172,6396032,4242543,93,133,3176,329,1397,0,96,0,912,7901229,2777,0,468,8,1,4,268,16,4,272,8,2,1,10
10652,1624966420496,50.008687776,1,0,0,5,10,4,5,80,2,0,0,0,48,59,6729370,0,40,2,116,16023,2484907,23294,0,1,191962,138812,54893,55447,20635,10964,20658,10772,58,1087,1087,33,37325,17664,24085570,2233,75,424,2818,4493154,4493049,102,117,75,89,163,6728990,4277995,93,127,2990,316,1157,0,89,0,914,8485844,2885,0,482,8,1,4,241,13,4,245,8,2,1,10
10702,1624966477015,50.009252705,1,0,0,5,10,4,5,94,2,0,0,0,28,59,6431208,0,47,2,116,11104,2213434,22302,0,1,196209,142061,59258,59511,24085,13676,21524,10930,58,1143,1144,60,42882,20923,22465012,2291,81,431,2827,4471404,4471306,102,118,78,89,167,6430973,4247756,94,129,3213,333,1407,11,90,2,950,7816616,2877,0,467,8,1,4,233,13,4,237,8,2,1,10
10752,1624966533995,50.009213730,1,0,0,5,10,4,5,108,2,0,0,0,62,50,6608485,0,57,2,116,28414,2364809,22995,0,1,197246,142929,62147,63144,24581,14037,24710,13733,58,1108,1108,37,44492,21218,23445804,2267,93,429,2826,4504270,4504160,102,115,92,106,184,6608315,4277380,94,143,3217,345,1416,0,105,0,930,7962730,3005,0,523,8,1,4,248,16,4,252,8,2,1,10
10802,1624966590832,50.009090643,1,0,0,5,10,4,5,90,2,0,0,0,48,54,6527833,0,39,2,116,5759,2296398,22891,0,1,196758,142534,61184,61987,24330,13838,24377,13732,58,1106,1106,37,44079,21054,22968705,2263,85,427,2826,4489193,4489084,102,118,84,97,176,6527648,4263178,94,135,3200,337,1416,0,97,0,931,7971087,2945,0,504,7,1,4,255,16,4,259,7,2,1,9
10852,1624966648130,50.009304832,1,0,0,5,10,4,5,68,2,0,0,0,2,55,6507234,0,31,2,116,9700,2276981,23012,0,1,193190,139742,56362,57332,20818,11468,20920,11464,58,1100,1100,37,38105,17758,22817562,2251,78,424,2819,4478827,4478728,102,118,77,93,168,6507032,4260497,94,129,3003,320,1164,0,90,0,919,8215515,2689,0,455,8,1,4,229,13,4,233,8,2,1,10
10902,1624966705310,50.008500918,1,0,0,5,10,4,5,80,2,0,0,0,50,60,6766312,0,34,2,116,7541,2509140,23397,0,1,195781,141692,58634,59097,23814,14204,23824,13795,58,1094,1095,33,42879,20747,24300911,2247,75,427,2825,4511211,4511118,102,117,74,89,164,6765879,4288931,93,125,3180,333,1406,0,87,0,916,8606407,2934,0,498,8,1,4,265,16,4,269,8,2,1,10
10952,1624966762158,50.009228082,1,0,0,5,10,4,5,86,2,0,0,0,34,42,6481146,0,45,2,116,10357,2229159,22589,0,1,195899,141779,59732,60495,24174,14337,24214,13921,58,1140,1141,60,43458,21012,22625338,2285,79,431,5386,4510498,4510404,102,118,79,91,170,6480977,4284453,94,130,3217,333,1423,11,92,2,951,8044249,2900,0,494,8,1,4,253,16,4,257,8,2,1,10
11002,1624966818676,50.012625220,1,0,0,5,10,4,5,76,2,0,0,0,26,49,6728357,0,38,2,116,18643,2482342,22721,0,1,194334,140160,56175,57572,20912,12035,23550,14110,58,1095,1095,33,38792,17832,24107037,2249,81,427,2818,4498444,4498344,102,118,80,93,171,6728143,4279324,93,132,3147,321,1361,0,92,0,914,8227647,2817,0,496,8,1,4,256,16,4,260,8,2,1,10
11052,1624966875144,50.008734837,1,0,0,5,10,4,5,70,2,0,0,0,16,56,6425045,0,43,2,116,12778,2204410,21775,0,1,193902,140261,56385,56982,20840,11467,20842,11401,58,1108,1108,37,38051,17771,22359715,2267,78,427,2819,4472687,4472578,102,118,77,90,168,6424710,4254298,94,129,3027,321,1161,0,90,0,920,7595587,2782,0,468,8,1,4,236,13,4,240,8,2,1,10
11102,1624966932210,50.009240276,1,0,0,5,10,4,5,117,2,0,0,0,26,61,6717940,0,58,2,116,21425,2450561,23427,0,1,196092,142056,62129,63049,24595,14098,24671,13543,58,1105,1105,37,44500,21211,23985247,2260,94,425,2826,4526201,4526084,102,117,92,105,184,6717768,4300593,94,143,3211,336,1408,0,105,0,926,8107535,2974,0,513,8,1,4,252,16,4,256,8,2,1,10
11152,1624966989463,50.008646334,1,0,0,5,10,4,5,94,2,0,0,0,50,59,6537509,0,39,2,116,17097,2314179,22389,0,1,196258,142160,60224,60601,24017,13609,24057,13417,58,1102,1103,37,43660,20864,23066375,2255,77,426,2826,4481414,4481308,102,117,76,89,168,6537034,4257122,94,127,3190,336,1406,0,89,0,921,8157781,2891,0,488,8,1,4,267,16,4,271,8,2,1,10
11202,1624967046107,50.012626686,1,0,0,5,10,4,5,70,2,0,0,0,39,37,6500602,0,38,2,114,7338,2278868,22994,0,1,193387,139796,55045,56316,20693,11310,20830,11023,57,1096,1096,33,37365,17678,22824333,2251,76,431,2819,4471110,4471016,100,116,75,92,164,6500556,4255175,93,127,3016,322,1164,0,90,0,916,7811377,2843,0,494,8,1,4,226,13,4,230,8,2,1,10
11252,1624967103062,50.009239760,1,0,0,5,10,4,5,94,2,0,0,0,42,56,6638948,0,31,2,116,20181,2419320,22369,0,1,194336,140947,56942,57393,22089,12036,21079,11149,58,1088,1088,33,39165,18963,23679083,2235,82,425,2824,4470453,4470352,102,117,80,92,168,6638711,4252621,93,131,3012,324,1181,0,92,0,912,8471344,2845,0,459,8,1,4,226,13,4,230,8,2,1,10
11302,1624967159952,50.009652427,1,0,0,5,10,4,5,80,2,0,0,0,2,32,6433078,0,33,2,116,19682,2162349,21490,0,1,196055,141807,58585,59095,23825,14014,23847,13575,58,1097,1097,33,42863,20731,22278123,2253,75,426,2824,4525381,4525275,102,115,74,86,164,6432250,4302986,93,125,3176,329,1398,0,86,0,914,7585212,2810,0,452,8,1,4,264,16,4,268,8,2,1,10
11352,1624967216925,50.010756417,1,0,0,5,10,4,5,80,2,0,0,0,16,44,6575030,0,40,2,116,7452,2311519,24282,0,1,196179,142021,60032,61023,24014,13388,24055,13009,58,1099,1099,35,43532,20872,23141038,2253,78,426,2825,4519707,4519608,102,118,76,89,167,6574627,4295627,94,127,3183,334,1402,0,89,0,924,8110729,2817,0,463,8,1,4,267,16,4,271,8,2,1,10
11402,1624967273867,50.009241884,1,0,0,5,10,4,5,78,2,0,0,0,2,29,6667985,0,35,2,114,6755,2402577,21457,0,1,192959,139594,56951,57843,21014,11755,21031,11340,57,1101,1101,37,38295,17876,23652282,2253,83,423,2820,4515494,4515392,100,116,81,95,172,6667825,4297246,94,133,3011,323,1167,0,94,0,927,8109496,2746,0,433,7,1,4,239,13,4,243,7,2,1,9
11452,1624967330466,50.009152462,1,0,0,5,10,4,5,82,2,0,0,0,28,45,6558195,0,39,2,114,10630,2315985,22640,0,1,195100,141314,60702,61684,24136,14055,24245,14110,58,1098,1098,37,43822,20947,23107083,2247,82,424,2826,4499626,4499525,102,118,80,100,172,6558024,4275730,94,131,3181,336,1410,0,94,0,926,8155836,2867,0,467,8,1,4,258,16,4,262,8,2,1,10
11502,1624967387144,50.014391259,1,0,0,5,10,4,5,86,2,0,0,0,1,55,6401970,0,41,2,116,13422,2165151,23476,0,1,195808,141782,61265,62167,24333,13648,24434,13355,58,1146,1147,64,44170,21112,22246816,2287,83,428,2827,4493260,4493158,102,118,81,95,174,6401716,4267630,95,132,3223,337,1435,11,94,2,956,8047263,2767,0,451,8,1,4,273,16,4,277,8,2,1,10
11552,1624967443677,50.008731990,1,0,0,5,10,4,5,92,2,0,0,0,24,49,6479472,0,36,2,116,3965,2215296,22877,0,1,195695,141619,59480,59963,24093,14116,24095,13670,58,1094,1094,33,43271,20901,22538031,2247,83,425,2824,4519511,4519398,102,118,82,95,172,6479106,4296991,93,133,3172,329,1399,0,95,0,909,7790810,2854,0,467,8,1,4,251,16,4,255,8,2,1,10
11602,1624967500553,50.009422250,1,0,0,5,10,4,5,66,2,0,0,0,0,48,6706902,0,33,2,116,15525,2416501,22305,0,1,192489,139090,54334,55195,20506,11240,20585,11024,58,1091,1091,33,37135,17563,23801627,2241,73,424,2818,4537012,4536923,102,118,71,83,160,6706718,4321868,93,123,2996,316,1158,0,83,0,915,8268266,2743,0,444,8,1,4,227,13,4,231,8,2,1,10
11652,1624967557126,50.011510636,1,0,0,5,10,4,5,90,2,0,0,0,14,44,6202555,0,33,2,116,12336,1977460,22087,0,1,196206,142039,60688,61596,24302,13995,24364,13701,58,1097,1097,35,43976,21012,21080201,2249,86,425,2825,4480247,4480141,102,118,84,97,175,6202561,4255964,94,135,3173,334,1405,0,97,0,923,7434306,2808,0,471,8,1,4,264,16,4,268,8,2,1,10
11702,1624967614185,50.009778811,1,0,0,5,10,4,5,91,2,0,0,0,24,86,6475424,0,33,2,116,12018,2261480,22060,0,1,195087,141303,60634,61428,24183,14021,24255,13920,58,1092,1092,37,43882,20959,22735794,2235,81,422,2826,4469101,4468992,102,118,80,93,172,6475234,4245427,94,131,3164,336,1410,0,93,0,921,7888543,2847,0,496,8,1,4,257,16,4,261,8,2,1,10
11752,1624967671129,50.009839808,1,0,0,5,10,4,5,70,2,0,0,0,20,66,6150434,0,39,2,114,5899,1959960,21509,0,1,194157,140189,58525,59883,21687,12260,23977,13670,57,1146,1147,64,40668,18515,20879433,2289,81,430,2822,4440671,4440572,100,115,79,96,173,6150411,4218830,95,131,3204,332,1413,11,94,2,957,7309041,2861,0,489,8,1,4,259,16,4,263,8,2,1,10
11802,1624967727361,50.012037312,1,0,0,5,10,4,5,70,2,0,0,0,15,41,6599366,0,37,2,116,8971,2346684,22640,0,1,193584,140029,56348,57170,20839,11279,20923,11275,58,1103,1103,37,38057,17790,23279920,2257,79,426,2819,4504706,4504599,102,118,77,91,168,6599126,4286686,94,129,3022,321,1168,0,90,0,929,8341447,2741,0,445,8,1,4,237,13,4,241,8,2,1,10
11852,1624967783682,50.009329126,1,0,0,5,10,4,5,102,2,0,0,0,0,49,6578388,0,57,2,116,11572,2299462,23645,0,1,194469,140960,58294,58532,23846,13736,21311,11055,58,1093,1093,33,41926,20761,23099743,2245,78,424,2824,4530922,4530831,102,118,77,88,165,6578195,4310777,93,128,3058,342,1237,0,89,0,911,8305670,2714,0,444,8,1,4,227,13,4,231,8,2,1,10
11902,1624967840439,50.009233023,1,0,0,5,10,4,5,86,2,0,0,0,2,26,6609078,0,48,2,116,7835,2323972,23837,0,1,195743,141596,59041,59887,23975,13988,24017,13733,58,1096,1096,33,43100,20829,23273581,2251,80,425,2824,4538587,4538490,102,118,78,90,168,6608876,4315972,93,129,3189,329,1398,0,90,0,913,8233136,2773,0,458,8,1,4,256,16,4,260,8,2,1,10
11952,1624967897467,50.009084813,1,0,0,5,10,4,5,86,2,0,0,0,0,32,6395936,0,36,2,116,5741,2181557,20796,0,1,195812,141647,59089,60013,23992,14711,24073,14331,58,1097,1097,33,43152,20829,22253859,2253,80,425,2825,4468603,4468505,102,118,78,91,168,6395781,4246011,93,129,3180,332,1400,0,90,0,913,7808482,2861,0,473,8,1,4,258,16,4,262,8,2,1,10
12002,1624967954385,50.008850608,1,0,0,5,10,4,5,84,2,0,0,0,26,51,6660772,0,32,2,116,4529,2429536,22578,0,1,193517,140008,56445,57037,20820,11375,20827,11212,58,1100,1100,37,38046,17768,23718036,2251,78,430,2820,4479447,4479340,102,118,77,92,168,6660336,4261502,94,129,3007,324,1167,0,92,0,930,8303003,2834,0,454,8,1,4,233,13,4,237,8,2,1,10
12052,1624968011172,50.008751949,1,0,0,5,10,4,5,117,2,0,0,0,22,42,6651469,0,32,2,114,12044,2383883,22995,0,1,195492,141586,60648,61306,24175,13675,24150,13418,57,1095,1095,37,43832,20924,23591541,2241,80,424,5386,4525682,4525569,100,116,80,93,172,6651107,4298912,94,131,3178,336,1412,0,93,0,923,8312844,2854,0,475,8,1,4,250,16,4,254,8,2,1,10
12102,1624968068010,50.008496219,1,0,0,5,10,4,5,98,2,0,0,0,2,30,6445640,0,33,2,116,3642,2216748,22009,0,1,196537,142309,61420,62006,24452,13934,24427,13481,58,1102,1102,37,44172,21086,22489964,2255,88,425,2825,4486796,4486668,102,118,88,102,180,6445216,4261187,94,139,3183,333,1406,0,101,0,919,7786605,2826,0,476,8,1,4,255,16,4,259,8,2,1,10
12152,1624968124815,50.009340679,1,0,0,5,10,4,5,87,2,0,0,0,0,52,6729781,0,36,2,116,13257,2510367,23057,0,1,193456,139518,56971,58181,22265,12223,23825,13386,58,1091,1091,33,41073,19193,24227714,2241,79,423,2818,4470062,4469961,102,118,77,90,168,6729686,4250641,93,129,3152,320,1377,0,89,0,918,8405417,2760,0,470,8,1,4,258,16,4,262,8,2,1,10
12202,1624968181477,50.009104028,1,0,0,5,10,4,5,75,2,0,0,0,48,62,6442376,0,31,2,116,19850,2226954,21926,0,1,191262,138298,54297,55155,21414,11964,20590,10866,58,1082,1082,33,37173,18510,22492632,2223,73,423,2818,4462781,4462686,102,118,71,84,160,6442152,4249050,93,123,2974,316,1156,0,83,0,913,7847247,2846,0,474,8,1,4,233,13,4,237,8,2,1,10
12252,1624968238136,50.009099781,1,0,0,5,10,4,5,88,2,0,0,0,2,61,6251392,0,36,2,116,13151,2081698,22081,0,1,195260,141267,59132,59854,23981,13863,24020,13669,58,1091,1091,33,43150,20853,21587572,2241,79,424,2825,4421752,4421651,102,117,78,94,168,6251047,4199452,93,129,3174,334,1413,0,91,0,915,7552234,2796,0,470,8,1,4,260,16,4,264,8,2,1,10
12302,1624968294904,50.008750071,1,0,0,5,10,4,5,92,2,0,0,0,38,36,6509882,0,37,2,116,13516,2289781,22746,0,1,196720,142512,61803,62397,24494,14187,24530,13857,58,1139,1140,64,44533,21228,22946305,2275,86,428,2828,4475512,4475396,102,118,85,98,178,6509455,4249418,95,136,3214,340,1437,11,99,2,956,8016952,2919,0,496,8,1,4,252,16,4,256,8,2,1,10
12352,1624968351868,50.010049428,1,0,0,5,10,4,5,82,2,0,0,0,50,69,6253119,0,32,2,116,13559,2044073,21723,0,1,193331,139854,56598,58091,20830,11559,23485,13701,58,1100,1100,37,38138,17762,21387250,2251,76,425,2820,4457888,4457794,102,118,74,89,167,6253030,4239735,94,126,3023,326,1184,0,87,0,923,7553411,2885,0,496,7,1,4,246,16,4,250,7,2,1,9
12402,1624968408681,50.009206036,1,0,0,5,10,4,5,68,2,0,0,0,28,47,6439983,0,48,2,114,11580,2207462,22948,0,1,193898,140286,56433,57207,20835,11311,20859,11212,57,1106,1106,37,38133,17762,22430672,2263,79,427,2819,4482650,4482552,100,116,77,90,168,6439909,4264335,94,129,3031,330,1170,0,90,0,926,7928241,2779,0,471,8,1,4,229,13,4,233,8,2,1,10
12452,1624968465887,50.009066283,1,0,0,5,10,4,5,94,2,0,0,0,58,67,6319760,0,29,2,116,13856,2111791,22272,0,1,195582,141592,59047,59794,23954,13546,23999,13481,58,1086,1086,33,43132,20824,21802073,2231,79,426,2824,4463633,4463529,102,118,78,90,168,6319597,4241559,93,129,3154,330,1399,0,90,0,912,7705722,2913,0,509,8,1,4,265,16,4,269,8,2,1,10
12502,1624968522686,50.010779062,1,0,0,5,10,4,5,113,2,0,0,0,70,34,6680029,0,33,2,116,12797,2433793,22950,0,1,196071,141944,59026,59936,23968,13200,24085,12851,58,1092,1092,33,43162,20836,23833430,2243,80,428,5384,4504878,4504777,102,118,78,92,168,6679852,4280073,93,129,3166,329,1397,0,90,0,913,8207940,2958,0,515,8,1,4,265,16,4,269,8,2,1,10
12552,1624968579665,50.010687514,1,0,0,5,10,4,5,74,2,0,0,0,4,48,6299181,0,38,2,116,20045,2094544,20931,0,1,192117,138853,55059,55921,20697,11243,20746,10898,58,1134,1135,60,37529,17746,21700425,2273,74,427,2820,4451521,4451435,102,118,72,85,162,6299021,4235871,94,124,3031,320,1184,11,84,2,948,7582613,2753,0,454,8,1,4,240,13,4,244,8,2,1,10
12602,1624968636328,50.009149423,1,0,0,5,10,4,5,76,2,0,0,0,16,65,6303680,0,33,2,116,12831,2077833,22653,0,1,193218,139790,56899,57697,20998,11222,21034,10992,58,1100,1101,37,38287,17874,21644625,2251,83,424,2820,4472740,4472639,102,118,81,95,172,6303534,4254479,94,133,3018,323,1170,0,95,0,926,7802631,2789,0,466,8,1,4,243,13,4,247,8,2,1,10
12652,1624968693148,50.009728342,1,0,0,5,10,4,5,80,2,0,0,0,52,72,6610090,0,32,2,116,15619,2391173,22283,0,1,195572,141678,60162,61109,24022,14018,24088,13670,58,1098,1098,37,43676,20856,23527843,2247,78,425,2826,4474126,4474033,102,117,76,90,168,6609907,4250603,94,127,3173,337,1407,0,89,0,921,8137870,2946,0,506,8,1,4,266,16,4,270,8,2,1,10
12702,1624968749561,50.009082780,1,0,0,5,10,4,5,90,2,0,0,0,2,56,6685544,0,45,2,116,11456,2425794,22400,0,1,196509,142288,61113,61872,24332,14059,24386,13827,58,1102,1102,37,44057,21043,23825283,2255,86,425,2826,4516765,4516657,102,118,84,97,176,6685405,4291236,94,135,3198,336,1407,0,97,0,926,8357164,2831,0,487,8,1,4,259,16,4,263,8,2,1,10
12752,1624968806398,50.010074555,1,0,0,5,10,4,5,86,2,0,0,0,38,41,6633228,0,31,2,116,18749,2393874,21953,0,1,193360,139810,55271,55968,20780,11280,20859,11181,58,1092,1092,33,37588,17772,23524770,2243,80,427,2818,4489542,4489440,102,117,79,91,168,6633121,4273315,93,131,2994,316,1155,0,91,0,918,8299516,2838,0,489,8,1,4,245,13,4,249,8,2,1,10
12802,1624968863334,50.009354307,1,0,0,5,10,4,5,64,2,0,0,0,40,40,6649015,0,32,2,116,11253,2402482,22561,0,1,192697,139382,56059,56211,20880,11591,20779,11465,58,1129,1130,60,37830,17855,23606439,2263,74,430,2824,4497141,4497046,102,118,73,85,162,6648778,4280563,94,124,3038,328,1205,11,86,2,950,8152141,2807,0,457,8,1,4,238,13,4,242,8,2,1,10
