time,timestamp,seconds,connectivity,alarmtimer:alarmtimer_fired,alarmtimer:alarmtimer_start,block:block_bio_backmerge,block:block_bio_remap,block:block_dirty_buffer,block:block_getrq,block:block_touch_buffer,block:block_unplug,cachefiles:cachefiles_create,cachefiles:cachefiles_lookup,cachefiles:cachefiles_mark_active,clk:clk_set_rate,cpu-migrations,cs,dma_fence:dma_fence_init,fib:fib_table_lookup,filemap:mm_filemap_add_to_page_cache,gpio:gpio_value,ipi:ipi_raise,irq:irq_handler_entry,irq:softirq_entry,jbd2:jbd2_handle_start,jbd2:jbd2_start_commit,kmem:kfree,kmem:kmalloc,kmem:kmem_cache_alloc,kmem:kmem_cache_free,kmem:mm_page_alloc,kmem:mm_page_alloc_zone_locked,kmem:mm_page_free,kmem:mm_page_pcpu_drain,mmc:mmc_request_start,net:net_dev_queue,net:net_dev_xmit,net:netif_rx,page-faults,pagemap:mm_lru_insertion,preemptirq:irq_enable,qdisc:qdisc_dequeue,random:get_random_bytes,random:mix_pool_bytes_nolock,random:urandom_read,raw_syscalls:sys_enter,raw_syscalls:sys_exit,rpm:rpm_resume,rpm:rpm_suspend,sched:sched_process_exec,sched:sched_process_free,sched:sched_process_wait,sched:sched_switch,sched:sched_wakeup,signal:signal_deliver,signal:signal_generate,skb:consume_skb,skb:kfree_skb,skb:skb_copy_datagram_iovec,sock:inet_sock_set_state,task:task_newtask,tcp:tcp_destroy_sock,tcp:tcp_probe,timer:hrtimer_start,timer:timer_start,udp:udp_fail_queue_rcv_skb,workqueue:workqueue_activate_work,writeback:global_dirty_state,writeback:sb_clear_inode_writeback,writeback:wbc_writepage,writeback:writeback_dirty_inode,writeback:writeback_dirty_inode_enqueue,writeback:writeback_dirty_page,writeback:writeback_mark_inode_dirty,writeback:writeback_pages_written,writeback:writeback_single_inode,writeback:writeback_write_inode,writeback:writeback_written
50.0091,1625039107398,50.009100709,1,0,0,110,141,1292,28,2289,12,0,0,0,12,87,6476150,0,38,115,190,16826,2257251,25077,1309,3,197718,142361,66935,69547,25171,13632,25608,13355,95,1105,1105,33,45175,21708,22779413,2269,98,426,289,4476776,4476650,126,142,97,114,192,6475966,4249593,99,151,3287,350,1521,4,111,1,930,8105560,2895,0,535,10,9,17,1580,23,17,1597,9,8,6,14
100.018,1625039163870,50.009372604,1,0,0,13,25,520,12,637,6,0,0,0,30,38,6518106,0,27,8,144,14488,2294110,21168,524,3,195194,141276,59467,60271,23836,13955,23885,13953,72,1089,1089,33,42877,20764,22946587,2237,76,425,266,4475195,4475102,114,130,74,90,164,6517982,4255445,93,125,3162,336,1407,0,87,0,918,7997679,2918,0,490,10,3,5,774,18,7,781,10,4,3,14
150.028,1625039220495,50.009511466,1,0,0,13,25,520,12,658,6,0,0,0,24,45,6474863,0,34,8,142,19045,2224509,22089,524,3,194771,140826,58611,59784,23233,13233,23949,13071,71,1092,1092,33,42071,20170,22594207,2243,79,425,261,4501608,4501514,112,128,77,90,168,6474674,4282686,93,129,3161,328,1391,0,90,0,920,7906043,2867,0,494,10,3,5,766,18,7,773,10,4,3,14
200.037,1625039277522,50.009427121,1,0,0,13,25,520,12,619,6,0,0,0,48,63,6702171,0,27,8,144,10532,2444695,23116,523,3,193775,140258,57037,57950,20808,11090,20883,10866,72,1097,1097,37,38089,17782,23894338,2245,79,427,259,4504387,4504291,112,128,77,90,168,6701983,4288111,94,129,2998,320,1170,0,90,0,926,8490396,2908,0,483,10,3,5,751,15,7,758,10,5,4,15
250.046,1625039334187,50.009032160,1,0,0,10,20,521,10,649,5,0,0,0,56,45,6386260,0,29,6,136,4622,2151556,22569,524,2,196506,142354,61124,61877,24149,13709,24195,13512,68,1097,1097,37,43853,20929,22121671,2245,81,428,264,4486554,4486455,110,126,80,93,172,6386097,4264102,94,131,3168,329,1402,0,93,0,924,7821050,2965,0,521,8,3,5,779,18,7,786,8,4,3,11
300.055,1625039391410,50.008777236,1,0,0,13,25,524,12,663,6,0,0,0,22,40,6656162,0,37,8,144,12980,2392818,23903,524,3,195917,141896,62052,62648,24470,13526,24450,13544,72,1095,1095,37,44271,21113,23636186,2241,89,429,264,4518274,4518161,114,130,88,102,180,6655779,4295571,94,139,3181,331,1413,0,101,0,917,8113998,2893,0,509,9,3,5,777,18,7,784,9,4,3,12
350.066,1625039447950,50.010920096,1,0,0,13,25,524,12,623,6,0,0,0,51,55,6724279,0,40,8,144,18748,2482160,23116,523,3,193179,139666,54968,55844,21457,12250,20576,11244,72,1089,1089,33,37181,18517,24069292,2237,73,428,258,4488465,4488370,114,130,71,87,160,6724132,4275270,93,123,3004,316,1161,0,84,0,916,8202655,2952,0,485,10,3,5,750,15,7,757,10,4,3,13
400.075,1625039504913,50.008954195,1,0,0,13,25,520,12,621,6,0,0,0,4,67,6508176,0,35,8,144,10586,2250123,22762,524,3,193877,140268,57476,57711,21461,11723,20986,10929,72,1139,1140,60,38614,18382,22732863,2283,78,426,267,4505591,4505497,112,127,77,90,166,6507845,4289189,94,128,3062,336,1212,11,91,2,955,7967486,2812,0,467,10,3,5,741,15,7,748,10,5,4,14
450.084,1625039562295,50.009302356,1,0,0,10,22,777,12,904,7,0,0,0,48,73,6543522,0,27,7,142,10598,2302869,22504,785,2,195685,141644,59609,60455,23866,13859,23900,13481,71,1090,1090,33,42958,20769,23033331,2239,76,427,266,4492734,4492641,112,128,74,86,164,6543317,4272314,93,125,3166,336,1406,0,86,0,918,7891223,2928,0,487,9,8,9,1049,19,8,1057,9,5,3,13
500.094,1625039619371,50.010475259,1,0,0,14,26,521,12,631,6,0,0,0,57,76,6526039,0,27,8,144,10944,2280968,22502,523,3,196091,141945,59319,60184,23847,13827,23890,13481,72,1093,1093,33,42950,20751,22922191,2245,76,428,266,4498592,4498499,114,130,74,86,164,6525988,4278319,93,125,3170,336,1407,0,86,0,920,8042537,2977,0,497,9,3,5,781,18,7,788,9,4,3,12
550.103,1625039676225,50.008876614,1,0,0,13,25,520,12,616,6,0,0,0,46,57,6654212,0,33,8,144,13446,2414824,21995,524,3,193979,140363,56549,57156,20696,11024,20695,10615,72,1101,1101,37,37874,17705,23681763,2253,74,432,259,4488268,4488174,114,130,73,86,164,6654085,4272387,94,125,3022,320,1175,0,86,0,924,8445088,2927,0,467,10,3,5,749,15,7,756,10,4,3,14
600.112,1625039733074,50.009045266,1,0,0,13,25,520,12,641,6,0,0,0,2,64,6624811,0,27,8,144,11423,2344573,22496,523,3,196385,142178,61051,61885,24130,13361,24175,13166,72,1097,1097,37,43864,20945,23384993,2245,82,426,264,4531075,4530970,114,130,80,94,172,6624634,4308282,94,131,3171,329,1405,0,93,0,922,8354077,2810,0,470,10,3,5,770,18,7,777,10,4,3,14
650.121,1625039789705,50.008801910,1,0,0,13,26,520,13,640,7,0,0,0,20,73,6397691,0,36,8,148,19439,2164419,23505,524,3,196149,142032,61328,61981,24225,13674,24220,13355,74,1139,1140,64,44056,21036,22227710,2275,78,426,266,4488913,4488805,116,132,77,91,170,6397307,4266034,95,128,3208,334,1430,11,90,2,953,8015439,2870,0,480,9,7,9,773,18,7,780,9,5,3,13
700.13,1625039846504,50.009081489,1,0,0,14,27,777,13,902,7,0,0,0,38,60,6479040,0,25,9,148,14717,2208712,21365,785,3,195050,141157,59502,60301,23893,12913,23929,12630,74,1086,1086,33,42904,20765,22565170,2231,75,425,265,4515971,4515868,116,132,74,87,164,6478845,4296060,93,125,3154,332,1400,0,88,0,908,7978138,2884,0,472,9,4,5,1029,19,8,1037,9,4,3,12
750.139,1625039903321,50.009096757,1,0,0,13,25,520,12,627,6,0,0,0,20,59,6676411,0,32,8,144,16556,2413761,22240,524,3,192587,139213,55152,56097,20535,11272,20630,10898,72,1089,1089,33,37162,17566,23736802,2237,73,425,260,4500417,4500326,114,130,71,84,160,6676276,4287081,93,123,2999,323,1167,0,83,0,917,8189126,2802,0,454,10,3,5,744,15,7,751,10,4,3,13
800.148,1625039959756,50.008683910,1,0,0,13,25,520,12,627,6,0,0,0,2,57,6179272,0,27,8,144,10163,1989592,21661,524,3,193315,139730,55620,56222,20636,11214,20657,11055,72,1095,1095,33,37331,17643,21055570,2249,76,429,260,4426432,4426330,114,130,75,88,164,6178914,4211953,93,127,3005,323,1164,0,88,0,919,7418925,2746,0,441,10,3,5,746,15,7,753,10,4,3,14
850.157,1625040016144,50.009244763,1,0,0,13,25,520,12,636,6,0,0,0,0,54,6427692,0,27,8,144,10579,2159597,20994,523,3,195832,141800,61662,62463,24327,13901,24405,13670,72,1096,1096,37,44110,21061,22278801,2243,86,424,265,4513912,4513799,114,130,84,97,176,6427465,4290851,94,135,3174,333,1413,0,97,0,928,7862270,2848,0,463,11,3,5,770,18,7,777,10,5,4,15
900.168,1625040073173,50.010887570,1,0,0,10,21,777,11,892,6,0,0,0,23,64,6596824,0,35,7,140,17167,2382416,22752,784,2,196482,142274,61542,61987,24193,14274,24209,14142,70,1140,1141,64,43980,20993,23468369,2277,78,427,266,4469187,4469079,112,127,77,91,170,6596146,4245782,95,128,3204,335,1427,11,90,2,955,8069555,2903,0,472,8,4,5,1029,19,8,1037,8,4,3,11
950.177,1625040129957,50.009146829,1,0,0,14,26,521,12,602,6,0,0,0,16,52,6434862,0,27,8,144,19718,2195112,22757,524,3,192205,139045,56510,57443,22770,13512,23787,14142,72,1090,1090,37,37978,19732,22374215,2231,75,423,259,4487662,4487566,114,130,73,89,164,6434649,4272515,94,125,2982,316,1161,0,87,0,919,7862055,2786,0,463,9,3,5,768,15,10,778,9,4,3,11
1000.19,1625040186516,50.011003254,1,0,0,13,25,520,12,619,6,0,0,0,27,58,6536636,0,32,8,144,17002,2312055,21911,523,3,192398,139088,55059,55445,20500,11148,20519,10866,72,1084,1084,33,37094,17572,23001232,2227,72,424,259,4471121,4471021,114,130,71,83,160,6535932,4257979,93,123,2990,319,1162,0,84,0,915,8153151,2816,0,485,10,3,5,743,15,7,750,10,4,3,14
1050.2,1625040242637,50.010374679,1,0,0,13,25,524,12,630,6,0,0,0,2,47,6400674,0,30,8,144,5961,2163962,23246,523,3,195268,141267,59382,59996,23853,13764,23856,13827,72,1089,1089,33,42869,20764,22213660,2237,74,424,266,4484275,4484178,114,130,74,87,164,6400486,4264310,93,125,3171,336,1407,0,87,0,911,7779469,2784,0,467,9,3,5,778,18,7,785,9,4,3,13
1100.21,1625040299653,50.008738238,1,0,0,13,25,524,12,640,6,0,0,0,26,60,6633974,0,25,8,144,21037,2376253,23007,524,3,194014,140435,59817,60428,23999,13862,24000,13575,72,1081,1081,33,43152,20829,23526657,2221,78,422,266,4508003,4507896,114,130,78,90,168,6633628,4288940,93,129,3151,336,1411,0,90,0,916,8403647,2855,0,502,9,3,5,775,18,7,782,9,4,3,13
1150.22,1625040356359,50.009366010,1,0,0,14,27,773,13,909,7,0,0,0,44,59,6451606,0,43,9,148,16166,2218493,23220,787,3,195859,141881,61407,61913,24153,13802,24142,13607,74,1096,1096,37,43821,20934,22522462,2243,81,426,264,4486784,4486683,116,132,80,93,172,6451247,4264362,94,131,3178,329,1406,0,93,0,917,7857447,2897,0,504,10,4,5,1043,19,8,1051,9,4,3,12
1200.23,1625040413513,50.009022647,1,0,0,13,25,524,12,618,6,0,0,0,76,63,6611058,0,38,8,142,17129,2375953,23498,523,3,192537,139400,57528,58425,21032,11281,21118,10930,71,1135,1136,64,38485,17966,23432207,2267,80,426,260,4481667,4481561,112,128,78,92,170,6610878,4266374,95,130,3024,320,1186,11,91,2,954,8078918,3032,0,492,10,3,5,758,15,7,765,10,4,3,13
1250.24,1625040469975,50.008531139,1,0,0,13,25,520,12,638,6,0,0,0,2,50,6411453,0,28,8,144,9543,2193572,23260,524,3,196371,142175,61041,61484,24157,13583,24163,13260,72,1099,1099,37,43826,20951,22356157,2249,81,426,264,4472219,4472111,114,130,80,95,172,6411069,4249332,94,131,3173,329,1403,0,94,0,924,7597012,2780,0,466,10,3,5,783,18,7,790,10,4,3,13
1300.25,1625040527172,50.009149828,1,0,0,13,25,520,12,633,6,0,0,0,14,75,6480311,0,32,8,144,10759,2249039,21646,524,3,196119,141884,59226,60007,23843,13702,23914,13386,72,1090,1090,33,42918,20729,22702096,2239,76,426,265,4481830,4481734,116,132,74,86,164,6480155,4261304,93,125,3169,333,1408,0,87,0,917,7935054,2850,0,490,10,3,5,808,18,7,815,10,5,4,15
1350.26,1625040584211,50.011988166,1,0,0,10,21,773,11,882,6,0,0,0,4,72,6409074,0,30,7,140,19459,2161995,20279,786,2,192662,138958,56698,57853,21136,11275,23441,13197,70,1089,1089,33,39058,18109,22199906,2237,73,427,260,4490423,4490331,112,128,72,87,163,6408995,4274523,93,124,3149,329,1389,0,85,0,919,7864167,2844,0,482,8,4,5,1030,19,8,1038,8,4,3,11
1400.27,1625040641051,50.011130486,1,0,0,14,26,521,12,607,6,0,0,0,68,55,6409500,0,25,8,144,18102,2176830,22506,523,3,193468,139951,55159,56028,20523,11083,20573,10772,72,1094,1094,33,37109,17590,22241469,2247,73,429,260,4478082,4477999,114,130,72,83,160,6409248,4264539,93,123,3000,323,1170,0,83,0,920,7945090,2940,0,487,10,3,5,764,16,11,775,10,4,3,13
1450.28,1625040697567,50.008605188,1,0,0,13,25,524,12,634,6,0,0,0,60,65,6585379,0,33,8,144,15669,2344484,23310,524,3,196297,142236,61873,62522,24378,14278,24377,13859,72,1142,1143,64,44210,21147,23280112,2281,82,428,267,4496917,4496802,114,130,81,94,174,6584919,4273976,95,132,3211,337,1432,11,94,2,964,8118865,3095,0,524,9,3,5,779,18,7,786,9,4,3,13
1500.29,1625040754939,50.009308881,1,0,0,13,25,520,12,631,6,0,0,0,2,65,6632663,0,29,8,144,8437,2368609,22326,523,3,196306,142094,60578,61381,24019,13608,24085,13134,72,1098,1098,37,43676,20862,23479931,2247,78,426,264,4516414,4516318,114,130,76,90,168,6632461,4294175,94,127,3168,331,1402,0,89,0,925,8079895,2819,0,484,10,3,5,787,18,7,794,10,5,4,14
1550.3,1625040812060,50.012969845,1,0,0,10,21,521,11,654,6,0,0,0,22,58,6904316,0,37,6,140,14373,2624110,23528,523,2,193514,139935,57882,59327,21112,10876,23768,13166,70,1093,1093,37,39021,17959,25002146,2238,84,426,258,4529213,4529110,112,127,82,97,175,6904217,4312603,94,134,3020,319,1186,0,96,0,921,8603772,2876,0,498,9,7,9,774,18,7,781,9,5,3,13
1600.31,1625040869240,50.009191977,1,0,0,10,20,521,10,611,5,0,0,0,38,48,6617747,0,27,6,136,6987,2379400,22943,523,2,192904,139455,54894,55733,20508,11114,20542,10898,68,1089,1089,33,37083,17570,23426394,2237,73,430,258,4485251,4485158,110,126,71,84,160,6617549,4272255,93,123,2985,316,1155,0,84,0,912,8364481,2875,0,475,10,3,5,749,16,11,760,10,4,3,13
1650.32,1625040925845,50.008712801,1,0,0,13,25,520,12,633,6,0,0,0,0,64,6395925,0,31,8,144,14565,2171715,22437,523,3,196156,141916,59828,60415,23983,14208,23975,13639,72,1098,1098,33,43092,20818,22246975,2255,79,426,266,4476807,4476696,114,130,78,90,168,6395515,4255748,93,129,3188,336,1415,0,90,0,917,7736281,2816,0,472,10,3,5,775,18,7,782,10,4,3,13
1700.33,1625040982705,50.008708022,1,0,0,13,26,520,13,648,6,0,0,0,2,73,6232665,0,35,9,146,12934,2042128,23262,523,3,195559,141526,61840,62495,24463,13524,24515,13197,73,1136,1137,60,43995,21199,21416373,2277,83,425,268,4439276,4439161,116,132,83,97,177,6232233,4217332,96,135,3213,342,1441,11,96,2,952,7650112,2882,0,501,10,3,5,771,18,7,778,10,4,3,14
1750.34,1625041039213,50.009205244,1,0,0,13,26,520,13,619,7,0,0,0,8,82,6312293,0,27,8,148,19004,2127761,22628,524,3,193965,140288,56573,57550,20734,11432,20836,11213,74,1102,1102,37,37887,17712,21867687,2255,74,427,260,4433095,4432999,116,132,73,88,164,6312136,4216583,94,125,3009,323,1167,0,86,0,923,7878244,2811,0,464,10,7,9,748,15,7,755,10,6,4,15
1800.35,1625041096207,50.009013263,1,0,0,14,27,777,13,898,7,0,0,0,84,43,6588188,0,30,9,148,22279,2348231,22298,785,3,194455,141179,57992,58391,21447,11623,20824,11213,74,1093,1093,37,38922,18407,23286291,2237,76,427,263,4490335,4490238,116,132,74,88,164,6588015,4273964,94,125,3008,327,1184,0,88,0,922,8047500,3077,0,500,9,4,5,1018,16,8,1026,9,4,3,12
1850.36,1625041152768,50.008702258,1,0,0,13,25,520,12,639,6,0,0,0,46,57,6514933,0,27,8,144,7373,2275502,22558,524,3,196487,142302,60563,61190,24002,13734,24033,13638,72,1093,1093,37,43644,20856,22861209,2237,77,431,264,4495822,4495719,114,129,76,89,168,6514567,4273854,94,127,3157,329,1400,0,90,0,917,7923588,2940,0,516,10,3,5,771,18,7,778,10,4,3,13
1900.37,1625041209807,50.009307234,1,0,0,13,25,524,12,652,6,0,0,0,6,67,6645688,0,29,8,144,18455,2368635,22962,523,3,195016,141122,60600,61396,24238,13368,24284,13103,72,1084,1084,33,43544,21018,23530191,2227,88,423,264,4524975,4524870,114,129,86,99,176,6645586,4304332,93,137,3158,329,1404,0,100,0,909,8273446,2865,0,510,10,3,5,778,18,7,785,10,4,3,14
1950.38,1625041267024,50.011902198,1,0,0,13,26,520,13,613,7,0,0,0,8,54,6584045,0,45,8,148,9409,2345247,23406,524,3,192712,139285,55190,55968,20531,11304,20593,11118,74,1092,1092,33,37111,17577,23214440,2243,72,425,260,4485399,4485309,116,132,72,83,160,6583804,4271949,93,123,3013,324,1163,0,83,0,911,8256024,2751,0,468,9,7,9,758,15,7,765,9,5,3,13
2000.39,1625041323722,50.009541828,1,0,0,10,21,777,11,875,6,0,0,0,90,59,6373463,0,37,7,140,24202,2159769,21860,786,2,190576,137930,56110,57159,20713,11086,20853,11024,70,1125,1126,60,37517,17762,22095078,2254,74,423,262,4457545,4457450,112,128,72,87,162,6373260,4245533,94,124,3019,327,1188,11,84,2,947,7713923,2997,0,504,8,4,5,1011,16,8,1019,8,4,3,11
2050.4,1625041380134,50.009173467,1,0,0,14,28,521,14,650,6,0,0,0,52,71,6900553,0,32,10,148,25787,2643951,23933,523,3,197073,142661,62470,63253,24351,14086,24386,13827,74,1096,1096,33,43729,21092,25148444,2251,82,428,274,4514273,4514170,118,133,80,93,171,6900348,4290142,93,130,3205,345,1441,0,93,0,921,8677973,3000,0,551,10,3,5,793,25,11,804,10,4,3,13
2100.41,1625041437157,50.009251059,1,0,0,13,25,524,12,633,6,0,0,0,0,56,6471236,0,29,8,144,11051,2217497,20863,524,3,195880,141823,61064,61937,24139,13644,24203,13008,72,1096,1096,37,43847,20965,22568675,2242,82,425,264,4506677,4506569,114,130,80,94,172,6471054,4284202,94,131,3165,329,1409,0,94,0,920,8061150,2846,0,466,10,3,5,772,18,7,779,10,4,3,14
2150.42,1625041494674,50.009159435,1,0,0,13,25,520,12,607,6,0,0,0,2,83,6450749,0,27,8,144,13614,2184342,19530,523,3,193706,140101,56867,57684,20813,11311,20889,11087,72,1100,1100,37,38085,17776,22343603,2251,78,430,258,4512837,4512732,114,129,77,92,168,6450534,4296726,94,129,3006,316,1166,0,91,0,921,7969213,2807,0,478,10,3,5,755,15,7,762,10,5,4,14
2200.43,1625041551327,50.009398336,1,0,0,14,27,517,13,631,7,0,0,0,28,76,6399591,0,25,8,148,16027,2188643,22104,524,3,194554,141210,59163,59095,23362,13576,21112,11591,74,1090,1090,37,40920,20281,22288953,2231,76,425,264,4459755,4459655,116,131,74,86,164,6399350,4241430,94,125,2999,324,1189,0,88,0,920,7842112,2787,0,468,9,7,9,759,15,7,766,9,5,3,13
2250.44,1625041608233,50.009007036,1,0,0,14,27,777,13,901,7,0,0,0,38,46,6584947,0,37,9,148,9038,2347125,22513,786,3,195849,141690,58599,59396,23783,14049,23831,13922,74,1135,1136,60,42616,20751,23273185,2275,76,428,266,4490985,4490886,116,132,75,86,161,6584791,4271254,90,125,3203,332,1426,11,86,2,954,8035957,2942,0,498,9,4,5,1036,19,8,1044,9,4,3,12
2300.45,1625041665452,50.009195072,1,0,0,13,25,520,12,624,6,0,0,0,30,64,6576094,0,27,8,144,24530,2322903,22588,523,3,196213,141998,59347,60171,23828,13291,23875,13040,72,1095,1095,33,42889,20717,23186388,2249,76,427,266,4507101,4507002,114,130,74,86,164,6575907,4286626,93,125,3177,337,1410,0,86,0,921,8010357,2853,0,483,10,3,5,778,18,7,785,10,4,3,14
2350.46,1625041722669,50.009232364,1,0,0,13,25,520,12,609,6,0,0,0,4,53,6435527,0,35,8,144,12148,2190439,21553,524,3,193372,139756,55132,55983,20496,10927,20547,10740,72,1098,1098,33,37135,17571,22342754,2255,72,426,260,4490749,4490656,114,130,71,85,160,6435286,4276736,93,123,3023,323,1174,0,84,0,921,7970252,2744,0,450,10,3,5,751,15,7,758,10,4,3,14
2400.47,1625041779559,50.009248258,1,0,0,13,25,520,12,625,6,0,0,0,50,66,6597041,0,29,8,144,24426,2350086,22779,523,3,196860,142633,61230,61859,24169,13551,24214,13260,72,1101,1101,37,43867,20967,23365512,2253,82,432,266,4502129,4502028,114,130,80,92,172,6596769,4278941,94,131,3179,336,1416,0,93,0,932,8092282,2941,0,481,10,3,5,765,18,7,772,10,5,4,15
2450.48,1625041836711,50.009273243,1,0,0,14,27,773,13,916,7,0,0,0,22,58,6629780,0,27,9,148,22563,2379440,21723,785,3,196508,142301,61331,62200,24142,14244,24216,14079,74,1096,1096,37,43853,20975,23526149,2243,81,427,264,4505828,4505732,116,132,80,93,172,6629589,4282776,94,131,3172,329,1413,0,94,0,927,8047301,2884,0,495,9,4,5,1043,19,8,1051,9,4,3,12
2500.49,1625041893638,50.009845564,1,0,0,13,25,520,12,614,6,0,0,0,12,68,6494157,0,37,8,144,20968,2235243,21703,524,3,194794,140656,60189,61330,24088,13490,24228,13197,72,1143,1144,64,42767,20913,22690705,2283,82,427,261,4513468,4513368,114,130,80,94,174,6493980,4291786,95,132,3193,325,1412,11,93,2,960,7848245,2884,0,487,10,3,5,771,18,7,778,10,4,3,13
2550.5,1625041950470,50.008874994,1,0,0,13,25,520,12,619,6,0,0,0,26,75,6587251,0,43,8,144,18224,2355441,22808,523,3,192029,138930,56376,57018,20715,11245,20699,10804,72,1089,1089,37,37882,17708,23293682,2229,74,423,258,4479459,4479360,114,129,73,86,164,6586831,4265234,94,125,2993,325,1165,0,86,0,922,8219610,2791,0,461,11,3,5,746,15,7,753,10,4,3,14
2600.51,1625042007122,50.009336554,1,0,0,13,25,520,12,625,6,0,0,0,10,58,6618077,0,28,8,144,15108,2367958,22881,524,3,194767,140926,59271,60164,23820,13923,23889,13545,72,1088,1088,33,42972,20741,23464437,2235,76,424,266,4501452,4501360,114,130,74,87,164,6617916,4281857,93,125,3161,336,1404,0,87,0,919,8323811,2822,0,478,10,3,5,764,18,7,771,10,5,4,15
2650.52,1625042064359,50.009054825,1,0,0,10,21,777,11,919,6,0,0,0,54,81,6725462,0,30,7,140,14249,2466131,24497,785,2,196135,141966,59606,60504,23844,13135,23956,13197,70,1094,1094,33,42926,20747,24033975,2247,76,432,266,4512355,4512254,112,128,74,87,164,6725247,4291996,93,125,3173,337,1404,0,86,0,920,8561375,2957,0,509,8,4,5,1038,19,8,1046,8,4,3,11
2700.53,1625042120975,50.011127133,1,0,0,14,26,525,12,644,6,0,0,0,2,52,6716828,0,29,8,142,19493,2445767,23420,523,3,196217,141945,59813,60562,23938,13609,23955,13324,71,1096,1096,33,43158,20830,23982621,2251,79,426,266,4522564,4522457,112,126,78,92,168,6716596,4301669,93,129,3183,336,1408,0,90,0,916,8509970,2832,0,499,10,3,5,785,19,11,796,10,4,3,13
2750.54,1625042177451,50.009185799,1,0,0,13,25,524,12,626,6,0,0,0,26,78,6478522,0,45,8,144,21373,2219868,22666,524,3,193336,139852,56424,57370,20689,11118,20788,10709,72,1097,1097,37,37927,17701,22560959,2245,75,427,258,4504086,4503989,114,131,73,89,164,6478412,4288808,94,125,3019,316,1165,0,87,0,918,8120299,2853,0,472,10,3,5,749,15,7,756,10,4,3,13
2800.55,1625042234386,50.009209357,1,0,0,13,25,520,12,652,6,0,0,0,40,70,6770842,0,31,8,144,12119,2516185,24717,524,3,196296,142155,60574,61422,24012,13264,24084,13134,72,1096,1096,37,43694,20892,24360571,2243,78,427,264,4506337,4506231,114,130,76,89,168,6770615,4284518,94,127,3167,329,1400,0,89,0,922,8628742,2918,0,503,9,3,5,769,18,7,776,9,4,3,12
2850.56,1625042291473,50.009340070,1,0,0,14,27,517,13,630,7,0,0,0,4,49,6548435,0,29,8,148,19463,2285442,21994,526,3,196668,142373,61055,61887,24142,13360,24172,12977,74,1098,1098,37,43925,20957,23009837,2247,82,426,264,4518795,4518695,116,132,80,93,172,6548280,4295689,94,131,3170,329,1403,0,93,0,922,8128275,2823,0,492,10,7,9,792,18,7,799,9,5,3,13
2900.57,1625042348509,50.009841945,1,0,0,10,21,777,11,886,6,0,0,0,4,67,6569218,0,27,7,140,18709,2356935,21093,784,2,193238,139349,56399,57795,20676,11180,23396,13481,70,1089,1089,33,38447,17720,23275495,2237,74,424,259,4460348,4460258,112,128,72,87,163,6569075,4244203,93,124,3145,325,1381,0,85,0,919,8144291,2748,0,485,8,4,5,1033,19,7,1040,8,4,3,11
2950.58,1625042405861,50.009314878,1,0,0,13,25,520,12,638,6,0,0,0,58,67,6361506,0,29,8,144,24247,2142120,22801,523,3,193807,140609,57471,57938,22223,12504,20960,11307,72,1087,1087,33,39221,19138,22050278,2233,78,424,266,4464735,4464643,114,129,76,88,164,6361374,4249267,93,127,3012,331,1189,0,88,0,912,7955445,2938,0,505,10,3,5,747,15,7,754,10,4,3,13
3000.59,1625042462857,50.010965431,1,0,0,13,25,524,12,640,6,0,0,0,2,67,6360114,0,31,8,142,27622,2150146,21563,522,3,195404,141376,59809,60710,23993,14240,24049,13701,71,1090,1090,33,43135,20839,22091786,2239,80,424,266,4464086,4463989,112,128,78,93,168,6359976,4243506,93,129,3175,336,1408,0,91,0,914,7907140,2773,0,476,10,3,5,773,18,7,780,10,4,3,14
3050.6,1625042519565,50.008777864,1,0,0,13,26,520,13,635,7,0,0,0,68,65,6435513,0,36,8,146,18105,2207158,22624,524,3,195811,141889,61355,61957,24245,14965,24258,14488,73,1140,1141,64,44047,21034,22414189,2277,78,427,267,4480804,4480703,114,130,77,90,170,6435164,4258737,95,128,3206,336,1432,11,90,2,952,8000193,3035,0,530,10,7,9,785,18,7,792,10,6,4,15
3100.61,1625042576624,50.009311551,1,0,0,10,20,517,10,606,5,0,0,0,32,49,6670121,0,29,6,136,8417,2441671,22988,523,2,192928,139593,56470,57297,22741,13260,23776,14048,68,1095,1095,37,38007,19749,23810266,2241,75,425,259,4477916,4477813,110,126,73,87,164,6669973,4262715,94,125,2993,316,1164,0,87,0,921,8472070,2844,0,495,9,3,5,768,15,7,775,9,4,3,12
3150.62,1625042633538,50.009338511,1,0,0,13,25,520,12,623,6,0,0,0,6,74,6512051,0,27,8,142,28230,2270497,22146,523,3,196547,142274,60521,61349,23991,13641,24067,13543,71,1099,1099,37,43677,20844,22878732,2249,77,426,264,4496239,4496140,112,128,76,91,168,6511863,4273636,94,127,3171,329,1403,0,89,0,923,8197612,2871,0,497,10,3,5,776,18,7,783,10,4,3,13
3200.63,1625042690393,50.009222325,1,0,0,13,25,520,12,633,6,0,0,0,26,64,6416466,0,29,8,144,15456,2206321,22892,524,3,195211,141252,59570,60513,23993,14176,24068,13513,72,1089,1089,33,43096,20832,22409536,2237,79,429,264,4462066,4461968,114,129,78,93,168,6416278,4242339,93,129,3164,329,1401,0,90,0,910,8045287,2848,0,493,10,3,5,768,18,7,775,10,4,3,14
3250.64,1625042747094,50.009422354,1,0,0,13,25,520,12,621,6,0,0,0,44,64,6506395,0,34,8,144,9932,2267294,22922,523,3,194152,140120,58313,59479,23026,13451,23856,13575,72,1093,1093,33,41858,19933,22801818,2245,79,427,261,4490245,4490143,114,129,77,90,168,6506293,4271692,93,129,3169,329,1394,0,89,0,921,8177066,2905,0,515,10,3,5,776,18,7,783,10,5,4,15
3300.65,1625042803869,50.009204196,1,0,0,10,22,777,12,896,7,0,0,0,62,82,6441229,0,36,7,144,14823,2245658,22095,786,2,193138,139730,57024,57845,20993,11441,21056,11024,72,1138,1139,60,37949,17938,22534383,2281,81,428,262,4443904,4443798,114,130,80,92,170,6441009,4228828,94,132,3040,328,1190,11,93,2,954,8079483,2977,0,506,9,8,9,1023,16,8,1031,9,5,3,13
3350.66,1625042860896,50.009119605,1,0,0,14,26,525,12,619,6,0,0,0,16,55,6518172,0,27,8,144,12050,2282820,22559,523,3,194749,140940,59309,60149,23867,13385,23914,12977,72,1085,1085,33,42941,20755,22904865,2229,76,424,266,4487146,4487048,114,130,74,86,164,6517948,4267730,93,125,3156,336,1404,0,86,0,911,8035699,2834,0,465,12,7,9,766,20,15,781,4,7,5,12
3400.67,1625042917995,50.008870221,1,0,0,14,28,520,14,626,7,0,0,0,20,53,6449396,0,29,8,152,20174,2234983,21495,524,3,196497,142278,61052,61642,24194,13990,24185,13450,76,1099,1099,37,43888,20967,22609605,2249,81,426,264,4467948,4467841,116,132,80,93,172,6449039,4245124,94,131,3171,329,1402,0,93,0,925,7791527,2848,0,481,15,4,8,777,19,10,787,5,5,3,15
3450.68,1625042974634,50.009085883,1,0,0,14,28,520,14,618,7,0,0,0,46,41,6829294,0,27,8,152,8717,2566075,22483,524,3,196592,142377,60564,61394,24027,13861,24078,13513,76,1098,1098,37,43660,20861,24658747,2247,78,432,264,4519263,4519163,116,132,76,90,168,6829107,4297030,94,127,3170,329,1402,0,90,0,926,8506484,2950,0,508,15,4,8,787,19,10,797,5,5,3,15
3500.69,1625043031264,50.008721621,1,0,0,13,25,520,12,635,7,0,0,0,14,57,6543343,0,31,8,144,9277,2294328,22427,524,3,193662,140116,57811,58355,21102,11286,21089,10867,72,1099,1099,37,38471,17966,22972814,2249,86,426,258,4498435,4498322,116,132,85,98,176,6542973,4281745,94,137,3006,316,1164,0,98,0,918,8226632,2862,0,482,9,7,8,738,16,10,748,3,5,3,9
3550.7,1625043088498,50.009259422,1,0,0,14,27,781,13,891,8,0,0,0,54,59,6618687,0,52,9,148,3903,2362931,23644,785,3,196188,142026,60293,61138,24035,13453,24058,13135,74,1139,1140,60,43280,20908,23413741,2283,77,429,267,4510436,4510343,118,134,75,88,166,6618498,4289074,94,126,3237,337,1432,11,87,2,954,8185547,3053,0,512,12,8,9,1030,21,16,1046,4,6,4,12
3600.71,1625043145591,50.010692797,1,0,0,14,29,520,15,634,8,0,0,0,37,70,6284274,0,28,8,156,7628,2107347,21944,523,3,195728,141689,59349,60420,23818,13637,23981,13480,78,1088,1088,33,42880,20735,21724301,2235,74,427,266,4423216,4423118,118,135,74,86,164,6284103,4202625,93,125,3161,336,1411,0,87,0,916,7826778,2911,0,500,15,8,12,765,19,10,775,5,6,3,15
3650.72,1625043202403,50.008772300,1,0,0,14,28,524,14,620,7,0,0,0,18,63,6576946,0,31,8,152,14018,2313100,22273,523,3,195675,141611,59381,60049,23863,14172,23881,13638,76,1092,1092,33,42909,20748,23138941,2243,75,425,266,4516224,4516117,116,132,74,86,164,6576518,4295529,93,125,3170,336,1412,0,86,0,917,8275482,2913,0,496,15,8,12,776,20,14,790,5,6,3,15
3700.73,1625043259283,50.008600542,1,0,0,13,25,520,12,608,7,0,0,0,44,49,6692086,0,29,8,144,10669,2438421,22526,524,3,192426,139271,56485,57022,20658,11150,20656,11087,72,1089,1089,37,37856,17672,23823623,2231,73,428,259,4499763,4499656,116,131,73,86,164,6691701,4284900,94,125,2984,319,1170,0,87,0,920,8530864,2824,0,464,12,7,8,750,16,10,760,4,5,3,12
3750.74,1625043316136,50.009978173,1,0,0,10,21,773,11,906,7,0,0,0,74,58,6702350,0,27,7,142,6912,2446008,22092,786,2,196654,142528,61334,62102,24147,14022,24201,13418,71,1095,1095,37,43876,20953,23918050,2241,80,429,264,4510854,4510732,116,131,80,94,172,6702158,4287888,94,131,3167,329,1413,0,93,0,925,8273242,3042,0,498,9,5,5,1039,20,8,1047,3,5,3,9
3800.75,1625043372683,50.008970543,1,0,0,14,26,521,12,649,6,0,0,0,26,63,6751446,0,29,8,144,14734,2511193,22078,524,3,196497,142286,60591,61251,23969,13483,23995,13355,72,1095,1095,37,43625,20842,24265493,2241,77,427,264,4494709,4494614,114,130,76,89,168,6751113,4271958,94,127,3173,329,1412,0,89,0,924,8326986,2907,0,489,12,7,9,767,19,11,778,4,6,4,12
3850.76,1625043429405,50.008726783,1,0,0,14,28,520,14,634,7,0,0,0,2,61,6530514,0,35,8,152,20184,2263155,21336,523,3,195745,141545,57988,58595,23688,13826,23681,13544,76,1137,1138,60,42397,20666,22850733,2279,72,427,267,4518406,4518308,116,132,71,83,157,6530179,4298318,90,121,3207,338,1427,11,83,2,948,7820320,2834,0,472,15,4,8,763,19,10,773,5,5,3,15
3900.77,1625043486127,50.009171288,1,0,0,14,28,520,14,613,7,0,0,0,30,74,6361132,0,27,8,152,24276,2145165,22161,524,3,193273,139747,55582,56419,20679,11558,20717,11118,76,1093,1093,33,37335,17668,22071416,2245,77,427,260,4458403,4458306,116,132,75,87,164,6360957,4243718,93,127,3001,323,1166,0,87,0,919,7983930,2838,0,455,15,4,8,750,16,10,760,5,5,3,15
3950.78,1625043542655,50.008774330,1,0,0,10,20,521,10,629,6,0,0,0,34,74,6280631,0,29,6,136,21970,2083287,22346,524,2,195330,141663,58055,58170,23385,13447,20971,11150,68,1094,1094,33,41102,20284,21641527,2247,74,427,266,4449625,4449524,112,128,73,84,161,6280187,4231867,93,124,3020,332,1185,0,85,0,919,7763118,2855,0,429,9,7,9,759,16,11,770,3,5,3,9
4000.79,1625043600083,50.009097249,1,0,0,10,20,521,10,631,5,0,0,0,0,27,6736549,0,27,6,134,9513,2467287,21293,524,2,196577,142244,60206,60596,24051,14148,23980,13732,67,1100,1100,37,43660,20889,24084135,2251,81,427,265,4523092,4522994,108,124,79,89,167,6736343,4300834,92,128,3180,331,1407,0,94,0,924,8244201,2795,0,480,12,11,13,752,19,11,763,4,7,4,12
4050.8,1625043656986,50.009538091,1,0,0,14,28,524,14,606,7,0,0,0,24,60,6624654,0,34,8,150,22832,2376668,22199,524,3,194012,140055,58460,59791,22089,12568,23887,13953,75,1095,1095,37,41369,18984,23526043,2241,78,426,258,4498206,4498113,114,129,75,90,168,6624566,4279352,94,127,3154,321,1383,0,88,0,923,8181119,2813,0,468,15,8,12,780,20,14,794,5,6,3,15
4100.81,1625043714264,50.009308741,1,0,0,14,28,520,14,609,7,0,0,0,28,91,6465318,0,37,8,152,12276,2247337,22818,524,3,193524,140019,57515,58308,21048,11564,21098,11086,76,1141,1142,64,38473,17962,22634115,2279,78,427,260,4466144,4466043,116,132,78,92,170,6465142,4249505,95,130,3039,320,1188,11,91,2,950,7938009,2869,0,475,15,4,8,753,16,10,763,5,5,3,15
4150.82,1625043771450,50.009128360,1,0,0,13,25,524,12,630,7,0,0,0,6,73,6304195,0,25,8,144,18896,2087780,22527,524,3,195580,141598,60659,61514,24054,13765,24136,13574,72,1097,1097,37,43620,20878,21734906,2245,78,424,265,4467636,4467537,116,133,76,89,168,6304018,4245576,94,127,3167,333,1405,0,89,0,922,7896560,2745,0,474,12,11,12,768,20,14,782,4,6,3,12
4200.83,1625043828175,50.010172743,1,0,0,14,27,777,13,910,8,0,0,0,85,62,6685929,0,31,9,148,7417,2462116,22847,784,3,196343,142190,60116,60659,23977,13515,23986,13133,74,1092,1092,33,43097,20835,23944428,2243,79,430,266,4478253,4478152,118,134,78,90,168,6685650,4257520,93,129,3171,337,1409,0,90,0,925,8485710,3068,0,521,12,8,9,1029,20,12,1041,4,6,4,12
4250.84,1625043884907,50.009360991,1,0,0,14,29,520,15,623,8,0,0,0,44,56,6769420,0,27,8,156,11157,2512594,21966,524,3,193395,139842,55135,56127,20534,10926,20631,10614,78,1092,1092,33,37129,17603,24262671,2243,73,432,260,4502624,4502536,118,134,71,85,160,6769224,4288923,93,123,2996,323,1168,0,84,0,923,8570389,2938,0,500,15,8,12,757,16,10,767,5,6,3,15
4300.85,1625043941770,50.008818035,1,0,0,10,22,520,12,612,6,0,0,0,42,75,6410629,0,32,6,144,18294,2210676,21546,524,2,192439,139082,52996,54031,20099,11110,20172,11244,72,1086,1086,33,36268,17316,22380266,2231,68,426,259,4440622,4440529,112,128,67,84,151,6410314,4229069,89,118,2990,318,1167,0,79,0,909,7844650,2793,0,439,13,4,8,746,16,10,756,4,5,3,12
4350.86,1625043998566,50.008740623,1,0,0,13,24,524,11,637,6,0,0,0,60,56,6631761,0,48,8,140,7455,2401940,23430,523,3,195712,141819,61382,62004,24223,13519,24230,13008,70,1137,1138,64,43974,21030,23616809,2271,78,427,267,4482542,4482431,114,130,77,90,170,6631356,4260315,95,128,3215,336,1436,11,90,2,962,8161660,3059,0,524,17,7,8,766,20,14,780,9,5,3,16
4400.87,1625044055430,50.008827298,1,0,0,10,21,777,11,903,6,0,0,0,40,66,6583557,0,27,7,140,10741,2345268,23051,786,2,195994,141956,60788,61423,24000,13577,23990,13229,70,1095,1095,37,43598,20836,23282847,2241,76,426,264,4493298,4493199,112,128,76,90,167,6583160,4271379,94,127,3162,329,1410,0,89,0,920,8194896,2913,0,495,8,4,5,1045,19,8,1053,8,4,3,11
4450.88,1625044112138,50.010433032,1,0,0,13,25,521,12,608,6,0,0,0,10,67,6410823,0,29,8,144,6930,2203251,21666,522,3,193418,139835,56951,58376,20821,11120,23461,13292,72,1094,1094,37,38128,17766,22349113,2239,75,425,258,4453575,4453475,112,128,74,88,167,6410678,4237439,94,126,3004,321,1182,0,88,0,921,7897485,2798,0,484,10,3,5,766,19,11,777,10,4,3,13
4500.89,1625044169089,50.009192660,1,0,0,13,25,520,12,613,6,0,0,0,58,69,6844017,0,29,8,144,15045,2587283,23525,523,3,193474,139937,55495,56406,20699,10866,20750,10551,72,1090,1090,33,37336,17673,24742376,2239,77,432,259,4503700,4503607,114,130,75,88,164,6843855,4289656,93,127,2993,320,1164,0,87,0,915,8820751,2921,0,508,9,3,5,751,15,7,758,9,4,3,12
4550.9,1625044225587,50.009052781,1,0,0,12,28,520,16,625,9,0,0,0,4,66,6598901,0,27,8,160,9861,2346903,23710,522,3,196210,141951,59818,60624,23993,13547,24065,13385,80,1093,1093,33,43125,20841,23315555,2245,79,426,266,4506182,4506076,118,133,78,92,168,6598682,4285251,93,129,3178,336,1408,0,92,0,920,8365242,2869,0,498,15,9,12,780,20,10,790,5,9,5,16
4600.91,1625044282390,50.008727850,1,0,0,12,25,519,13,635,8,0,0,0,48,58,6605475,0,34,8,148,14974,2362599,23394,524,3,196384,142159,59815,60396,23979,13640,23989,13480,74,1096,1096,33,43122,20824,23418672,2251,79,429,266,4493739,4493629,118,134,78,90,168,6605121,4272959,93,129,3187,336,1413,0,90,0,920,8225006,2968,0,521,12,5,7,777,20,9,786,4,6,3,12
4650.92,1625044339467,50.008956157,1,0,0,10,20,517,10,626,5,0,0,0,2,47,6196393,0,39,6,136,18264,1989354,20872,524,2,194200,140466,57657,58472,21141,11377,21194,11024,68,1144,1145,64,38487,18040,21084351,2285,79,427,261,4457635,4457529,110,126,78,91,170,6196231,4239663,95,130,3047,324,1192,11,91,2,961,7456880,2783,0,444,9,3,5,748,15,7,755,3,4,3,9
4700.93,1625044396844,50.009138157,1,0,0,14,28,520,14,625,7,0,0,0,4,59,6414654,0,27,8,152,14741,2139669,20486,524,3,195722,141710,60555,61029,24969,14775,24077,13355,76,1096,1096,37,43728,21806,22157389,2243,78,425,264,4524528,4524425,116,132,76,89,168,6414472,4302324,94,127,3163,329,1401,0,90,0,918,7801520,2860,0,478,15,4,8,780,19,10,790,5,5,3,15
4750.94,1625044453835,50.009430574,1,0,0,14,28,520,14,637,7,0,0,0,38,59,6676372,0,33,8,152,8398,2431076,22241,525,3,196597,142378,61078,61702,24165,13865,24168,13355,76,1098,1098,37,43924,20961,23798005,2247,81,431,264,4501209,4501104,116,132,80,93,172,6675995,4278187,94,131,3184,329,1409,0,93,0,920,8173028,2978,0,516,15,4,8,782,19,10,792,5,5,3,15
4800.95,1625044511141,50.009173595,1,0,0,13,25,520,12,626,7,0,0,0,40,50,6635817,0,27,8,144,21425,2397532,22583,523,3,196415,142155,59732,60551,24007,13263,24041,13009,72,1094,1094,33,43167,20854,23611624,2247,79,428,265,4493324,4493223,116,132,78,91,168,6635680,4271876,93,129,3179,333,1406,0,90,0,922,8081327,2933,0,495,12,7,8,775,19,10,785,4,5,3,12
4850.96,1625044567910,50.009308478,1,0,0,14,27,781,13,873,8,0,0,0,38,76,6474214,0,35,9,148,10124,2218531,21520,785,3,193398,139834,55460,56305,20540,11119,20617,10898,74,1094,1094,33,37192,17572,22530649,2247,73,427,260,4499899,4499808,118,133,71,84,160,6474009,4285453,93,123,3011,326,1168,0,85,0,917,8033174,2900,0,475,12,8,9,1016,18,16,1032,4,6,4,12
4900.97,1625044625214,50.010288674,1,0,0,13,25,520,12,640,6,0,0,0,4,60,6382288,0,31,8,144,5362,2171181,21922,523,3,196186,141954,60069,60905,24050,13576,24110,13197,72,1137,1138,60,43266,20912,22174637,2279,77,427,268,4467939,4467837,114,130,75,87,166,6382069,4245796,94,126,3210,340,1431,11,87,2,947,7668930,2829,0,499,10,3,5,767,18,7,774,10,2,1,12
4950.98,1625044681880,50.008723723,1,0,0,13,25,520,12,645,6,0,0,0,80,71,6779184,0,27,8,142,9520,2526244,23594,524,3,196510,142296,59700,60309,23996,13736,24000,13323,71,1090,1090,33,43141,20872,24383381,2239,79,429,265,4506669,4506562,112,128,78,92,168,6778775,4285728,93,129,3161,332,1402,0,91,0,916,8494076,3033,0,526,10,3,5,780,18,7,787,10,4,3,14
5000.99,1625044739178,50.009514756,1,0,0,13,25,520,12,612,6,0,0,0,2,38,6321680,0,34,8,144,7979,2087213,22800,524,3,194730,140531,58806,60354,21625,11818,23895,13607,72,1100,1100,37,41062,18505,21722823,2251,81,426,259,4487602,4487509,114,129,79,99,172,6321667,4267561,94,131,3168,324,1386,0,92,0,922,7602029,2804,0,497,10,3,5,771,18,7,778,10,5,4,15
5051,1625044796062,50.009099760,1,0,0,10,20,521,10,614,6,0,0,0,40,56,6644938,0,31,6,136,7622,2385554,22765,524,2,193965,140353,56878,57773,20867,11217,20944,11087,68,1099,1099,37,38115,17787,23539894,2249,79,432,258,4508309,4508205,112,128,77,92,168,6644796,4292145,94,129,3008,318,1171,0,90,0,922,8410336,2880,0,487,7,7,9,750,16,11,761,3,5,3,7
5101.02,1625044852909,50.015260674,1,0,0,13,25,524,12,633,7,0,0,0,88,75,6813383,0,27,8,144,3853,2572684,23778,523,3,196820,142653,60761,61606,24044,13705,24087,13135,72,1099,1099,37,43712,20865,24605694,2249,78,430,265,4496605,4496513,116,132,77,92,168,6813208,4274494,94,127,3174,333,1413,0,91,0,920,8396975,3139,0,521,12,9,10,784,20,14,798,4,6,3,12
5151.03,1625044910094,50.009153705,1,0,0,14,28,520,14,644,7,0,0,0,2,63,6534709,0,46,8,152,5212,2304791,23582,523,3,196416,142132,60535,61348,24188,13487,24221,13355,76,1140,1141,60,43527,21003,23022101,2285,80,428,267,4484219,4484123,116,132,79,91,170,6534531,4262257,94,130,3228,338,1435,11,91,2,956,7813000,2898,0,488,15,4,8,778,19,10,788,5,5,3,15
5201.04,1625044966726,50.009235865,1,0,0,14,28,520,14,610,7,0,0,0,14,76,6436308,0,33,8,152,8312,2222442,20632,523,3,192916,139455,55628,56455,20671,10899,20757,10772,76,1094,1094,33,37374,17662,22452030,2247,77,425,260,4459944,4459847,116,132,75,87,164,6436180,4245827,93,127,3015,323,1170,0,87,0,919,7804918,2761,0,457,15,4,8,760,16,10,770,5,5,3,15
5251.05,1625045023379,50.008889843,1,0,0,10,21,777,11,875,7,0,0,0,76,35,6681194,0,27,7,140,16277,2442263,23173,786,2,192611,139334,55443,56086,22576,13259,23507,13891,70,1085,1085,33,37239,19636,23838223,2229,72,427,260,4485213,4485117,114,129,71,85,160,6680837,4271987,93,123,2979,319,1158,0,85,0,918,8490482,2988,0,480,9,8,9,1023,17,12,1035,3,5,3,9
5301.06,1625045080988,50.008633841,1,0,0,10,20,517,10,625,5,0,0,0,66,72,6689411,0,26,6,136,26102,2427538,22693,524,2,195835,141888,60677,61266,23990,13640,24026,13292,68,1092,1092,37,43616,20838,23840579,2235,77,431,265,4513508,4513394,110,126,76,90,168,6689019,4291790,94,127,3156,333,1404,0,89,0,916,8392993,2978,0,491,12,3,5,780,18,7,787,4,5,4,12
5351.08,1625045137831,50.015669786,1,0,0,14,28,520,14,640,7,0,0,0,28,34,6701228,0,25,8,152,5669,2442471,22970,523,3,196305,142163,61071,61941,24131,13455,24175,13481,76,1091,1091,37,43883,20951,23876341,2233,82,427,264,4515542,4515443,116,132,81,94,172,6701025,4293156,94,131,3161,329,1405,0,93,0,920,8219753,2885,0,491,15,4,8,785,19,10,795,5,5,3,15
5401.09,1625045194519,50.010829660,1,0,0,14,29,520,15,616,7,0,0,0,0,59,6411137,0,32,8,156,15033,2189236,23763,524,3,192129,138945,56318,56977,20682,11435,20686,11182,78,1091,1091,37,37843,17688,22328185,2231,74,423,258,4462772,4462671,118,133,73,87,164,6410956,4248457,94,125,2988,316,1163,0,88,0,915,7659530,2770,0,456,15,4,8,750,16,10,760,5,5,3,15
5451.1,1625045251616,50.009239573,1,0,0,13,25,520,12,619,7,0,0,0,2,71,6299450,0,30,8,144,15031,2092651,21809,523,3,194880,141024,59216,60044,23809,13827,23888,13764,72,1089,1089,33,42910,20741,21726746,2237,76,424,265,4456929,4456833,116,131,74,86,164,6299211,4237288,93,125,3163,336,1411,0,86,0,913,7830687,2778,0,452,12,7,8,785,19,10,795,4,5,3,12
5501.11,1625045308588,50.009191284,1,0,0,14,27,773,13,894,8,0,0,0,16,58,6409061,0,27,9,148,10157,2224847,21465,786,3,195329,141353,59537,60369,23841,13891,23891,13608,74,1090,1090,33,42908,20749,22432520,2239,76,425,265,4437151,4437060,118,133,74,87,164,6408890,4217144,93,125,3162,333,1410,0,87,0,920,8003098,2884,0,484,12,5,5,1030,20,8,1038,4,6,4,12
5551.12,1625045366120,50.009984125,1,0,0,14,29,520,15,629,8,0,0,0,2,72,6680602,0,29,8,156,21572,2426623,22305,524,3,194252,140141,58088,59229,22634,12445,23862,13135,78,1095,1095,33,41436,19536,23808918,2249,77,430,260,4505902,4505795,118,132,77,90,167,6680475,4287219,93,129,3158,328,1389,0,89,0,922,8394069,2778,0,480,15,8,12,774,19,10,784,5,6,3,15
5601.13,1625045423148,50.008831971,1,0,0,14,28,520,14,612,7,0,0,0,44,63,6704783,0,29,8,152,12520,2439438,22105,523,3,191946,138844,55936,56560,20805,11124,20802,10552,76,1084,1084,33,37558,17752,23881469,2227,80,424,259,4508882,4508775,116,132,79,91,168,6704389,4295752,93,131,2986,319,1171,0,91,0,912,8282685,2883,0,485,15,4,8,756,16,10,766,5,5,3,15
5651.14,1625045479504,50.008738660,1,0,0,14,28,520,14,631,7,0,0,0,6,75,6440685,0,34,8,152,19563,2244623,22463,524,3,196412,142214,61166,61835,24148,13709,24226,13543,76,1098,1098,37,43882,20976,22626695,2247,81,426,265,4451384,4451268,116,132,80,95,172,6440296,4228510,94,131,3178,334,1411,0,94,0,928,7898887,2842,0,478,15,4,8,766,19,10,776,5,5,3,15
5701.15,1625045536616,50.010997769,1,0,0,10,20,517,10,618,6,0,0,0,32,46,6395864,0,32,6,136,10834,2171540,21082,524,2,195748,141786,61223,62089,24230,14526,24281,14331,68,1134,1135,64,43997,21041,22214897,2265,79,425,266,4479853,4479758,112,128,77,90,170,6395711,4257448,95,128,3192,333,1433,11,91,2,957,7880810,2903,0,477,10,4,5,781,19,7,788,3,5,3,9
5751.16,1625045593478,50.008977574,1,0,0,13,25,520,12,608,7,0,0,0,24,62,6453047,0,25,8,144,10496,2233939,21781,523,3,193669,140110,56571,57394,20716,11716,20766,11024,72,1099,1099,37,37894,17678,22546201,2249,75,427,259,4468259,4468162,116,132,73,87,164,6452897,4252347,94,125,3001,320,1165,0,87,0,922,8122473,2832,0,488,12,5,6,748,16,10,758,4,5,3,12
5801.17,1625045650627,50.009215983,1,0,0,14,28,520,14,628,7,0,0,0,52,42,6701252,0,27,8,152,10913,2468468,22777,525,3,195120,141523,56959,57353,22170,12784,20799,11339,76,1090,1090,33,39080,19148,23986051,2239,74,432,265,4482612,4482514,116,131,72,83,160,6701068,4266481,93,123,3010,328,1187,0,84,0,922,8452987,2886,0,468,15,4,8,761,16,10,771,5,5,3,15
5851.18,1625045707405,50.008840183,1,0,0,12,27,520,15,628,8,0,0,0,2,44,6523240,0,27,8,156,8386,2252301,23439,524,3,196120,141916,59844,60463,23997,13515,23980,13324,78,1096,1096,33,43085,20830,22786345,2251,79,427,266,4525312,4525208,116,132,78,90,168,6522864,4303981,93,129,3182,336,1416,0,90,0,918,7877866,2821,0,496,15,5,8,771,20,10,781,5,6,3,15
5901.19,1625045764155,50.008870806,1,0,0,10,21,777,11,911,7,0,0,0,4,46,6570430,0,29,7,138,5939,2287509,23601,786,2,196122,141924,60462,61101,24108,14874,24125,14583,69,1094,1094,33,43307,20925,23023692,2247,82,426,265,4536060,4535949,112,127,82,95,172,6570042,4314025,93,133,3173,332,1410,0,95,0,910,8117988,2801,0,486,9,8,9,1028,20,12,1040,3,5,3,9
5951.2,1625045821477,50.009219494,1,0,0,14,26,525,12,616,6,0,0,0,32,67,6294222,0,49,8,144,14569,2101156,20939,522,3,193754,140243,58167,59053,21183,10815,21250,10488,72,1142,1143,64,38684,18063,21703202,2281,83,427,261,4443639,4443537,114,129,82,95,174,6294037,4226318,95,134,3050,324,1192,11,95,2,961,7562491,2845,0,451,12,11,13,753,17,15,768,4,7,4,11
6001.21,1625045877675,50.008750724,1,0,0,13,25,520,12,641,6,0,0,0,2,37,6666972,0,29,8,144,11401,2402279,22819,523,3,195396,141760,59352,59551,22787,12892,21193,11244,72,1098,1098,37,40439,19633,23673995,2247,84,426,264,4516662,4516544,114,130,82,97,172,6666519,4297455,94,133,3019,324,1190,0,97,0,927,8366284,2837,0,494,10,3,5,753,15,7,760,10,2,1,12
6051.22,1625045934782,50.009207499,1,0,0,13,25,524,12,618,6,0,0,0,14,69,6414520,0,25,8,142,19906,2194650,21412,522,3,194844,141090,60517,61325,24002,14174,24051,13859,71,1090,1090,37,43630,20849,22349520,2231,78,423,264,4473684,4473588,112,128,76,89,168,6414348,4252301,94,127,3156,329,1419,0,89,0,918,7936666,2834,0,490,10,3,5,767,18,7,774,10,4,3,14
6101.23,1625045992093,50.009217936,1,0,0,13,25,520,12,623,6,0,0,0,48,84,6420279,0,25,8,144,18412,2190792,21302,523,3,196127,141972,59737,60563,23977,13893,24018,13670,72,1092,1092,33,43122,20816,22349228,2243,80,431,265,4482543,4482444,114,130,78,90,168,6420151,4261458,93,129,3175,334,1407,0,90,0,915,7786531,2932,0,515,9,3,5,765,18,7,772,9,4,3,12
6151.24,1625046048564,50.010471081,1,0,0,14,27,777,13,874,7,0,0,0,26,57,6508359,0,27,9,148,17950,2273179,21117,785,3,192804,139391,55394,56049,20511,11460,20522,11213,74,1093,1093,33,37123,17578,22809620,2245,71,426,260,4482641,4482544,116,132,71,83,160,6508013,4268660,93,123,2998,323,1162,0,83,0,917,7955331,2793,0,476,9,4,5,1021,17,12,1033,9,4,3,12
6201.25,1625046105901,50.011949127,1,0,0,13,25,520,12,619,6,0,0,0,14,55,6551724,0,33,8,144,8370,2292859,22372,523,3,195245,141317,59979,60937,24029,13829,24083,13387,72,1135,1136,60,43278,20916,23003682,2275,76,425,268,4511455,4511364,114,129,76,87,166,6551560,4290526,94,126,3207,340,1437,11,87,2,953,8029117,2861,0,492,10,3,5,780,18,7,787,10,4,3,13
6251.26,1625046162632,50.008969178,1,0,0,13,25,520,12,639,6,0,0,0,74,65,6471731,0,29,8,144,3587,2267257,22064,524,3,196608,142439,60609,61373,24043,14460,24098,14174,72,1096,1096,37,43679,20882,22722950,2243,77,429,265,4459138,4459043,114,130,76,90,168,6471508,4236649,94,127,3165,334,1402,0,90,0,916,7863093,3014,0,540,10,3,5,774,18,7,781,10,4,3,14
6301.27,1625046219444,50.009498224,1,0,0,13,25,520,12,614,6,0,0,0,20,76,6578245,0,28,8,144,9859,2331973,21970,524,3,195443,141394,59455,60515,23454,13955,23984,13954,72,1095,1095,37,42837,20356,23218191,2241,77,425,260,4499574,4499479,114,130,75,90,168,6578239,4278304,94,127,3148,324,1382,0,89,0,918,8291823,2876,0,506,10,3,5,782,18,7,789,10,5,4,15
6351.28,1625046276660,50.009190862,1,0,0,10,21,777,11,873,6,0,0,0,48,41,6684488,0,27,7,140,9734,2455842,23836,786,2,193741,140180,56564,57416,20693,11495,20774,11244,70,1094,1094,37,37874,17689,23891006,2239,75,431,258,4477503,4477411,112,128,73,86,164,6684315,4261444,94,125,2990,316,1158,0,86,0,924,8562751,2862,0,490,8,4,5,1016,16,8,1024,8,4,3,11
6401.29,1625046333261,50.008564152,1,0,0,14,26,521,12,622,6,0,0,0,40,64,6514245,0,27,8,144,9428,2301274,22542,523,3,196511,142339,61148,61675,24180,13897,24194,13764,72,1099,1099,37,43790,20936,22969113,2249,81,428,265,4467537,4467419,114,130,80,93,172,6513883,4244293,94,131,3179,333,1411,0,93,0,928,8157989,2936,0,517,9,3,5,768,19,11,779,9,4,3,12
6451.3,1625046390275,50.008564872,1,0,0,13,25,520,12,636,6,0,0,0,32,44,6522179,0,25,8,144,24060,2293311,22984,523,3,195779,141674,59229,59777,23841,13512,23835,13355,72,1089,1089,33,42883,20736,22970536,2237,75,426,265,4481724,4481614,114,130,74,86,164,6521804,4261244,93,125,3161,333,1402,0,86,0,919,8220625,2862,0,507,10,3,5,774,18,7,781,10,4,3,14
6501.31,1625046447669,50.009672420,1,0,0,13,25,520,12,621,6,0,0,0,62,59,6622992,0,35,8,144,9774,2395591,22586,524,3,193282,139818,56291,57295,20903,11595,20972,11181,72,1137,1138,60,37712,17854,23523326,2279,77,428,262,4474599,4474506,114,130,76,90,166,6622862,4259814,94,128,3040,327,1199,11,89,2,958,8418219,2991,0,497,10,3,5,753,15,7,760,10,5,4,15
6551.32,1625046504569,50.009270689,1,0,0,10,22,777,12,875,7,0,0,0,2,54,6543513,0,27,7,144,8792,2295011,21973,785,2,193133,139589,55767,56631,20635,11057,20706,10677,72,1090,1090,33,37327,17676,22978079,2239,76,425,259,4492577,4492487,114,130,75,88,164,6543343,4277999,93,127,2993,319,1161,0,88,0,917,8270771,2752,0,481,9,8,9,1017,16,8,1025,9,5,3,13
6601.33,1625046561998,50.009019342,1,0,0,14,26,521,12,621,6,0,0,0,110,61,6546665,0,28,8,144,10514,2314266,23464,524,3,196466,142409,60610,61441,23972,13986,23997,13575,72,1096,1096,37,43661,20859,23080381,2243,79,434,265,4488564,4488466,114,130,76,89,168,6546560,4266752,94,127,3164,333,1403,0,89,0,916,8250710,3116,0,541,10,3,5,772,19,11,783,10,4,3,13
6651.36,1625046618900,50.030481630,1,0,0,13,25,520,12,626,6,0,0,0,22,85,6570297,0,27,8,144,10786,2335446,22531,525,3,195537,141612,61131,62025,24219,13489,24213,13229,72,1093,1093,37,43942,21009,23214088,2237,82,424,265,4490398,4490302,114,130,81,95,173,6570095,4268447,94,131,3168,332,1410,0,94,0,919,7841707,2896,0,503,10,3,5,786,18,7,793,10,4,3,14
6701.37,1625046675193,50.009620208,1,0,0,13,25,520,12,603,6,0,0,0,4,47,6719373,0,27,8,144,9358,2482507,21959,523,3,193698,140084,56481,57488,20709,11560,20820,11527,72,1099,1099,37,37892,17699,24070749,2249,75,426,259,4485381,4485282,112,128,73,88,164,6719169,4269414,94,125,3002,320,1165,0,86,0,930,8290505,2752,0,475,10,3,5,762,15,7,769,10,4,3,14
6751.38,1625046731972,50.008929004,1,0,0,13,26,520,13,622,7,0,0,0,36,39,6478407,0,45,8,148,15294,2238502,22978,524,3,194333,140936,57250,57449,21771,11875,20862,10866,74,1136,1137,60,38836,18755,22626479,2277,74,427,266,4490401,4490303,116,132,73,84,162,6478081,4274614,94,124,3067,332,1208,11,85,2,951,7770075,2906,0,492,9,7,9,755,15,7,762,9,5,3,13
6801.39,1625046788859,50.011598075,1,0,0,14,27,773,13,899,7,0,0,0,1,50,6632389,0,25,9,148,12325,2372907,21547,785,3,195692,141562,59503,60037,23838,13797,23848,13513,74,1091,1091,33,42885,20731,23461873,2241,74,425,265,4509755,4509662,116,132,74,87,164,6632168,4288898,93,125,3164,333,1402,0,87,0,924,8058719,2820,0,469,9,4,5,1031,19,8,1039,9,4,3,12
6851.4,1625046845722,50.009179685,1,0,0,13,25,520,12,624,6,0,0,0,36,68,6450370,0,29,8,144,24293,2196320,22296,523,3,195741,141653,59224,59974,24777,15369,23856,13922,72,1089,1089,33,42958,21685,22452857,2237,75,426,265,4503702,4503604,114,128,74,86,164,6450196,4283161,93,125,3160,334,1401,0,86,0,915,7863632,2833,0,497,10,3,5,779,18,7,786,10,4,3,13
6901.41,1625046902531,50.009142628,1,0,0,13,25,520,12,642,6,0,0,0,44,74,6565727,0,31,8,144,9084,2342265,21417,523,3,194099,140454,57418,58216,20999,10718,21077,10803,72,1101,1101,37,38401,17897,23190588,2253,83,428,259,4473331,4473217,114,130,81,95,172,6565502,4256443,94,133,3013,319,1166,0,95,0,927,8013835,2873,0,491,10,3,5,761,15,7,768,10,4,3,14
6951.42,1625046959270,50.008770188,1,0,0,13,25,520,12,605,6,0,0,0,46,72,6495687,0,32,8,144,10743,2302339,22456,523,3,193714,140183,56511,57161,20673,11718,20679,11433,72,1099,1099,37,37936,17676,22889370,2249,74,428,259,4440467,4440366,112,128,73,86,164,6495312,4224381,94,125,3011,319,1173,0,87,0,926,7909639,2866,0,464,10,3,5,762,15,7,769,10,5,4,15
7001.43,1625047016415,50.008593726,1,0,0,10,21,773,11,904,6,0,0,0,20,60,6689965,0,33,7,140,11208,2462744,22320,785,2,196589,142365,62047,62559,24341,13899,24365,13701,70,1139,1140,64,44263,21119,23969076,2275,82,427,266,4483612,4483498,112,128,81,94,174,6689526,4259357,95,132,3202,333,1427,11,94,2,957,8192982,2851,0,484,8,4,5,1038,19,8,1046,8,4,3,11
7051.44,1625047073299,50.008595404,1,0,0,14,26,521,12,629,6,0,0,0,22,73,6831344,0,27,8,144,7327,2577058,23071,523,3,196450,142255,60726,61258,23997,13894,23991,13638,72,1099,1099,37,43605,20842,24669162,2249,77,427,265,4509287,4509175,114,130,76,90,168,6830924,4286467,94,127,3174,334,1407,0,90,0,926,8687293,2998,0,493,9,3,5,788,19,11,799,9,4,3,12
7101.45,1625047130428,50.009179491,1,0,0,13,25,520,12,633,6,0,0,0,54,56,6500530,0,28,8,144,19768,2257502,23012,524,3,193366,139827,55070,55951,20504,10800,20555,10929,72,1091,1091,33,37153,17569,22742736,2241,73,428,259,4487104,4487013,114,130,71,84,160,6500339,4273092,93,123,2996,320,1160,0,84,0,917,7891953,2919,0,480,10,3,5,759,15,7,766,10,4,3,14
7151.46,1625047187777,50.009099547,1,0,0,13,25,520,12,623,6,0,0,0,38,39,6654855,0,27,8,144,9859,2418664,22744,523,3,196104,142006,59231,59299,23825,13577,21272,10835,72,1090,1090,33,42797,20754,23716492,2239,77,432,266,4490439,4490338,112,128,77,88,165,6654453,4269973,93,128,3150,333,1384,0,89,0,922,8160164,2886,0,470,10,3,5,763,15,7,770,10,5,4,15
7201.47,1625047244608,50.009143114,1,0,0,10,22,777,12,910,7,0,0,0,52,57,6675635,0,32,7,144,19155,2440840,22523,786,2,195065,141192,59465,60354,23819,14172,23878,13544,72,1078,1078,33,42900,20741,23853990,2215,76,426,265,4486897,4486806,114,130,74,87,164,6675422,4267060,93,125,3147,335,1403,0,86,0,913,8466800,2975,0,504,10,8,9,1042,19,8,1050,9,5,3,13
7251.48,1625047301377,50.009018599,1,0,0,10,20,517,10,619,5,0,0,0,16,56,6506167,0,25,6,136,10223,2263495,22313,523,2,195780,141761,60635,61408,24015,13389,24061,13386,68,1094,1094,37,43676,20865,22803516,2239,78,425,265,4497293,4497192,110,126,76,89,168,6505953,4274915,94,127,3161,332,1404,0,90,0,916,7900067,2838,0,493,10,3,5,774,18,7,781,10,4,3,13
7301.49,1625047358390,50.008484508,1,0,0,14,29,520,15,605,7,0,0,0,28,65,6615944,0,34,8,156,22400,2369842,22402,524,3,193647,140116,57072,57620,20904,11058,20892,11024,78,1140,1141,64,38245,17864,23406342,2277,75,428,260,4492741,4492632,114,129,74,87,166,6615512,4276285,95,126,3031,321,1188,11,88,2,957,8144776,2839,0,475,13,4,9,760,15,7,767,5,7,5,13
7351.5,1625047414967,50.008838748,1,0,0,14,28,520,14,620,7,0,0,0,6,60,6650198,0,27,8,152,20982,2407273,21655,524,3,195847,141829,60728,61350,23978,13611,24003,13481,76,1096,1096,37,43661,20862,23695631,2243,76,425,265,4494035,4493928,114,130,76,90,168,6649798,4271934,94,127,3167,333,1415,0,91,0,923,8046443,2825,0,476,15,4,8,788,19,10,798,5,5,3,15
7401.51,1625047471559,50.009181310,1,0,0,13,25,520,12,631,7,0,0,0,34,58,6582330,0,29,8,144,15787,2370295,21929,523,3,195902,141772,59268,60118,23817,13448,23859,13260,72,1093,1093,33,42888,20746,23400285,2245,76,431,265,4464610,4464515,116,132,74,86,164,6582146,4244319,93,125,3169,333,1402,0,86,0,919,7929386,2889,0,497,12,7,8,778,19,10,788,4,5,3,12
7451.52,1625047528729,50.009606102,1,0,0,14,27,773,13,890,8,0,0,0,38,80,6641435,0,34,9,148,20524,2413937,22084,787,3,195366,141259,58887,60040,23324,13295,23947,13449,74,1092,1092,33,42124,20180,23671137,2243,78,427,261,4479810,4479709,116,132,77,90,168,6641253,4259705,93,129,3167,330,1389,0,89,0,920,8127562,2887,0,487,10,5,5,1033,20,8,1041,4,5,3,9
7501.53,1625047585297,50.008749276,1,0,0,14,29,520,15,601,7,0,0,0,38,61,6596617,0,27,8,156,15566,2346346,22167,523,3,193327,139774,55068,55619,20517,11681,20509,11244,78,1090,1090,33,37112,17569,23269298,2239,72,428,259,4496482,4496376,114,130,71,84,160,6596177,4282501,93,123,2991,319,1157,0,84,0,915,8165620,2898,0,489,12,4,9,759,15,7,766,10,7,5,15
7551.54,1625047642018,50.012149898,1,0,0,14,28,520,14,631,7,0,0,0,8,38,6972310,0,44,8,152,5086,2691866,24134,523,3,195637,141929,58770,59349,22077,11784,21167,10898,76,1142,1143,64,39650,18995,25418384,2281,77,427,266,4532271,4532180,114,130,76,88,166,6971999,4313084,95,126,3068,331,1210,11,88,2,962,8725344,2835,0,455,15,4,8,737,16,10,747,5,5,3,15
7601.55,1625047698739,50.008737791,1,0,0,13,24,520,11,633,6,0,0,0,26,53,6572297,0,30,8,140,13693,2335837,21813,525,3,196306,142134,60546,61167,24023,13734,24032,13355,70,1095,1095,37,43685,20848,23229354,2241,77,427,264,4490027,4489921,114,130,76,90,168,6571913,4267348,94,127,3174,329,1407,0,89,0,919,8120201,2891,0,489,13,3,4,772,19,10,782,9,3,2,13
7651.56,1625047755278,50.009242875,1,0,0,10,22,777,12,896,7,0,0,0,48,64,6462407,0,27,7,144,8973,2227743,23232,786,2,196426,142306,61418,62292,24166,13962,24222,13796,72,1098,1098,37,43832,20928,22583760,2247,82,431,265,4489412,4489309,114,130,80,95,172,6462243,4266504,94,131,3171,333,1412,0,95,0,925,8039385,2969,0,507,9,8,9,1037,19,8,1045,9,5,3,13
7701.57,1625047812371,50.008519341,1,0,0,14,26,521,12,609,6,0,0,0,38,38,6656492,0,27,8,144,17395,2419432,22431,523,3,193417,139853,55535,56036,20691,12031,20673,11528,72,1092,1092,33,37323,17666,23699792,2243,76,427,259,4484044,4483943,112,128,75,87,164,6655976,4270110,93,127,3003,320,1167,0,87,0,920,8098330,2832,0,478,6,3,5,747,16,11,758,4,4,3,5
7751.58,1625047868798,50.009073881,1,0,0,13,25,520,12,616,6,0,0,0,4,57,6501397,0,29,8,144,16819,2275904,21687,523,3,193648,139970,56042,56883,20828,11373,20893,10992,72,1096,1096,33,37579,17756,22801256,2251,80,426,260,4472609,4472506,114,130,79,92,168,6501148,4257810,93,131,3008,323,1163,0,91,0,922,8188799,2785,0,472,9,3,5,753,15,7,760,9,4,3,13
7801.59,1625047925737,50.009112957,1,0,0,13,25,520,12,630,6,0,0,0,12,50,6499662,0,37,8,144,25109,2279285,22879,524,3,196358,142086,60821,61634,24338,13743,24390,13355,72,1135,1136,60,43698,21102,22856700,2275,85,427,267,4476495,4476387,112,128,83,95,174,6499479,4254235,94,134,3205,336,1427,11,95,2,952,8175110,2882,0,498,10,3,5,787,18,7,794,10,5,4,15
7851.6,1625047982879,50.008768865,1,0,0,10,21,521,11,619,6,0,0,0,8,61,6477317,0,28,6,138,9468,2256632,22265,523,2,196206,142046,60578,61212,24019,14805,24028,14520,69,1097,1097,37,43628,20846,22714928,2245,76,426,265,4476871,4476765,110,126,76,89,168,6476980,4254484,94,127,3165,332,1401,0,89,0,922,8098534,2818,0,486,9,7,9,772,18,7,779,9,5,3,13
7901.61,1625048040092,50.009092165,1,0,0,10,20,517,10,604,5,0,0,0,28,52,6435457,0,29,6,134,10476,2206757,22245,524,2,192440,139219,56365,57341,20667,11307,20768,10898,67,1092,1092,37,37870,17672,22416501,2235,75,424,259,4475229,4475137,108,124,73,90,164,6435341,4260450,94,125,2990,319,1164,0,88,0,918,7843721,2802,0,462,8,6,8,739,15,7,746,4,5,3,7
7951.62,1625048097290,50.009122238,1,0,0,13,25,520,12,626,6,0,0,0,24,43,6481785,0,26,8,144,7050,2294830,22172,524,3,196690,142444,61098,61929,24212,13990,24237,13544,72,1099,1099,37,43862,20971,22868637,2249,81,432,265,4443462,4443361,114,130,80,93,172,6481627,4220574,94,131,3177,334,1411,0,93,0,929,7995610,2875,0,497,10,3,5,784,18,7,791,10,4,3,14
8001.63,1625048153976,50.009152308,1,0,0,13,25,520,12,643,6,0,0,0,0,54,6443784,0,36,8,144,7632,2225801,21453,523,3,196316,142112,60676,61465,24028,13043,24073,13166,72,1103,1103,37,43619,20869,22483592,2257,78,426,265,4471816,4471715,114,130,76,89,168,6443626,4249453,94,127,3195,334,1412,0,89,0,923,8001516,2886,0,490,10,3,5,786,18,7,793,10,4,3,14
8051.64,1625048210612,50.009170024,1,0,0,14,29,520,15,636,7,0,0,0,32,65,6677981,0,31,8,156,17033,2427718,22818,523,3,194739,140970,61353,62156,24392,14154,24443,13891,78,1083,1083,33,43851,21113,23825583,2225,88,423,265,4501346,4501235,116,132,86,99,179,6677807,4281005,95,138,3153,337,1404,0,99,0,912,8338181,2948,0,516,7,4,9,779,18,7,786,5,6,4,9
8101.65,1625048267891,50.008945370,1,0,0,14,27,773,13,879,8,0,0,0,42,57,6590298,0,29,9,148,8916,2381904,20760,786,3,193588,139969,55703,56394,20688,11055,20712,10646,74,1090,1090,33,37309,17673,23388990,2239,75,428,259,4455114,4455016,118,134,75,87,164,6589958,4240884,93,127,2992,319,1157,0,87,0,912,8070350,2826,0,475,12,5,5,1016,17,8,1024,4,6,4,12
8151.66,1625048324786,50.009051059,1,0,0,14,29,520,15,634,8,0,0,0,18,49,6539229,0,29,8,156,9863,2297382,22526,524,3,196048,141849,59168,59836,23825,13418,23835,13229,78,1095,1095,33,42891,20739,22988677,2249,75,426,265,4492953,4492859,118,133,74,88,164,6538946,4272686,93,125,3172,332,1404,0,87,0,915,8035056,2879,0,481,15,8,12,782,19,10,792,5,6,3,15
8201.67,1625048381533,50.009220878,1,0,0,14,28,524,14,618,7,0,0,0,54,74,6705773,0,31,8,152,11850,2454527,22670,523,3,196507,142338,60633,61410,24022,13957,24100,13890,76,1100,1100,37,43659,20878,23967854,2251,78,432,265,4505112,4505010,116,131,76,89,168,6705557,4282894,94,127,3178,332,1407,0,90,0,920,8283363,2984,0,512,13,8,12,775,20,14,789,5,6,3,12
8251.68,1625048438239,50.008868280,1,0,0,14,28,524,14,641,7,0,0,0,2,62,6555216,0,38,8,152,8994,2332890,22145,524,3,196478,142271,61194,61942,24127,13331,24155,13292,76,1104,1104,37,43839,20946,23155148,2259,81,426,265,4478512,4478406,116,132,80,94,172,6554826,4255550,94,131,3201,333,1424,0,94,0,924,7877615,2846,0,489,15,8,12,780,20,14,794,5,6,3,15
8301.69,1625048495049,50.009070789,1,0,0,10,21,777,11,872,7,0,0,0,2,47,6526183,0,25,7,140,24996,2259613,21205,785,2,193079,139677,56727,57507,20682,11117,20740,10929,70,1097,1097,37,37886,17699,22821823,2245,75,425,259,4512301,4512203,114,129,73,86,164,6525959,4296522,94,125,2997,320,1173,0,86,0,919,7840719,2807,0,466,9,8,9,1019,17,12,1031,3,5,3,9
8351.7,1625048551657,50.009074825,1,0,0,14,26,525,12,621,6,0,0,0,44,67,6531384,0,53,8,142,12343,2282494,20874,524,3,192943,139994,58091,58568,22393,12037,21137,11087,71,1128,1129,60,39548,19305,22887051,2261,79,423,267,4496315,4496220,112,128,77,91,166,6531228,4280859,94,128,3054,332,1209,11,89,2,949,7709566,2870,0,469,12,7,9,759,17,15,774,4,6,4,12
8401.71,1625048608546,50.011438925,1,0,0,14,28,520,14,639,7,0,0,0,38,56,6667610,0,27,8,152,18142,2404618,22762,524,3,194349,140614,57514,58767,23494,13507,23610,13638,76,1083,1083,33,42100,20521,23699822,2225,73,424,265,4512771,4512683,116,132,70,87,155,6667535,4295333,89,120,3143,331,1400,0,82,0,912,8214937,2880,0,476,16,4,8,769,19,10,779,5,5,3,15
8451.72,1625048665727,50.008896967,1,0,0,14,28,520,14,647,7,0,0,0,20,46,6802517,0,31,8,152,6650,2534207,23715,523,3,196130,141928,59801,60475,23989,13138,23987,13355,76,1088,1088,33,43106,20841,24424920,2235,79,430,265,4522168,4522070,116,132,78,91,168,6802276,4301356,93,129,3162,332,1404,0,91,0,912,8455555,2867,0,475,15,4,8,778,19,10,788,5,5,3,15
8501.73,1625048722798,50.010429979,1,0,0,13,25,520,12,610,7,0,0,0,41,41,6615690,0,36,8,144,21038,2346180,22031,523,3,193180,139823,57013,58008,20821,11468,20955,11024,72,1098,1098,37,38106,17778,23334861,2247,78,426,259,4517497,4517402,116,132,77,91,168,6615517,4301963,94,129,3013,319,1178,0,90,0,919,8174876,2817,0,457,12,7,8,756,16,10,766,4,5,3,12
8551.74,1625048779107,50.009289656,1,0,0,14,27,773,13,876,8,0,0,0,42,57,6396430,0,31,9,148,9011,2185815,23855,787,3,193394,139962,56797,57433,20726,11023,20729,10835,74,1099,1099,37,37884,17685,22237961,2249,74,427,259,4457969,4457864,116,132,73,86,164,6396102,4242121,94,125,3005,319,1170,0,86,0,921,7978169,2873,0,462,12,5,5,1018,17,8,1026,4,6,4,12
8601.75,1625048835978,50.010718478,1,0,0,14,29,524,15,627,8,0,0,0,43,51,6461997,0,40,8,156,7769,2226493,23168,523,3,195848,141876,61423,62153,24209,13770,24257,13701,78,1143,1144,64,44067,21044,22570586,2283,79,426,267,4488726,4488626,118,134,77,91,170,6461787,4265908,95,128,3216,338,1435,11,90,2,962,7956247,2948,0,494,15,12,16,780,20,14,794,5,7,3,15
8651.76,1625048892696,50.008380753,1,0,0,14,28,520,14,620,7,0,0,0,30,66,6611798,0,29,8,150,5664,2382067,21859,524,3,196144,141937,59214,59724,23766,13576,23797,13481,75,1093,1093,33,42825,20711,23463552,2245,75,427,265,4482645,4482549,114,130,74,88,164,6611238,4262303,93,125,3171,335,1403,0,87,0,919,8265387,2888,0,477,15,4,8,783,19,10,793,5,5,3,15
8701.77,1625048950117,50.008748702,1,0,0,13,25,520,12,609,7,0,0,0,46,53,6621387,0,38,8,144,21490,2382490,22752,524,3,192646,139306,55467,56022,20651,11370,20645,11025,72,1094,1094,33,37298,17669,23494996,2247,75,430,259,4484791,4484674,116,132,75,88,164,6620986,4271434,93,127,3004,323,1163,0,87,0,916,8422389,2882,0,469,12,7,8,750,16,10,760,4,5,3,12
8751.78,1625049006623,50.010580242,1,0,0,10,20,521,10,608,6,0,0,0,31,69,6666086,0,25,6,136,22679,2424739,22289,524,2,191462,138440,55409,56379,20652,11495,20727,11087,68,1082,1082,33,37315,17653,23750415,2223,76,422,259,4483984,4483885,112,128,75,89,164,6665913,4271627,93,127,2982,319,1164,0,87,0,909,8452149,2819,0,490,9,7,9,731,16,11,742,3,5,3,9
8801.79,1625049063446,50.009809340,1,0,0,14,26,521,12,635,6,0,0,0,2,45,6703366,0,33,8,142,10138,2443888,23930,522,3,196597,142324,61030,61933,24155,13676,24224,13512,71,1100,1100,37,43862,20949,23929650,2251,82,426,265,4516047,4515937,112,128,80,94,172,6703129,4292999,94,131,3180,332,1418,0,93,0,925,8396967,2772,0,467,12,3,5,768,19,11,779,4,5,4,12
8851.8,1625049120274,50.008830880,1,0,0,14,28,524,14,623,7,0,0,0,56,50,6881703,0,31,8,152,8510,2640076,22456,524,3,196660,142441,60592,61221,24001,13042,24011,13135,76,1096,1096,37,43654,20856,25030794,2243,77,428,265,4494933,4494830,116,132,76,89,168,6881353,4272698,94,127,3168,332,1406,0,89,0,924,8468647,3038,0,516,15,8,12,776,20,14,790,5,6,3,15
8901.81,1625049176743,50.009464920,1,0,0,14,28,524,14,624,7,0,0,0,52,61,6532787,0,32,8,152,13682,2294982,22579,523,3,194093,140170,57651,59090,20958,11910,23602,13827,76,1097,1097,37,39263,17861,22952446,2245,79,427,259,4485918,4485819,116,132,78,93,171,6532683,4268207,94,130,3129,325,1349,0,91,0,924,7820653,2904,0,499,15,8,12,775,20,14,789,5,6,3,15
8951.82,1625049234426,50.010480778,1,0,0,10,20,521,10,620,6,0,0,0,57,54,6725807,0,39,6,136,15699,2489186,22088,523,2,192493,139323,57035,57478,21284,11911,20974,11464,68,1085,1085,33,38307,18178,24117338,2229,81,425,264,4483643,4483544,112,127,80,92,168,6725637,4269677,93,131,3014,329,1187,0,93,0,913,8170632,2927,0,496,9,7,9,756,16,11,767,3,5,3,9
9001.83,1625049291602,50.009084582,1,0,0,10,20,517,10,625,5,0,0,0,16,77,6365778,0,30,6,136,21270,2183223,22244,524,2,195370,141366,59697,60494,24914,14746,24013,13481,68,1091,1091,33,43133,21767,22229807,2241,80,429,265,4433822,4433718,110,127,78,91,167,6365549,4213532,93,129,3175,333,1408,0,92,0,918,7686346,2855,0,482,8,7,9,766,18,7,773,4,4,2,7
9051.84,1625049348521,50.008699469,1,0,0,13,25,520,12,626,6,0,0,0,38,40,6575289,0,36,8,144,4245,2352091,23789,523,3,196106,141924,59663,60131,23954,13799,23970,13827,72,1093,1093,33,43112,20814,23299722,2245,79,427,265,4475801,4475702,114,130,78,90,168,6574892,4255354,93,129,3171,332,1400,0,90,0,919,8328158,2899,0,512,10,3,5,775,18,7,782,10,4,3,14
9101.85,1625049405745,50.008651317,1,0,0,13,25,520,12,603,6,0,0,0,36,64,6661433,0,27,8,144,9936,2423674,22076,524,3,193366,139798,55007,55680,20505,11367,20527,10961,72,1092,1092,33,37145,17553,23704501,2243,72,428,259,4482855,4482744,114,129,71,83,160,6660982,4269321,93,123,2995,319,1158,0,84,0,914,8269294,2817,0,491,10,3,5,755,15,7,762,10,4,3,14
9151.86,1625049462417,50.010195930,1,0,0,13,26,520,13,632,8,0,0,0,28,71,6388086,0,53,8,148,12328,2179885,22293,525,3,195832,141902,60854,61027,24091,13549,21585,11338,74,1143,1143,64,43761,20962,22205331,2280,77,427,267,4463630,4463528,118,134,76,88,167,6387801,4241448,95,127,3214,333,1411,11,89,2,956,7887854,2961,0,461,10,11,12,762,16,10,772,4,6,3,11
9201.87,1625049519495,50.009141679,1,0,0,14,27,773,13,906,8,0,0,0,64,73,6604209,0,27,9,148,12357,2369647,22739,787,3,195105,141386,61548,62450,24162,13833,24247,13575,74,1093,1093,37,43928,20971,23437219,2237,81,425,266,4488110,4488005,118,134,80,97,172,6604036,4266437,94,131,3163,336,1407,0,93,0,924,8169424,2962,0,510,12,5,5,1041,20,8,1049,4,6,4,12
9251.88,1625049576335,50.009193517,1,0,0,14,29,520,15,631,8,0,0,0,32,77,6625288,0,34,8,156,12211,2365579,23449,524,3,195887,141895,61659,62498,24262,13933,24305,13513,78,1099,1099,37,44131,21063,23445428,2249,86,429,265,4515608,4515502,118,133,84,98,176,6625145,4292885,94,135,3177,335,1407,0,98,0,923,7994558,2951,0,494,15,8,12,778,19,10,788,5,6,3,15
9301.89,1625049633169,50.008658776,1,0,0,14,28,520,14,610,7,0,0,0,24,51,6629673,0,34,8,152,12568,2389326,22035,524,3,192585,139241,55508,56194,20639,11498,20645,10993,76,1091,1091,33,37350,17684,23525527,2241,75,426,259,4482679,4482571,116,132,75,88,164,6629309,4269402,93,127,3005,320,1171,0,87,0,923,8115056,2824,0,476,15,4,8,739,16,10,749,5,5,3,15
9351.9,1625049690421,50.008757301,1,0,0,14,28,520,14,631,7,0,0,0,48,46,6673037,0,28,8,152,11312,2434980,22345,524,3,195270,141345,59117,59685,23806,13669,23801,13324,76,1086,1086,33,42922,20731,23828310,2231,74,426,264,4487648,4487542,116,132,74,88,164,6672669,4268414,93,125,3153,329,1405,0,86,0,916,8231628,2917,0,497,15,4,8,782,19,10,792,5,5,3,15
9401.91,1625049747719,50.009311307,1,0,0,10,21,777,11,888,7,0,0,0,6,62,6422653,0,41,7,140,27896,2183353,21941,785,2,196260,142006,60178,60953,24135,14020,24184,13795,70,1141,1142,60,43313,21030,22347130,2287,77,427,267,4494679,4494584,114,130,75,87,166,6422428,4272899,94,126,3219,336,1433,11,88,2,949,7768409,2834,0,485,9,8,9,1026,20,12,1038,3,5,3,9
9451.92,1625049804287,50.009099229,1,0,0,14,26,525,12,604,6,0,0,0,6,76,6615587,0,28,8,144,21686,2383079,22161,524,3,193017,139620,56386,57234,20707,11559,20749,11181,72,1095,1095,37,37948,17694,23493104,2241,75,425,259,4479506,4479409,114,130,73,86,164,6615408,4264100,94,125,2995,319,1169,0,86,0,920,8140909,2730,0,445,12,7,9,759,17,15,774,4,6,4,12
9501.93,1625049861241,50.009364707,1,0,0,14,28,520,14,628,7,0,0,0,20,75,6532582,0,92,8,152,10873,2300683,22855,523,3,194967,141440,58385,58940,21656,11759,21046,11119,76,1100,1100,37,39224,18560,22970796,2251,80,432,264,4483420,4483323,116,131,78,92,168,6532380,4265816,94,129,3044,395,1192,0,91,0,926,7994374,2851,0,480,15,4,8,748,16,10,758,5,5,3,14
9551.94,1625049918615,50.008908519,1,0,0,14,28,520,14,622,7,0,0,0,60,56,6708003,0,39,8,150,23077,2459971,22703,524,3,195778,141844,61236,61880,24144,13807,24130,13324,75,1094,1094,37,43922,20957,23992828,2239,81,427,265,4502377,4502271,114,131,80,94,172,6707789,4280700,94,131,3170,398,1410,0,94,0,928,8089910,3027,0,508,14,4,8,782,19,10,792,5,5,3,13
9601.95,1625049975311,50.009291716,1,0,0,10,20,521,10,651,6,0,0,0,0,66,6488020,0,32,6,136,16973,2245467,22944,523,2,195466,141539,61637,62464,26378,15570,27375,16252,68,1094,1094,37,44124,23103,22727587,2239,86,423,266,4493484,4493380,112,127,84,98,176,6487860,4270660,94,135,3164,336,1409,0,98,0,918,7858934,2783,0,483,9,7,9,800,19,11,811,3,5,3,9
9651.96,1625050031971,50.013039960,1,0,0,10,20,517,10,625,5,0,0,0,85,50,6485043,0,63,6,136,11232,2241584,22768,523,2,193937,140327,56967,57854,21020,11263,21077,10803,68,1142,1143,60,37964,17933,22626575,2289,82,433,261,4490515,4490420,108,123,81,93,170,6484836,4275339,94,132,3052,467,1186,11,93,2,956,7844179,3111,0,514,9,3,5,757,15,7,764,3,4,3,9
9701.97,1625050088735,50.008667475,1,0,0,14,29,520,15,605,8,0,0,0,78,69,6689293,0,29,8,156,9322,2432656,22795,523,3,191667,138652,54998,55686,20519,10768,20521,10583,78,1079,1079,33,37129,17579,23757964,2217,72,425,259,4499828,4499722,118,134,71,84,160,6688926,4287948,93,123,2970,319,1160,0,83,0,911,8183049,2954,0,479,15,8,12,758,16,10,768,5,6,3,14
9751.98,1625050145507,50.009183047,1,0,0,14,28,520,14,631,7,0,0,0,22,70,6474154,0,34,8,150,14410,2227058,22321,524,3,195496,141464,59634,60469,23956,13924,24044,13795,75,1089,1089,33,43143,20822,22619808,2237,80,425,265,4499383,4499285,114,130,78,90,168,6473990,4279104,93,129,3162,335,1398,0,90,0,914,8008572,2895,0,482,15,4,8,766,19,10,776,5,5,3,15
9801.99,1625050202675,50.009194424,1,0,0,13,25,520,12,620,7,0,0,0,10,54,6455632,0,27,8,144,19259,2187797,21531,523,3,195972,141897,61121,61979,24155,14150,24231,13607,72,1094,1094,37,43877,20963,22417530,2239,82,425,265,4522659,4522560,116,131,80,94,172,6455433,4300020,94,131,3168,332,1408,0,94,0,919,7781752,2816,0,491,12,7,8,769,19,10,779,4,5,3,12
9852,1625050259560,50.009122241,1,0,0,10,20,517,10,603,6,0,0,0,46,46,6543552,0,34,6,134,20255,2316945,22162,523,2,192111,139037,56518,57343,20671,11086,20749,10583,67,1090,1090,37,37902,17716,23069333,2231,74,424,260,4469710,4469617,108,124,73,86,164,6543374,4255200,94,125,2985,328,1168,0,86,0,921,7979123,2842,0,477,9,4,5,756,16,7,763,3,5,3,9
9902.01,1625050316166,50.010068346,1,0,0,13,25,520,12,617,7,0,0,0,22,66,6607539,0,28,8,142,18657,2407946,21591,523,3,192555,139302,56438,57077,20715,10866,20725,10332,71,1094,1094,37,37865,17691,23536803,2239,73,424,259,4445976,4445885,114,133,73,88,164,6607247,4231208,94,125,2993,321,1165,0,87,0,921,8086505,2777,0,458,12,7,8,761,16,10,771,4,5,3,12
9952.02,1625050372905,50.008943684,1,0,0,14,28,520,14,627,7,0,0,0,14,62,6492958,0,51,8,152,16898,2235481,22049,523,3,195700,141610,59963,60574,24050,13800,24046,13418,76,1136,1137,60,43251,20921,22669385,2277,76,426,267,4511614,4511511,116,132,75,87,166,6492582,4290373,94,126,3224,338,1429,11,88,2,958,7993660,2863,0,476,15,4,8,773,19,10,783,5,5,3,15
10002,1625050429765,50.009226778,1,0,0,14,28,520,14,643,7,0,0,0,20,75,6475936,0,32,8,152,12956,2251025,21901,524,3,195227,141298,60060,60879,24099,13866,24159,13701,76,1089,1089,33,43312,20935,22678649,2237,83,425,264,4479243,4479140,116,132,82,94,172,6475778,4258489,93,133,3164,329,1406,0,94,0,911,7975607,2846,0,488,15,4,8,777,19,10,787,5,5,3,15
10052,1625050486975,50.009155074,1,0,0,10,21,777,11,878,7,0,0,0,2,72,6384838,0,28,7,140,18038,2159778,21483,784,2,193261,139688,55761,56533,20644,11056,20693,10709,70,1093,1093,33,37365,17661,22117639,2245,77,430,259,4473082,4472989,114,129,75,87,164,6384689,4258263,93,127,2996,319,1163,0,87,0,913,7969194,2685,0,433,9,8,9,1003,17,12,1015,3,5,3,9
10102,1625050544017,50.008797611,1,0,0,10,20,517,10,607,5,0,0,0,8,72,6459318,0,30,6,136,14397,2244075,22880,523,2,193758,140146,56861,57455,20817,11123,20835,11150,68,1098,1098,37,38047,17755,22595477,2247,78,426,259,4464869,4464742,110,126,77,91,168,6458865,4248553,94,129,3002,319,1164,0,91,0,931,8051366,2770,0,453,12,3,5,746,15,7,753,4,5,4,12
10152,1625050600375,50.009027197,1,0,0,14,28,520,14,620,7,0,0,0,12,60,6573787,0,28,8,152,12236,2327293,22934,524,3,196203,142088,60743,61538,23988,13705,24036,13418,76,1101,1101,37,43686,20843,23209517,2252,77,426,266,4499632,4499531,116,131,76,89,168,6573530,4277076,94,127,3177,337,1416,0,89,0,924,8144425,2826,0,465,15,4,8,783,19,10,793,5,5,3,15
10202,1625050657053,50.009137076,1,0,0,14,28,520,14,628,7,0,0,0,46,77,6454440,0,42,8,152,23224,2247679,22722,524,3,195084,141331,61366,62121,24210,13677,24255,13953,76,1140,1141,64,44001,21029,22651034,2277,79,425,267,4458283,4458164,116,133,77,91,170,6454259,4236416,95,128,3213,337,1429,11,91,2,960,7975880,2957,0,494,15,4,8,772,19,10,782,5,5,3,14
10252,1625050714052,50.009304710,1,0,0,13,25,520,12,605,7,0,0,0,16,63,6466814,0,29,8,144,10882,2231435,22149,524,3,193359,139753,55060,55931,20537,11841,20613,11150,72,1094,1094,33,37136,17581,22569081,2247,72,427,259,4480287,4480189,116,132,71,85,160,6466585,4266453,93,123,3004,320,1161,0,84,0,923,8061018,2784,0,466,12,7,8,758,16,10,768,4,5,3,12
10302,1625050770751,50.009482292,1,0,0,14,27,777,13,884,8,0,0,0,30,50,6635247,0,25,9,148,11222,2374965,22113,786,3,192209,138963,55233,55854,20544,11208,20584,11118,74,1084,1084,33,37119,17577,23446867,2227,72,428,258,4503120,4503016,118,135,71,83,160,6634725,4290291,93,123,2978,316,1156,0,83,0,911,8192883,2794,0,458,12,5,5,1004,18,12,1016,4,6,4,12
10352,1625050827588,50.009949546,1,0,0,14,29,524,15,638,8,0,0,0,4,40,6470005,0,49,8,156,10948,2218388,22361,523,3,196032,141818,59772,60808,23981,14208,24125,13701,78,1089,1089,33,43115,20833,22556981,2237,80,426,265,4505175,4505069,118,134,78,90,168,6469789,4284415,93,129,3169,352,1405,0,90,0,915,7915329,2818,0,494,15,12,16,781,20,14,795,5,7,3,15
10402,1625050884688,50.012146215,1,0,0,14,28,520,14,620,7,0,0,0,49,67,6467834,0,89,8,152,11496,2221227,22293,523,3,196626,142426,60746,61589,24012,13426,24055,13229,76,1101,1101,37,43665,20846,22541257,2253,78,429,265,4501570,4501470,116,132,76,90,168,6467489,4279285,94,127,3176,397,1404,0,90,0,922,7843725,2940,0,517,15,4,8,764,19,10,774,5,5,3,15
10452,1625050941348,50.009111681,1,0,0,14,28,520,14,606,7,0,0,0,42,63,6515405,0,42,8,150,28128,2290805,21945,524,3,193909,140327,57334,58155,20910,11405,20972,11150,75,1146,1147,64,38241,17863,22922504,2289,75,428,262,4474450,4474346,114,130,74,88,166,6515213,4257570,95,126,3051,332,1194,11,88,2,963,8008176,2915,0,474,15,4,8,755,16,10,765,5,5,3,14
10502,1625050998196,50.009700724,1,0,0,10,21,777,11,904,6,0,0,0,14,65,6502915,0,28,7,140,13019,2266304,22226,786,2,195659,141966,59386,59790,22808,12731,21134,10992,70,1102,1102,37,40395,19688,22788142,2255,80,427,265,4486750,4486648,112,128,78,91,168,6502720,4267127,94,129,3027,329,1187,0,92,0,925,7986533,2826,0,495,8,4,5,1012,16,8,1020,8,4,3,11
10552,1625051054482,50.008680531,1,0,0,14,26,525,12,621,6,0,0,0,30,86,6622294,0,30,8,144,22764,2382903,22826,524,3,194555,140808,59247,59966,23825,13228,23862,13450,72,1086,1086,33,42868,20744,23521870,2231,75,428,265,4491358,4491255,114,131,74,88,164,6621946,4272449,93,125,3157,336,1405,0,86,0,921,8386253,2859,0,492,10,7,9,780,20,15,795,4,7,5,10
10602,1625051111482,50.009192578,1,0,0,13,24,520,11,635,6,0,0,0,2,56,6528554,0,30,8,140,4421,2308107,22812,523,3,196233,141944,59603,60464,23977,14019,24029,13512,70,1089,1089,33,43107,20836,23024742,2237,80,426,264,4473549,4473451,114,129,78,92,168,6528351,4252666,93,129,3166,331,1401,0,90,0,914,8025201,2809,0,497,10,3,4,777,19,10,787,6,2,1,9
10652,1625051168107,50.011502697,1,0,0,13,25,520,12,616,6,0,0,0,34,78,6445868,0,31,8,144,8602,2214383,22225,524,3,192577,139234,55487,56215,20723,11937,20785,11464,72,1087,1087,33,37369,17701,22438861,2233,76,425,259,4478934,4478835,114,130,75,89,164,6445658,4265424,93,127,2989,319,1159,0,88,0,912,7820521,2758,0,476,10,3,5,756,15,7,763,10,4,3,14
10702,1625051224977,50.008724238,1,0,0,14,27,521,13,625,8,0,0,0,70,45,6645067,0,30,8,148,4562,2418741,22538,523,3,195719,142066,58225,58479,21603,11783,20939,11181,74,1096,1096,37,39149,18490,23664128,2243,78,429,264,4476410,4476303,118,134,78,90,168,6644630,4258795,94,129,3010,328,1182,0,91,0,921,8162686,2951,0,509,10,12,13,767,17,11,778,4,7,3,11
10752,1625051281537,50.009270342,1,0,0,14,27,773,13,889,8,0,0,0,24,67,6589087,0,46,9,146,10539,2333948,23488,786,3,196564,142357,61834,62716,24258,14151,24300,13763,73,1145,1146,64,44066,21061,23246456,2287,79,428,268,4511883,4511783,116,132,77,92,170,6588888,4288226,95,128,3234,340,1435,11,92,2,968,8177255,2963,0,492,12,5,5,1039,20,8,1047,4,6,4,12
10802,1625051338760,50.008690507,1,0,0,13,27,520,14,620,8,0,0,0,30,62,6430624,0,31,8,152,6683,2213864,23031,524,3,196524,142309,60656,61289,24048,13577,24059,13197,76,1101,1101,37,43661,20848,22441643,2253,76,427,265,4471329,4471225,120,135,76,89,168,6430247,4248954,94,127,3177,335,1405,0,89,0,922,8014983,2874,0,512,13,11,12,780,19,10,790,9,6,3,13
10852,1625051395522,50.008806751,1,0,0,14,28,524,14,615,7,0,0,0,2,65,6505156,0,29,8,152,23468,2262635,22230,523,3,191820,138656,55960,56602,20802,11438,20800,11307,76,1089,1089,33,37515,17739,22774904,2237,79,426,259,4489122,4489016,116,131,79,91,168,6504762,4275735,93,131,2997,321,1165,0,91,0,917,7831704,2758,0,491,15,8,12,756,17,14,770,5,6,3,15
10902,1625051452449,50.009287268,1,0,0,12,21,520,9,634,6,0,0,0,74,56,6666564,0,34,8,130,14748,2423379,22677,525,3,195748,141747,59104,59924,23815,13417,23861,13323,65,1091,1091,33,42888,20745,23765365,2241,76,429,264,4496726,4496631,112,128,74,86,163,6666423,4277178,93,125,3165,330,1404,0,86,0,916,8365439,3019,0,519,12,6,4,776,19,10,786,8,4,3,12
10952,1625051509873,50.010960348,1,0,0,14,26,521,12,635,6,0,0,0,1,34,6702681,0,29,8,144,5227,2422420,21222,523,3,195993,141798,59600,60001,23984,13956,23979,13669,72,1091,1091,33,43084,20821,23822555,2241,79,426,264,4532699,4532591,114,130,78,90,168,6701982,4311976,93,129,3163,330,1405,0,90,0,916,8523418,2754,0,489,8,3,5,776,19,11,787,4,5,4,8
11002,1625051567010,50.009464136,1,0,0,13,25,524,12,604,7,0,0,0,10,57,6758846,0,34,8,144,7437,2489343,22804,524,3,194120,140028,57769,59115,21926,12632,23848,13764,72,1133,1134,60,40841,18857,24161914,2271,76,426,261,4518540,4518450,116,132,74,89,166,6758780,4300519,94,126,3181,329,1407,12,87,2,953,8629671,2821,0,472,12,11,12,771,20,14,785,4,6,3,12
11052,1625051624085,50.009432507,1,0,0,14,28,520,14,617,7,0,0,0,32,58,6410603,0,29,8,152,17974,2213042,21330,525,3,192696,139433,56906,57811,20813,11372,20893,11370,76,1093,1093,37,38127,17786,22382100,2237,79,425,259,4445059,4444960,116,131,77,92,168,6410406,4229969,94,129,2988,321,1163,0,90,0,917,7798219,2831,0,482,16,4,8,754,16,10,764,5,5,3,14
11102,1625051680376,50.009043573,1,0,0,13,25,520,12,631,6,0,0,0,20,87,6472858,0,27,8,144,7597,2219370,23281,525,3,196121,142049,60767,61424,23999,13892,24006,13513,72,1099,1099,37,43646,20845,22558927,2249,76,430,266,4508609,4508506,114,130,76,89,168,6472422,4286400,94,127,3175,337,1416,0,89,0,926,8109271,2814,0,464,9,3,5,778,18,7,785,9,3,2,12
11152,1625051737356,50.009236263,1,0,0,10,21,777,11,894,6,0,0,0,34,71,6615773,0,25,7,140,9078,2390313,23361,784,2,196427,142265,61144,61965,25062,14400,24187,13229,70,1096,1096,37,43834,21886,23533548,2243,81,427,264,4481169,4481065,112,128,80,93,172,6615621,4258565,94,131,3170,322,1417,0,93,0,928,8322860,2942,0,489,8,4,5,1037,19,8,1045,8,4,3,11
11202,1625051794300,50.009462406,1,0,0,14,26,521,12,612,6,0,0,0,24,64,6529336,0,28,8,144,13687,2276757,23215,524,3,194288,140181,58707,60029,21869,11631,24004,13040,72,1093,1093,33,41037,18696,22903191,2245,83,426,259,4502737,4502637,114,129,81,96,175,6529264,4284578,95,134,3156,328,1383,0,95,0,917,8263803,2853,0,487,9,3,5,782,18,7,789,9,4,3,12
11252,1625051851196,50.009397006,1,0,0,13,25,520,12,600,6,0,0,0,12,67,6484197,0,36,8,144,10137,2210798,22870,524,3,192415,139083,55606,56490,20711,11747,20802,11654,72,1133,1134,60,37594,17769,22511506,2271,74,425,260,4518889,4518796,114,129,72,85,162,6484046,4305117,94,124,3026,321,1182,11,84,2,955,8168752,2777,0,467,10,3,5,759,15,7,766,10,4,3,14
11302,1625051908804,50.009148096,1,0,0,13,25,520,12,619,6,0,0,0,0,52,6663868,0,28,8,144,9669,2404923,22341,523,3,195639,141518,59182,59969,23806,13639,23863,13512,72,1090,1090,33,42930,20739,23686010,2239,76,425,265,4511684,4511590,114,129,74,87,164,6663698,4291501,93,125,3163,333,1400,0,87,0,913,8380709,2777,0,463,10,3,5,781,18,7,788,10,5,4,15
11352,1625051965874,50.009419219,1,0,0,14,27,521,13,626,7,0,0,0,24,53,6800410,0,29,8,148,7430,2554511,22327,524,3,196691,142436,61144,61974,24137,14088,24187,13607,74,1096,1096,37,43911,20954,24557659,2243,81,431,265,4501673,4501571,116,132,80,93,172,6800219,4278560,94,131,3165,332,1403,0,94,0,929,8695532,2868,0,473,9,7,9,785,18,7,792,9,5,3,13
11402,1625052022748,50.008534585,1,0,0,10,20,517,10,607,5,0,0,0,56,71,6501514,0,34,6,136,16923,2262300,22978,525,2,194024,140443,57081,57615,20814,11311,20824,11087,68,1103,1103,37,38065,17767,22768986,2257,79,428,260,4488017,4487906,110,126,77,90,167,6501104,4271598,94,129,3024,324,1174,0,90,0,929,8190490,2923,0,470,9,3,5,755,15,7,762,9,4,3,12
11452,1625052079140,50.009333493,1,0,0,13,25,520,12,605,6,0,0,0,50,66,6751730,0,29,8,144,12135,2485879,22106,524,3,192840,139565,56537,57446,20715,11025,20796,10740,72,1097,1097,37,37916,17700,24118813,2245,74,425,259,4513529,4513431,114,130,73,88,164,6751542,4298647,95,126,3007,321,1173,0,87,0,921,8231755,2869,0,461,10,3,5,768,15,7,775,10,4,3,14
11502,1625052135626,50.008692049,1,0,0,14,29,520,15,618,7,0,0,0,14,56,6485399,0,28,8,156,17715,2243268,21397,523,3,194481,140722,59254,59803,23841,13511,23845,13449,78,1084,1084,33,42934,20731,22696268,2227,75,422,265,4493630,4493527,116,131,74,86,164,6484984,4274390,93,125,3151,334,1401,0,86,0,913,7906130,2819,0,484,9,4,9,772,18,7,779,7,7,5,12
11552,1625052192156,50.009131421,1,0,0,13,25,520,12,632,6,0,0,0,2,56,6348913,0,41,8,144,15338,2156972,22243,524,3,195699,141559,59170,60100,23786,13355,23863,12914,72,1086,1086,33,42918,20732,22074012,2231,76,425,264,4439791,4439691,114,130,74,91,164,6348716,4219718,93,125,3169,329,1400,0,87,0,916,7809037,2839,0,474,9,3,5,775,18,7,782,9,3,2,11
11602,1625052249660,50.009326450,1,0,0,10,20,517,10,604,5,0,0,0,16,93,6425024,0,25,6,136,21050,2209179,20909,524,2,192798,139355,54905,55928,20530,11428,20658,11180,68,1087,1087,33,37152,17585,22410871,2233,73,429,258,4459122,4459036,110,126,71,84,160,6424847,4245795,93,123,2983,316,1159,0,83,0,907,7917155,2701,0,427,8,3,5,754,15,7,761,8,4,3,11
11652,1625052306045,50.010073663,1,0,0,13,25,520,12,620,6,0,0,0,29,56,6582975,0,30,8,142,13601,2350801,22693,524,3,193824,140231,56917,57550,20853,11184,20839,10866,71,1098,1098,37,38143,17770,23272528,2247,77,427,259,4481524,4481419,112,128,77,90,168,6582638,4265361,94,129,3006,321,1166,0,91,0,917,8199459,2809,0,468,9,3,5,750,15,9,759,9,4,3,12
11702,1625052362820,50.009028846,1,0,0,13,25,520,12,662,6,0,0,0,38,59,6396860,0,29,8,144,8192,2182514,22183,524,3,196696,142472,61242,61948,24167,14180,24213,13890,72,1104,1104,37,43886,20946,22270920,2259,81,428,266,4469840,4469739,114,130,80,93,172,6396714,4246780,94,131,3186,336,1409,0,93,0,925,7923053,2927,0,498,10,3,5,789,18,7,796,10,4,3,14
11752,1625052419674,50.009122640,1,0,0,14,29,520,15,620,7,0,0,0,14,77,6363714,0,27,8,156,8126,2155136,22503,524,3,196474,142279,60834,61594,26059,15847,27029,16441,78,1102,1102,37,43776,22926,22112486,2255,77,426,267,4462836,4462730,116,132,76,91,168,6363543,4239734,94,127,3181,336,1411,0,90,0,919,7820802,2835,0,478,8,4,9,779,18,7,786,6,7,5,10
11802,1625052476839,50.009113869,1,0,0,10,21,777,11,883,6,0,0,0,4,56,6243081,0,38,7,138,13447,2004163,22445,784,2,193875,140260,58376,59191,21181,11663,21234,11622,69,1146,1147,64,38686,18037,21224151,2289,84,426,261,4486787,4486678,110,125,82,95,174,6242899,4268615,95,134,3050,325,1193,11,95,2,959,7637042,2779,0,451,8,4,5,1012,16,8,1020,8,4,3,11
11852,1625052533841,50.008904639,1,0,0,14,26,521,12,636,6,0,0,0,10,67,6187052,0,31,8,144,9637,1957619,22182,524,3,195582,141562,60531,61247,24240,13618,24245,13732,72,1092,1092,33,43500,21013,20967164,2243,87,425,264,4478860,4478753,114,130,86,98,176,6186749,4257903,93,137,3168,329,1407,0,99,0,911,7433044,2800,0,498,10,3,5,775,19,11,786,10,4,3,13
11902,1625052590430,50.009126810,1,0,0,13,25,520,12,633,6,0,0,0,20,41,6564494,0,28,8,144,10911,2328045,22472,523,3,195875,141749,59624,60446,23983,13672,24035,13323,72,1090,1090,33,43118,20822,23169461,2239,80,430,264,4489290,4489191,114,129,78,91,168,6564345,4268955,93,129,3167,329,1413,0,91,0,913,8155385,2812,0,506,10,3,5,771,18,7,778,10,4,3,14
11952,1625052647493,50.009278377,1,0,0,13,25,524,12,630,6,0,0,0,70,61,6527366,0,42,8,142,16431,2293876,22499,523,3,195370,141307,57979,59174,23128,13101,23806,13260,71,1089,1089,33,41960,20080,22954600,2237,74,429,260,4482085,4481972,112,128,73,86,164,6527234,4263507,93,125,3152,334,1390,0,85,0,913,8090798,2977,0,514,12,7,9,775,19,11,786,10,7,5,14
12002,1625052704173,50.008669407,1,0,0,13,26,520,13,604,7,0,0,0,38,45,6621813,0,27,8,148,9638,2376474,22880,524,3,193575,140091,56566,57256,20723,11685,20713,11370,74,1099,1099,37,37884,17690,23435620,2249,73,427,260,4494706,4494607,116,130,73,87,164,6621477,4279160,94,125,3005,324,1175,0,87,0,923,8026557,2882,0,497,9,7,9,760,15,7,767,9,5,3,13
12052,1625052761276,50.008631648,1,0,0,14,27,777,13,891,7,0,0,0,0,59,6359739,0,34,9,148,7124,2171988,21200,786,3,195664,141713,61816,62428,24246,14462,24245,14362,74,1144,1145,64,44003,21040,22129235,2284,77,425,268,4442970,4442867,116,132,77,90,170,6359360,4219596,95,128,3215,341,1443,11,90,2,958,7607045,2807,0,484,9,4,5,1048,20,12,1060,9,4,3,12
12102,1625052817539,50.008700925,1,0,0,13,25,520,12,617,6,0,0,0,66,55,6664173,0,43,8,144,16962,2409331,22235,524,3,196047,142034,60703,61325,24016,13673,23993,13260,72,1095,1095,37,43629,20840,23727855,2241,77,427,265,4506178,4506072,114,129,76,90,168,6663749,4284314,94,127,3180,342,1411,0,89,0,927,8137177,3033,0,528,10,3,5,776,18,7,783,10,4,3,13
12152,1625052875083,50.010466126,1,0,0,13,25,520,12,616,6,0,0,0,38,49,6530338,0,28,8,144,28273,2285043,22046,523,3,193748,139816,57593,58798,22686,12974,23732,13544,72,1089,1089,33,41423,19592,22949029,2237,75,430,259,4496421,4496329,114,130,73,87,164,6530281,4278786,93,125,3142,321,1380,0,85,0,915,8134547,2886,0,504,9,3,5,763,18,7,770,7,4,3,9
12202,1625052931728,50.010637699,1,0,0,13,25,524,12,610,6,0,0,0,83,59,6403517,0,27,8,144,9671,2154982,22439,524,3,192315,139141,55441,56258,20627,11087,20713,11118,72,1086,1086,33,37311,17679,22146023,2236,77,426,258,4491202,4491104,114,129,75,87,164,6403429,4278441,93,127,2986,316,1160,0,88,0,910,7927435,2932,0,494,9,3,5,758,15,7,765,9,4,3,13
12252,1625052988053,50.008816557,1,0,0,10,21,777,11,900,6,0,0,0,32,41,6489735,0,31,7,140,10294,2271952,20967,785,2,194241,140602,60009,60729,23992,14176,24025,13953,70,1082,1082,33,43104,20841,22810608,2222,78,422,265,4469022,4468928,112,128,78,91,168,6489502,4249520,93,129,3146,334,1400,0,90,0,911,7966109,2826,0,492,8,4,5,1030,19,8,1038,8,4,3,11
12302,1625053044453,50.008778192,1,0,0,14,26,521,12,626,6,0,0,0,10,59,6646587,0,35,8,144,14873,2400163,22349,524,3,195203,141385,61724,62303,24292,13836,24171,13670,72,1117,1117,48,44067,21058,23628029,2263,81,424,268,4500585,4500484,114,129,80,94,171,6646268,4278153,94,131,3191,338,1420,4,94,0,936,8229491,2865,0,493,10,3,5,782,19,11,793,10,4,3,13
12352,1625053101299,50.008710757,1,0,0,13,25,524,12,620,6,0,0,0,0,55,6387452,0,42,8,144,14491,2137628,22155,524,3,195885,141833,60889,61504,23993,14021,23989,13765,72,1098,1098,37,43635,20849,22084268,2247,77,425,266,4502573,4502469,114,130,76,89,168,6387056,4280285,94,127,3189,336,1409,0,89,0,924,7650328,2834,0,490,8,3,5,777,18,7,784,6,4,3,7
12402,1625053158142,50.009072361,1,0,0,13,26,520,13,603,7,0,0,0,2,54,6398733,0,28,8,148,5239,2186741,22089,524,3,193382,139865,56526,57390,20724,11654,20792,11497,74,1098,1098,37,37864,17698,22269935,2247,75,429,259,4454595,4454500,116,132,73,88,164,6398566,4238801,94,125,3002,320,1164,0,87,0,922,7946822,2769,0,445,10,7,9,758,15,7,765,10,5,3,15
12452,1625053215294,50.014997581,1,0,0,13,25,520,12,623,6,0,0,0,4,62,6367379,0,29,8,144,14925,2126822,22621,523,3,194643,140823,59669,60616,23945,13578,24042,13543,72,1083,1083,33,43137,20830,22007453,2223,80,422,264,4490797,4490699,114,130,79,91,168,6367120,4271090,93,129,3153,329,1401,0,91,0,905,7922807,2811,0,471,9,3,5,775,18,7,782,9,4,3,12
12502,1625053272114,50.009130380,1,0,0,14,27,777,13,890,7,0,0,0,18,44,6655802,0,27,9,148,7503,2386161,22996,785,3,194796,140952,59413,60257,23837,13732,23888,13450,74,1086,1086,33,42909,20742,23591884,2231,76,423,264,4522471,4522376,116,132,74,87,164,6655603,4303045,93,125,3152,329,1400,0,86,0,913,8452600,2835,0,484,9,4,5,1044,20,12,1056,9,4,3,12
12552,1625053329006,50.015673756,1,0,0,13,25,524,12,620,6,0,0,0,38,52,6861872,0,28,8,144,6540,2593453,23482,523,3,192927,139489,55026,55956,20539,11273,20567,11402,72,1087,1087,33,37147,17576,24776066,2233,72,427,259,4515557,4515469,114,130,72,84,160,6861669,4302396,93,123,2988,319,1160,0,84,0,915,8496861,2864,0,478,10,3,5,755,15,7,762,10,2,1,12
12602,1625053385628,50.011370466,1,0,0,13,25,520,12,620,6,0,0,0,92,62,6631078,0,34,8,144,12134,2393921,22968,524,3,193095,139837,56269,57461,20686,11622,20867,11150,72,1139,1140,64,37652,17714,23545015,2274,73,429,262,4480647,4480552,114,130,71,87,162,6630837,4265784,93,124,3033,328,1194,11,83,2,966,8239537,3026,0,508,10,3,5,746,15,7,753,10,4,3,13
12652,1625053442560,50.009075075,1,0,0,13,25,520,12,624,6,0,0,0,26,64,6726802,0,30,8,144,6916,2452967,23662,523,3,196217,142109,61226,61833,24197,13929,24234,13607,72,1099,1099,37,43868,20971,23996841,2249,82,426,266,4527722,4527615,114,129,80,93,172,6726576,4304986,94,131,3179,336,1410,0,93,0,927,8204143,2917,0,494,10,3,5,780,18,7,787,10,5,4,15
12702,1625053500073,50.009032377,1,0,0,10,20,517,10,624,5,0,0,0,4,47,6400944,0,28,6,136,4977,2135111,21885,524,2,196228,142078,61235,62068,24162,13332,24216,13102,68,1102,1102,37,43884,20971,22085214,2253,81,425,266,4521252,4521144,110,125,80,94,172,6400742,4298603,94,131,3185,337,1411,0,94,0,925,7715248,2835,0,478,8,3,5,764,18,7,771,8,4,3,10
12752,1625053557367,50.009076524,1,0,0,13,25,520,12,631,6,0,0,0,30,60,6690622,0,26,8,144,7928,2442279,21527,525,3,193484,139986,56462,57439,20658,11560,20751,11307,72,1097,1097,37,37872,17660,23840889,2244,75,427,259,4496672,4496576,114,130,73,90,163,6690409,4281066,94,125,3000,321,1169,0,87,0,929,8532022,2778,0,457,10,3,5,744,15,9,753,10,4,3,13
12802,1625053614347,50.009105622,1,0,0,13,25,520,12,629,6,0,0,0,4,71,6502151,0,27,8,144,24398,2231536,22542,523,3,194271,140588,59138,59543,23846,13481,23857,13544,72,1082,1082,33,42900,20753,22688870,2222,76,422,264,4515882,4515786,114,130,74,85,164,6501948,4296952,93,125,3144,329,1402,0,86,0,913,8174693,2799,0,472,10,3,5,770,18,7,777,10,4,3,14
12852,1625053671222,50.008662106,1,0,0,13,25,520,12,629,6,0,0,0,18,53,6689010,0,36,8,144,4007,2447700,22763,524,3,195625,141560,59873,60508,24022,13892,24026,13324,72,1131,1132,60,43248,20918,23884551,2267,76,426,266,4495784,4495683,112,128,75,87,166,6688647,4274944,94,126,3196,335,1426,11,87,2,957,8427141,2864,0,485,10,3,5,780,18,7,787,10,5,4,15
12902,1625053728168,50.008573379,1,0,0,10,22,777,12,904,7,0,0,0,12,58,6683319,0,27,7,144,8940,2456662,22788,786,2,195419,141311,57504,58467,23417,13821,23477,13575,72,1091,1091,33,42013,20482,23918421,2240,71,425,265,4479205,4479107,114,130,70,86,155,6682973,4260348,89,120,3162,331,1399,0,81,0,915,8504049,2833,0,471,9,8,9,1033,19,8,1041,9,5,3,13
12952,1625053784935,50.009341486,1,0,0,14,26,521,12,606,6,0,0,0,28,48,6520316,0,28,8,144,8382,2293453,22526,524,3,193137,139742,56620,57470,20670,11309,20747,11055,72,1098,1098,37,37881,17703,22927056,2246,75,429,260,4472430,4472339,114,129,73,87,164,6520167,4256841,94,125,3002,323,1167,0,87,0,930,8055189,2858,0,465,11,3,5,758,16,11,769,10,4,3,13
13002,1625053841527,50.009030118,1,0,0,14,28,524,14,619,7,0,0,0,38,51,6526178,0,27,8,152,13504,2305006,21954,523,3,196018,141985,60776,61446,23997,13610,24027,13261,76,1097,1097,37,43624,20861,23016636,2243,77,426,266,4476060,4475963,116,131,76,89,168,6526073,4253894,94,127,3169,336,1407,0,89,0,931,8051208,2842,0,475,15,8,12,774,20,14,788,5,6,3,14
13052,1625053897922,50.009231646,1,0,0,13,25,520,12,626,6,0,0,0,72,67,6829683,0,29,8,144,15153,2579341,23462,524,3,196060,142085,61186,62052,24175,13992,24231,13859,72,1096,1096,37,43844,20957,24723253,2241,82,427,265,4504371,4504268,114,130,80,94,172,6829505,4282274,94,131,3169,334,1411,0,95,0,921,8438609,3061,0,528,9,3,5,777,18,7,784,9,2,1,11
13102,1625053955030,50.010463753,1,0,0,13,25,520,12,620,6,0,0,0,26,49,6593099,0,31,8,144,16414,2398376,22767,524,3,195452,141455,59805,60796,24008,14112,24140,13544,72,1126,1127,60,43261,20918,23532956,2255,77,426,266,4448189,4448091,114,130,75,91,166,6592918,4227748,94,126,3184,333,1431,12,87,2,947,8187727,2894,0,458,6,3,5,776,18,7,783,4,4,3,6
13152,1625054011832,50.008667290,1,0,0,14,27,781,13,881,8,0,0,0,20,35,6821755,0,42,9,146,20651,2551877,23807,784,3,193362,139797,55669,56404,20643,11844,20675,11402,73,1091,1091,33,37296,17653,24573758,2239,76,427,258,4513294,4513195,116,132,75,88,164,6821466,4299126,93,127,3005,316,1163,0,87,0,922,8680586,2818,0,461,13,8,9,996,18,16,1012,9,5,3,13
13202,1625054068879,50.009222008,1,0,0,12,24,520,12,631,6,0,0,0,30,53,6466122,0,27,8,144,27839,2220804,21936,523,3,193869,140343,59618,60530,23969,13800,24043,13166,72,1079,1079,33,43096,20846,22598894,2215,79,426,265,4491615,4491517,112,128,78,92,168,6465932,4272939,93,129,3141,332,1407,0,90,0,908,7870140,2898,0,475,10,3,5,778,18,7,785,10,4,3,14
13252,1625054125572,50.013910400,1,0,0,13,25,524,12,646,6,0,0,0,40,82,6594506,0,32,8,144,23931,2347739,22535,523,3,196817,142578,61216,62151,24150,13773,24260,13638,72,1103,1103,37,43847,20964,23302843,2256,82,428,266,4500624,4500521,114,130,81,93,172,6594283,4277818,94,131,3189,337,1420,0,94,0,922,8190167,2938,0,493,10,3,5,766,18,7,773,10,4,3,13
13302,1625054182322,50.009554957,1,0,0,13,26,520,13,602,7,0,0,0,0,45,6541608,0,28,8,148,8495,2317380,22825,524,3,195042,140785,59277,60545,22992,13042,23909,13512,74,1100,1100,37,42417,19896,23093539,2249,77,426,261,4474793,4474697,116,132,75,92,168,6541453,4253792,94,127,3162,328,1391,0,89,0,928,8046819,2828,0,496,10,7,9,773,18,7,780,10,6,4,15
13352,1625054239531,50.008832767,1,0,0,10,21,777,11,875,6,0,0,0,44,65,6561701,0,31,7,140,17530,2335377,21928,786,2,192563,139368,56789,57499,21654,12472,20754,11307,70,1095,1095,37,37948,18635,23167443,2240,74,425,259,4474325,4474230,112,127,73,86,164,6561387,4259157,94,125,2994,324,1170,0,87,0,919,8033348,2855,0,460,8,4,5,1020,16,8,1028,8,4,3,11
13402,1625054296840,50.009476066,1,0,0,14,26,521,12,624,6,0,0,0,54,64,6722960,0,34,8,144,18977,2488856,23823,523,3,195674,141648,59890,60700,24064,13639,24101,13229,72,1132,1133,60,43337,20934,24130215,2269,76,428,266,4487282,4487188,114,130,75,87,166,6722934,4266781,94,126,3198,331,1425,11,87,2,950,8293427,3004,0,512,10,3,5,767,19,11,778,10,4,3,13
13452,1625054353647,50.011688459,1,0,0,13,25,520,12,628,6,0,0,0,25,52,6654083,0,27,8,144,9462,2416703,22568,524,3,195404,141389,59173,59862,23820,13511,23873,13292,72,1086,1086,33,42972,20747,23724221,2230,75,429,264,4487835,4487733,114,130,74,86,164,6653772,4268030,93,125,3151,331,1398,0,86,0,914,8231465,2865,0,497,10,3,5,783,18,7,790,10,4,3,14
