time,timestamp,seconds,connectivity,alarmtimer:alarmtimer_fired,alarmtimer:alarmtimer_start,block:block_bio_backmerge,block:block_bio_remap,block:block_dirty_buffer,block:block_getrq,block:block_touch_buffer,block:block_unplug,cachefiles:cachefiles_create,cachefiles:cachefiles_lookup,cachefiles:cachefiles_mark_active,clk:clk_set_rate,cpu-migrations,cs,dma_fence:dma_fence_init,fib:fib_table_lookup,filemap:mm_filemap_add_to_page_cache,gpio:gpio_value,ipi:ipi_raise,irq:irq_handler_entry,irq:softirq_entry,jbd2:jbd2_handle_start,jbd2:jbd2_start_commit,kmem:kfree,kmem:kmalloc,kmem:kmem_cache_alloc,kmem:kmem_cache_free,kmem:mm_page_alloc,kmem:mm_page_alloc_zone_locked,kmem:mm_page_free,kmem:mm_page_pcpu_drain,mmc:mmc_request_start,net:net_dev_queue,net:net_dev_xmit,net:netif_rx,page-faults,pagemap:mm_lru_insertion,preemptirq:irq_enable,qdisc:qdisc_dequeue,random:get_random_bytes,random:mix_pool_bytes_nolock,random:urandom_read,raw_syscalls:sys_enter,raw_syscalls:sys_exit,rpm:rpm_resume,rpm:rpm_suspend,sched:sched_process_exec,sched:sched_process_free,sched:sched_process_wait,sched:sched_switch,sched:sched_wakeup,signal:signal_deliver,signal:signal_generate,skb:consume_skb,skb:kfree_skb,skb:skb_copy_datagram_iovec,sock:inet_sock_set_state,task:task_newtask,tcp:tcp_destroy_sock,tcp:tcp_probe,timer:hrtimer_start,timer:timer_start,udp:udp_fail_queue_rcv_skb,workqueue:workqueue_activate_work,writeback:global_dirty_state,writeback:sb_clear_inode_writeback,writeback:wbc_writepage,writeback:writeback_dirty_inode,writeback:writeback_dirty_inode_enqueue,writeback:writeback_dirty_page,writeback:writeback_mark_inode_dirty,writeback:writeback_pages_written,writeback:writeback_single_inode,writeback:writeback_write_inode,writeback:writeback_written
50.0092,1624969293749,50.009238455,1,0,0,36,49,6,12,919,4,0,0,0,10,47,6413523,0,32,37,138,11623,2208481,21515,5,2,194751,140197,62111,64705,21855,11587,22337,12126,69,1110,1110,37,39944,18509,22391161,2271,94,424,2844,4460588,4460478,108,124,92,106,188,6413329,4237262,100,147,3112,335,1293,4,105,1,942,7794578,2726,0,485,8,5,11,265,15,6,271,8,5,3,12
100.019,1624969350373,50.009559950,1,0,0,5,10,4,5,109,2,0,0,0,58,53,6704581,0,27,2,116,14942,2444677,23007,0,1,195905,141989,60745,61382,24178,13707,24268,13607,58,1097,1097,37,43920,20983,23934460,2245,82,426,2826,4517866,4517760,102,118,80,91,172,6704334,4293428,94,131,3169,336,1411,0,93,0,919,8463215,2910,0,497,8,1,4,266,16,4,270,8,2,1,10
150.03,1624969407092,50.010945061,1,0,0,5,10,4,5,95,2,0,0,0,31,49,6494760,0,27,2,114,18815,2248435,22031,0,1,194875,141017,58562,58971,23847,13388,23878,13197,57,1086,1086,33,42909,20752,22725088,2231,75,424,2824,4500558,4500442,100,115,74,89,164,6494040,4279356,93,125,3151,329,1398,0,87,0,911,7862196,2853,0,473,6,1,4,247,16,4,251,2,2,1,6
200.039,1624969463755,50.008999963,1,0,0,5,10,4,5,101,2,0,0,0,12,34,6442411,0,35,2,116,8816,2197575,22686,0,1,195201,141229,59023,59854,23994,13612,24080,13637,58,1088,1088,33,43223,20891,22425447,2235,79,428,2824,4499251,4499156,102,118,78,91,168,6442241,4277109,93,129,3160,330,1401,0,90,0,917,7927380,2820,0,461,6,1,4,263,16,4,267,2,2,1,6
250.048,1624969520708,50.009181222,1,0,0,5,10,4,5,77,2,0,0,0,48,58,6428815,0,26,2,114,10687,2215496,22018,0,1,193313,139773,54749,55584,20647,11465,20705,11118,57,1085,1085,33,37371,17673,22435925,2229,77,427,2818,4458995,4458900,100,116,75,88,164,6428667,4243234,93,127,2987,316,1159,0,88,0,913,7880006,2885,0,472,6,1,4,231,13,4,235,2,2,1,6
300.057,1624969577254,50.008926916,1,0,0,5,10,4,5,99,2,0,0,0,46,57,6446218,0,31,2,116,18648,2207356,22075,0,1,196124,142065,60607,61233,24217,14400,24221,14173,58,1096,1096,37,43924,21012,22506913,2243,81,427,2826,4492746,4492645,102,118,80,94,172,6446032,4268285,94,131,3172,336,1408,0,93,0,921,7880327,2900,0,479,6,1,4,253,16,4,257,2,2,1,6
350.066,1624969634614,50.009244483,1,0,0,5,10,4,5,97,2,0,0,0,36,41,6547713,0,43,2,116,17429,2322320,23507,0,1,195999,141941,60140,61000,24080,13831,24114,13324,58,1100,1100,37,43711,20904,23148982,2251,78,426,2826,4481998,4481898,102,118,76,89,168,6547556,4258094,94,127,3195,336,1408,0,89,0,924,8066328,2930,0,482,6,1,4,251,16,4,255,2,2,1,6
400.076,1624969691814,50.010412640,1,0,0,5,10,4,5,76,2,0,0,0,6,46,6254940,0,34,2,116,6767,2049580,21617,0,1,194070,140280,56537,57959,20840,11249,23486,13480,58,1102,1102,37,38639,17817,21415872,2255,76,426,2820,4454837,4454737,102,118,74,89,167,6254834,4235826,94,126,3025,329,1185,0,88,0,929,7589386,2715,0,463,6,1,4,257,16,4,261,2,2,1,5
450.085,1624969748564,50.008847690,1,0,0,5,10,4,5,74,2,0,0,0,34,72,6408138,0,31,2,116,15750,2183331,22022,0,1,192877,139530,55722,56311,20709,11371,20709,11182,58,1094,1094,37,37877,17708,22262343,2239,74,429,2818,4474745,4474648,102,118,73,86,164,6407816,4257959,94,125,2993,316,1159,0,86,0,923,8032509,2781,0,445,8,1,4,218,13,4,222,8,2,1,10
500.094,1624969804780,50.009160622,1,0,0,5,10,4,5,101,2,0,0,0,42,43,6384552,0,37,2,116,9466,2186180,22595,0,1,196007,141908,59739,60644,24202,13392,24305,13355,58,1131,1132,60,43553,21046,22258536,2267,81,427,5386,4454219,4454119,102,118,79,93,170,6384347,4228401,94,130,3204,333,1438,11,91,2,943,7824455,2937,0,477,6,1,4,263,16,4,267,2,2,1,6
550.103,1624969862030,50.009058071,1,0,0,5,10,4,5,97,2,0,0,0,4,33,6390052,0,27,2,116,8082,2179916,22164,0,1,195901,141747,59004,59791,23993,13831,24066,13512,58,1094,1094,33,43194,20866,22244361,2247,79,426,2824,4466340,4466240,102,118,78,91,168,6389908,4243403,93,129,3169,329,1407,0,91,0,916,7875731,2769,0,460,6,1,4,266,16,4,270,2,2,1,6
600.113,1624969919024,50.009610297,1,0,0,5,10,4,5,75,2,0,0,0,8,38,6494543,0,27,2,116,3289,2231571,21460,0,1,193263,139634,55037,56557,20680,10989,23349,13355,58,1094,1094,33,38058,17679,22610887,2247,74,425,2819,4510749,4510656,102,118,72,86,163,6494370,4293935,93,124,3015,324,1190,0,84,0,916,7872340,2785,0,463,6,1,4,254,16,4,258,2,2,1,6
650.122,1624969976060,50.008928404,1,0,0,5,10,4,5,87,2,0,0,0,38,70,6685841,0,30,2,116,17969,2451452,21713,0,1,193258,139832,55943,56524,20731,10929,20761,10898,58,1097,1097,37,37938,17705,23895241,2245,73,426,2820,4482443,4482345,102,118,73,86,164,6685509,4264576,94,125,3002,323,1168,0,86,0,931,8296109,2821,0,466,6,1,4,226,13,4,230,2,2,1,6
700.131,1624970033027,50.008565491,1,0,0,5,10,4,5,85,2,0,0,0,6,70,6422470,0,31,2,116,11630,2189128,22945,0,1,195826,141783,60149,60540,24080,14175,24068,13827,58,1099,1099,37,43703,20874,22341134,2247,76,425,2826,4490616,4490509,102,118,76,89,168,6422020,4265899,94,127,3179,336,1412,0,89,0,922,8056224,2757,0,455,6,1,4,255,16,4,259,2,2,1,6
750.14,1624970089530,50.009384186,1,0,0,5,10,4,5,110,2,0,0,0,24,49,6661529,0,37,2,116,15232,2443916,22791,0,1,195028,141215,59695,60530,24144,13460,24233,13575,58,1137,1138,64,43661,21023,23839617,2271,83,428,2827,4473765,4473666,102,118,81,95,169,6661373,4250218,91,131,3203,335,1442,11,94,2,957,8267507,2888,0,475,6,1,4,251,16,4,255,2,2,1,6
800.149,1624970146163,50.009275980,1,0,0,5,10,4,5,73,2,0,0,0,28,42,6632420,0,30,2,116,17049,2375568,22187,0,1,191918,138739,54280,55125,20499,11683,20536,11591,58,1085,1085,33,37180,17587,23496716,2229,73,423,2818,4501365,4501274,102,118,71,85,160,6632276,4286668,93,123,2983,316,1164,0,84,0,912,8031991,2806,0,461,6,1,4,238,13,4,242,2,2,1,6
850.158,1624970202822,50.008542108,1,0,0,5,10,4,5,73,2,0,0,0,20,71,6591913,0,28,2,116,16596,2346749,20948,0,1,192309,139002,54230,54655,20524,10989,20522,10394,58,1087,1087,33,37132,17578,23265633,2233,72,424,2818,4490918,4490828,102,118,71,83,160,6591452,4275871,93,123,2983,317,1158,0,83,0,913,8168478,2727,0,444,6,1,4,237,13,4,241,2,2,1,6
900.169,1624970259934,50.010715543,1,0,0,5,10,4,5,89,2,0,0,0,29,58,6550996,0,34,2,116,12668,2298944,22256,0,1,194994,141116,58500,59059,23835,13449,23843,13512,58,1089,1089,33,42982,20762,23050262,2237,75,425,2824,4503306,4503211,102,118,74,86,164,6550660,4281675,93,125,3163,333,1408,0,86,0,914,8215542,2856,0,485,6,1,4,259,16,4,263,2,2,1,6
950.178,1624970317401,50.008742501,1,0,0,5,10,4,5,90,2,0,0,0,50,46,6730248,0,28,2,114,12332,2475377,21837,0,1,196468,142326,60128,60748,24071,14492,24089,14079,57,1101,1101,37,43715,20896,24095334,2253,76,428,5386,4515383,4515278,100,116,76,89,168,6729897,4288230,94,127,3178,336,1414,0,89,0,925,8136719,2934,0,493,6,1,4,265,16,4,269,2,2,1,6
1000.19,1624970374336,50.009324239,1,0,0,5,10,4,5,99,2,0,0,0,44,77,6367904,0,35,2,116,19480,2125710,22324,0,1,193561,140105,57139,57935,21079,11784,21122,11401,58,1144,1145,64,38550,17991,21963939,2285,80,431,2822,4491418,4491313,102,118,78,91,170,6367721,4272206,95,130,3045,327,1196,11,91,2,960,7805238,2892,0,476,6,1,4,245,13,4,249,2,2,1,6
1050.2,1624970430900,50.008960577,1,0,0,5,10,4,5,105,2,0,0,0,38,64,6482383,0,27,2,116,16521,2252468,22192,0,1,195033,141603,58924,59270,22719,12954,21263,11622,58,1097,1097,37,40418,19556,22695223,2245,82,425,2826,4484281,4484178,102,118,82,94,172,6482153,4263178,94,133,3024,331,1200,0,95,0,922,7864964,2848,0,466,6,1,4,245,13,4,249,2,2,1,5
1100.21,1624970487799,50.009302492,1,0,0,5,10,4,5,94,2,0,0,0,22,51,6676348,0,28,2,114,16460,2419995,22150,0,1,195229,141285,58557,59469,23885,14363,23949,13827,57,1083,1083,33,42955,20770,23769344,2225,76,425,2824,4511039,4510946,100,116,74,88,164,6676155,4289079,93,125,3146,329,1405,0,87,0,910,8301041,2806,0,475,7,1,4,264,16,4,268,7,2,1,9
1150.22,1624970544375,50.009036430,1,0,0,5,10,4,5,96,2,0,0,0,40,57,6350500,0,42,2,116,14364,2125786,22210,0,1,195201,141314,59069,59738,23982,13705,24050,13732,58,1085,1085,33,43238,20882,21951825,2229,79,425,2824,4479184,4479063,102,118,78,90,168,6350263,4256890,93,129,3166,329,1408,0,90,0,911,7877668,2892,0,503,8,1,4,254,16,4,258,8,2,1,10
1200.23,1624970600904,50.008761791,1,0,0,5,10,4,5,69,2,0,0,0,46,58,6789933,0,28,2,114,16702,2536341,22784,0,1,192451,139167,54355,55041,21485,12467,20539,10866,57,1084,1084,33,37226,18523,24416336,2227,72,425,2818,4501606,4501506,100,116,71,84,160,6789544,4286865,93,123,2977,316,1163,0,83,0,918,8703370,2868,0,466,8,1,4,240,13,4,244,8,2,1,10
1250.24,1624970657784,50.009958939,1,0,0,5,10,4,5,91,2,0,0,0,13,45,6761624,0,28,2,114,10581,2521842,22735,0,1,195578,141879,57515,57604,21943,12440,20942,11244,57,1101,1101,37,39420,18822,24319640,2253,75,431,2825,4492818,4492721,100,116,74,88,164,6761364,4272614,94,125,3028,332,1193,0,88,0,926,8625931,2809,0,456,8,1,4,238,13,4,242,8,2,1,10
1300.25,1624970715071,50.008766363,1,0,0,5,10,4,5,103,2,0,0,0,32,62,6711626,0,33,2,116,4758,2470157,23079,0,1,196541,142357,61338,62047,24426,14056,24457,13795,58,1145,1146,64,44415,21168,24034095,2287,82,427,2828,4501067,4500960,102,118,81,96,174,6711278,4275291,95,132,3223,340,1439,11,94,2,960,8485059,2918,0,486,8,1,4,252,16,4,256,8,2,1,10
1350.26,1624970772260,50.009254770,1,0,0,5,10,4,5,99,2,0,0,0,30,48,6667070,0,29,2,116,12671,2391646,22801,0,1,196422,142231,60133,61091,24050,13609,24134,13102,58,1100,1100,37,43787,20873,23670439,2251,77,426,2826,4528902,4528807,102,116,76,91,168,6666912,4304392,94,127,3183,336,1409,0,90,0,928,8128844,2913,0,453,8,1,4,250,16,4,254,8,2,1,10
1400.27,1624970829251,50.011042555,1,0,0,5,10,4,5,89,2,0,0,0,80,53,6858462,0,30,2,116,14889,2596800,22157,0,1,193022,139726,55764,56400,20714,11149,20729,10866,58,1095,1095,37,37951,17719,24770892,2241,74,427,2819,4511343,4511247,102,118,73,86,164,6858223,4294614,94,125,2993,320,1162,0,86,0,924,8480801,2936,0,467,8,1,4,234,13,4,238,8,2,1,10
1450.28,1624970885224,50.009244496,1,0,0,5,10,4,5,83,2,0,0,0,20,65,6577583,0,31,2,116,13313,2308972,21942,0,1,192623,139242,54826,55636,20696,11181,20759,11087,58,1089,1089,33,37431,17694,23105248,2237,77,425,2818,4511040,4510938,102,118,75,88,164,6577368,4295501,93,127,2991,316,1157,0,88,0,917,8253443,2776,0,434,8,1,4,239,13,4,243,8,2,1,10
1500.29,1624970941275,50.009305378,1,0,0,5,10,4,5,93,2,0,0,0,12,62,6488031,0,28,2,116,7955,2221155,22577,0,1,194182,140489,58500,59358,23872,13448,23907,13480,58,1082,1082,33,43037,20745,22605193,2223,76,422,2824,4518557,4518463,102,118,74,88,164,6487856,4297724,93,125,3144,329,1397,0,86,0,908,7957692,2774,0,441,8,1,4,260,16,4,264,8,2,1,10
1550.3,1624970997603,50.009126192,1,0,0,5,10,4,5,101,2,0,0,0,32,61,6341351,0,34,2,116,24264,2133896,23260,0,1,196641,142435,61331,62151,24411,13836,24482,13669,58,1146,1147,64,44344,21170,22012135,2289,83,427,2828,4464721,4464615,102,118,81,94,174,6341135,4238590,95,132,3228,341,1440,11,94,2,960,7832875,2872,0,443,8,1,4,253,16,4,257,8,2,1,10
1600.31,1624971054247,50.010900477,1,0,0,5,10,4,5,110,2,0,0,0,9,58,6447394,0,29,2,116,10525,2215700,21744,0,1,195657,141670,60564,61008,24221,14086,24232,13827,58,1092,1092,37,43974,20975,22507352,2235,81,423,2826,4485693,4485584,102,118,80,93,172,6446750,4261372,94,131,3162,336,1407,0,94,0,922,7951753,2768,0,459,8,1,4,259,16,4,263,8,2,1,10
1650.32,1624971110660,50.011466874,1,0,0,5,10,4,5,69,2,0,0,0,56,34,6737243,0,27,2,116,13458,2490909,22347,0,1,193663,140143,55837,56701,20727,11905,20751,11653,58,1096,1096,37,37999,17727,24132767,2243,74,428,2819,4497486,4497391,102,118,74,87,164,6737042,4279971,94,125,2995,319,1165,0,87,0,924,8339935,2903,0,471,8,1,4,240,13,4,244,8,2,1,10
1700.33,1624971167442,50.008977592,1,0,0,5,10,4,5,86,2,0,0,0,12,60,6439582,0,26,2,116,3522,2222103,22432,0,1,194547,141023,56167,56560,22040,12913,20777,11622,58,1087,1087,33,39054,19054,22457319,2233,73,425,2824,4465622,4465526,102,117,72,84,160,6439351,4247817,93,123,3003,324,1180,0,85,0,920,7982286,2806,0,438,8,1,4,236,13,4,240,8,2,1,10
1750.34,1624971224174,50.009250639,1,0,0,5,10,4,5,91,2,0,0,0,8,23,6394869,0,25,2,116,8270,2181643,22442,0,1,194717,140858,58509,59367,23872,14391,23961,13952,58,1081,1081,33,43024,20764,22246635,2219,76,423,2824,4467782,4467684,102,118,74,86,164,6394751,4246458,93,125,3141,328,1398,0,86,0,914,7900961,2759,0,473,8,1,4,263,16,4,267,8,2,1,10
1800.35,1624971281063,50.009314783,1,0,0,5,10,4,5,87,2,0,0,0,4,70,5979478,0,36,2,116,14264,1845897,20619,0,1,195825,141715,59984,60802,26305,16356,24305,13890,58,1135,1136,60,43673,23086,20080234,2275,80,429,2828,4391794,4391693,102,118,79,92,170,5979303,4167669,94,130,3208,337,1435,11,92,2,951,7106245,2811,0,469,4,1,4,263,16,4,267,2,2,1,4
1850.36,1624971337826,50.008688185,1,0,0,5,10,4,5,98,2,0,0,0,46,37,6426879,0,32,2,116,6962,2211162,22011,0,1,193213,139870,57405,57947,21147,11224,21188,11149,58,1097,1097,37,38596,17997,22405513,2245,86,425,2820,4466473,4466353,102,118,85,98,176,6426428,4247955,94,137,3007,324,1173,0,98,0,921,7889449,2868,0,472,6,1,4,241,13,4,245,2,2,1,5
1900.37,1624971395126,50.008756054,1,0,0,5,10,4,5,98,2,0,0,0,36,72,6490989,0,27,2,116,14086,2280154,22909,0,1,196479,142320,60216,60844,24096,13960,24097,13764,58,1098,1098,37,43721,20928,22841272,2247,76,427,2826,4467506,4467407,102,118,76,90,168,6490806,4243045,94,127,3173,336,1406,0,91,0,924,7948429,2924,0,488,8,1,4,253,16,4,257,8,2,1,10
1950.38,1624971452073,50.009199100,1,0,0,5,10,4,5,87,2,0,0,0,64,56,6523266,0,43,2,116,4411,2305233,22686,0,1,196307,142216,60224,61113,24065,14337,24132,14079,58,1096,1096,37,43764,20879,22989195,2243,78,427,2826,4472596,4472498,102,118,76,92,168,6523056,4248571,94,127,3183,336,1407,0,90,0,927,7917233,3065,0,502,8,1,4,247,16,4,251,8,2,1,10
2000.39,1624971508677,50.009032254,1,0,0,5,10,4,5,83,2,0,0,0,6,50,6608854,0,27,2,114,5757,2347626,22192,0,1,195525,141439,58532,59328,23841,14046,23900,13796,57,1088,1088,33,43005,20787,23331724,2235,75,424,2824,4515178,4515079,100,116,74,86,164,6608654,4293290,93,125,3157,329,1396,0,86,0,911,8007824,2811,0,482,8,1,4,256,16,4,260,8,2,1,10
2050.4,1624971565467,50.009221735,1,0,0,5,10,4,5,64,2,0,0,0,28,68,6612437,0,28,2,116,18826,2376816,22024,0,1,192424,139101,54328,55184,20492,11651,20583,11055,58,1086,1086,33,37181,17620,23444144,2231,73,429,5378,4485351,4485256,102,118,71,85,160,6612286,4267974,93,123,2981,316,1157,0,83,0,916,8299740,2832,0,456,8,1,4,243,13,4,247,8,2,1,10
2100.41,1624971622368,50.008993225,1,0,0,5,10,4,5,90,2,0,0,0,66,76,6605399,0,31,2,116,26076,2359568,23298,0,1,195454,141586,59732,60119,24243,13456,24247,13197,58,1129,1130,60,43598,21050,23419150,2263,81,427,2826,4499899,4499794,102,117,79,89,170,6605216,4277305,94,130,3195,333,1439,11,91,2,943,8139613,2983,0,478,4,1,4,261,16,4,265,2,2,1,4
2150.42,1624971679560,50.009260785,1,0,0,5,10,4,5,83,2,0,0,0,46,31,6651663,0,28,2,116,3963,2403193,23854,0,1,195405,141451,58610,59722,23876,14270,23968,13985,58,1087,1087,33,43031,20762,23639225,2233,76,426,2825,4502166,4502072,102,118,74,91,164,6651502,4280597,93,125,3156,335,1410,0,87,0,923,8405854,2954,0,485,6,1,4,259,16,4,263,2,2,1,6
2200.43,1624971736118,50.012107346,1,0,0,5,10,4,5,80,2,0,0,0,11,41,6401802,0,28,2,114,9910,2180130,22300,0,1,194598,140952,60190,60941,24050,13514,24119,13167,57,1093,1093,36,43776,20895,22268099,2237,77,421,2826,4477037,4476939,100,116,76,89,168,6401531,4253931,94,127,3162,337,1419,0,89,0,921,7969812,2762,0,455,6,1,4,260,16,4,264,2,2,1,6
2250.44,1624971793381,50.008624606,1,0,0,5,10,4,5,70,2,0,0,0,32,92,6293793,0,30,2,116,16711,2067848,21765,0,1,193172,139790,55943,56501,20695,11622,20696,11276,58,1097,1097,37,37934,17720,21584468,2245,74,425,2820,4472192,4472085,102,118,73,87,164,6293469,4254727,94,125,3003,323,1174,0,87,0,918,7580940,2821,0,453,6,1,4,230,13,4,234,2,2,1,5
2300.45,1624971849302,50.009484005,1,0,0,5,10,4,5,87,2,0,0,0,14,64,6375105,0,31,2,116,13357,2147326,23427,0,1,195151,141220,59036,60048,23995,13830,24091,13481,58,1088,1088,33,43194,20861,22102122,2235,80,428,2825,4479581,4479488,102,118,78,94,168,6374923,4257604,93,129,3159,332,1405,0,90,0,911,7958806,2823,0,464,8,1,4,252,16,4,256,8,2,1,10
2350.46,1624971905845,50.010692766,1,0,0,5,10,4,5,91,2,0,0,0,16,62,6369213,0,34,2,116,15718,2147671,22645,0,1,194586,140820,59694,60456,24192,13834,24210,13449,58,1127,1128,60,43633,21028,22072924,2259,80,423,2826,4472688,4472590,102,118,79,92,170,6369048,4250476,94,130,3194,333,1430,11,91,2,949,7763441,2804,0,461,7,1,4,254,16,4,258,7,2,1,9
2400.47,1624971962830,50.009220550,1,0,0,5,10,4,5,78,2,0,0,0,2,56,6299465,0,33,2,116,8355,2059769,21549,0,1,193311,139403,56234,57552,21476,11370,23547,13166,58,1089,1089,33,40253,18415,21549392,2237,75,424,2818,4488312,4488216,102,118,73,86,164,6299341,4269877,93,125,3141,321,1376,0,86,0,915,7721061,2728,0,456,8,1,4,260,16,4,264,8,2,1,10
2450.48,1624972019553,50.009351295,1,0,0,5,10,4,5,77,2,0,0,0,80,34,6680060,0,29,2,116,27340,2454701,21852,0,1,193386,139989,55891,56719,20734,11024,20796,10898,58,1096,1096,37,37982,17722,23903638,2243,75,427,2819,4475826,4475728,102,118,73,89,164,6679913,4258746,94,125,2997,321,1163,0,88,0,925,8447426,2963,0,466,8,1,4,227,13,4,231,8,2,1,10
2500.49,1624972076458,50.009017737,1,0,0,5,10,4,5,88,2,0,0,0,4,52,6524303,0,27,2,116,14816,2272253,22357,0,1,196211,142048,60206,60845,24050,13735,24076,13544,58,1099,1099,37,43727,20910,22897943,2247,77,426,5386,4512345,4512241,102,118,76,90,168,6524096,4285103,94,127,3173,337,1409,0,89,0,921,8024563,2819,0,475,8,1,4,263,16,4,267,8,2,1,10
2550.5,1624972133357,50.009257959,1,0,0,5,10,4,5,89,2,0,0,0,24,58,6619617,0,25,2,116,18014,2390923,23013,0,1,196569,142336,60164,61115,24005,13577,24108,13292,58,1100,1100,37,43771,20877,23570795,2251,78,427,2826,4485289,4485192,102,117,76,92,168,6619446,4260567,94,127,3176,336,1407,0,89,0,927,8159050,2919,0,494,8,1,4,249,16,4,253,8,2,1,10
2600.51,1624972190597,50.008962455,1,0,0,5,10,4,5,86,2,0,0,0,24,62,6439984,0,34,2,116,15743,2197321,22553,0,1,192958,139638,57523,58237,21244,11191,21282,10898,58,1140,1141,64,38725,18099,22392352,2277,83,429,2821,4493796,4493690,102,118,82,95,174,6439747,4275151,95,134,3041,323,1195,12,95,2,956,8026993,2846,0,464,8,1,4,233,13,4,237,8,2,1,10
2650.52,1624972247739,50.009247862,1,0,0,5,10,4,5,90,2,0,0,0,78,47,6558118,0,28,2,116,10770,2326505,22652,0,1,194223,140915,56153,56607,22175,12312,20860,11055,58,1084,1084,33,39146,19164,23122694,2227,74,426,2824,4480876,4480782,102,118,72,83,160,6557947,4263633,93,123,2996,324,1180,0,84,0,914,8220300,2937,0,473,8,1,4,228,13,4,232,8,2,1,10
2700.53,1624972304037,50.009159930,1,0,0,5,10,4,5,83,2,0,0,0,22,61,6586728,0,30,2,116,11719,2318846,22737,0,1,195130,141183,58539,59375,23852,13608,23911,13323,58,1090,1090,33,43018,20772,23194970,2239,75,425,2824,4520005,4519905,102,118,74,87,164,6586544,4298578,93,125,3162,329,1399,0,88,0,913,8315028,2818,0,469,8,1,4,245,16,4,249,8,2,1,10
2750.54,1624972360671,50.009165060,1,0,0,5,10,4,5,103,2,0,0,0,10,67,6415669,0,44,2,116,11694,2186917,21876,0,1,195022,141133,59578,60435,24148,13679,24220,13575,58,1087,1087,33,43435,20962,22329980,2233,84,423,2825,4482567,4482463,102,118,82,95,172,6415499,4260288,93,133,3171,335,1407,0,95,0,912,7727330,2792,0,481,8,1,4,258,16,4,262,8,2,1,10
2800.55,1624972416946,50.008855862,1,0,0,5,10,4,5,94,2,0,0,0,36,35,6871263,0,29,2,114,9623,2599591,23351,0,1,192392,139252,56394,57015,20871,11090,20873,11024,57,1093,1093,37,38153,17810,24828904,2237,78,424,2820,4520040,4519933,100,116,77,90,168,6870908,4303209,94,129,2992,323,1174,0,90,0,921,8689260,2879,0,472,8,1,4,223,13,4,227,8,2,1,10
2850.56,1624972473886,50.009057021,1,0,0,5,10,4,5,96,2,0,0,0,0,76,6613855,0,30,2,116,23477,2368564,22336,0,1,193864,140666,57800,58226,21712,10998,21044,10520,58,1092,1092,37,39284,18574,23434981,2235,79,426,2825,4497085,4496980,102,118,78,90,168,6613605,4278045,94,129,3007,332,1196,0,92,0,914,8178878,2710,0,428,7,1,4,228,13,4,232,7,2,1,9
2900.57,1624972530651,50.009429055,1,0,0,5,10,4,5,87,2,0,0,0,2,52,6444791,0,31,2,114,13723,2210870,23295,0,1,196578,142357,61293,62146,24417,14058,24513,13796,57,1143,1144,64,44376,21182,22539093,2283,83,426,2827,4484223,4484118,100,116,81,94,174,6444528,4257993,95,132,3217,336,1441,11,94,2,960,7796787,2804,0,445,7,1,4,261,16,4,265,7,2,1,9
2950.58,1624972587818,50.009610775,1,0,0,5,11,4,6,110,2,0,0,0,0,50,6304847,0,27,3,118,14745,2084695,21660,0,1,196154,141925,60786,61627,24389,14155,24445,13733,59,1092,1092,33,43989,21120,21755923,2243,87,425,5384,4472915,4472807,104,119,86,100,179,6304664,4246247,95,138,3167,331,1408,0,100,0,916,7644826,2786,0,454,7,1,4,253,16,4,257,7,2,1,9
3000.59,1624972644447,50.009092985,1,0,0,5,10,4,5,78,2,0,0,0,68,46,6529130,0,27,2,114,3636,2285719,22177,0,1,193074,139651,54383,55216,20559,11210,20639,10961,57,1092,1092,33,37223,17618,22899787,2243,72,427,2818,4488327,4488230,100,116,71,84,160,6528905,4273114,93,123,2994,316,1161,0,85,0,915,8247058,2907,0,450,8,1,4,241,13,4,245,8,2,1,10
3050.6,1624972701041,50.009441366,1,0,0,5,10,4,5,85,2,0,0,0,4,68,6280241,0,28,2,116,18547,2069170,21146,0,1,194594,140791,58686,59622,23851,13984,23933,13513,58,1088,1089,33,43007,20776,21625875,2235,76,423,2825,4459445,4459356,102,118,74,87,164,6279993,4237753,93,125,3164,333,1404,0,86,0,913,7738089,2730,0,432,8,1,4,246,16,4,250,8,2,1,10
3100.61,1624972758476,50.009085498,1,0,0,5,10,4,5,91,2,0,0,0,50,31,6830036,0,27,2,116,4597,2556403,23765,0,1,196339,142243,60693,61413,24235,14149,24272,13859,58,1100,1100,37,44011,21021,24608187,2251,81,431,2826,4531018,4530918,102,118,80,93,172,6829780,4306428,94,131,3177,336,1408,0,93,0,928,8340918,2959,0,485,8,1,4,262,16,4,266,8,2,1,10
3150.62,1624972815696,50.009850094,1,0,0,5,10,4,5,75,2,0,0,0,24,63,6546015,0,35,2,116,17185,2294432,22742,0,1,194810,140688,59649,60850,22980,12704,24301,13260,58,1144,1145,64,42551,19758,23010511,2285,81,426,2822,4506426,4506325,102,118,80,96,174,6545852,4283057,95,132,3205,333,1418,11,94,2,963,7980391,2927,0,492,8,1,4,263,16,4,267,8,2,1,10
3200.63,1624972872870,50.009085187,1,0,0,5,10,4,5,73,2,0,0,0,12,58,6275222,0,27,2,114,11582,2067398,21571,0,1,193651,140083,56326,57248,20868,11404,20965,10992,57,1097,1097,37,38168,17820,21546610,2245,79,425,2819,4455718,4455613,100,116,77,91,168,6275053,4237131,94,129,2996,319,1163,0,90,0,924,7618005,2706,0,453,8,1,4,232,13,4,236,8,2,1,10
3250.64,1624972929512,50.009337158,1,0,0,5,10,4,5,82,2,0,0,0,22,44,6584564,0,26,2,116,4564,2317918,21726,0,1,195174,141225,58598,59518,23883,13638,23979,13701,58,1088,1088,33,43003,20782,23161465,2235,76,424,2825,4521086,4520993,102,118,74,87,164,6584355,4299393,93,125,3159,332,1400,0,87,0,916,7932585,2840,0,484,8,1,4,252,16,4,256,8,2,1,10
3300.65,1624972987061,50.008529574,1,0,0,5,10,4,5,82,2,0,0,0,8,55,6298325,0,26,2,116,20121,2089584,21083,0,1,195140,141169,58468,58947,23879,14204,23864,13638,58,1086,1086,33,42950,20752,21707584,2231,75,424,2824,4463436,4463330,102,118,74,86,164,6297887,4241780,93,125,3153,329,1398,0,87,0,911,7603000,2774,0,485,8,1,4,244,16,4,248,8,2,1,10
3350.66,1624973043674,50.009136965,1,0,0,5,10,4,5,68,2,0,0,0,0,52,6427063,0,29,2,116,15392,2153771,21854,0,1,192736,139309,54925,55690,20689,11466,20753,11244,58,1091,1091,33,37430,17698,22198285,2241,77,428,2819,4520141,4520045,102,117,75,87,164,6426910,4304254,93,127,2999,320,1161,0,88,0,919,7870302,2714,0,434,8,1,4,234,13,4,238,8,2,1,10
3400.67,1624973100451,50.012572501,1,0,0,5,10,4,5,94,2,0,0,0,6,62,6358529,0,33,2,118,5452,2129833,22442,0,1,196126,141912,59904,60695,24215,14180,24269,13702,59,1138,1139,60,43702,21030,21986831,2281,80,427,2827,4484409,4484309,104,120,79,92,170,6358349,4260738,94,130,3216,337,1431,11,92,2,953,7627988,2846,0,473,8,1,4,256,16,4,260,8,2,1,10
3450.68,1624973157032,50.008606505,1,0,0,5,10,4,5,86,2,0,0,0,68,60,6706651,0,28,2,116,15020,2468007,22944,0,1,195819,141889,60205,60849,24045,13986,24062,13670,58,1095,1095,37,43832,20880,24034208,2241,77,426,2826,4495226,4495111,102,118,76,89,168,6706300,4271485,94,127,3170,336,1409,0,89,0,924,8453082,2973,0,499,8,1,4,261,16,4,265,8,2,1,10
3500.69,1624973213100,50.009056065,1,0,0,5,10,4,5,87,2,0,0,0,2,33,6202127,0,28,2,116,13835,2008684,21340,0,1,195943,141866,60513,61272,24190,14053,24243,13984,58,1090,1090,37,43999,20988,21201298,2231,81,424,2825,4451095,4450986,102,118,80,93,172,6201940,4226384,94,131,3154,332,1403,0,93,0,912,7628585,2714,0,463,8,1,4,255,16,4,259,8,2,1,10
3550.7,1624973270163,50.008583293,1,0,0,5,10,4,5,71,2,0,0,0,0,49,6700457,0,46,2,116,12713,2431450,22485,0,1,193264,139672,54928,55340,20696,11593,20703,11150,58,1093,1093,33,37419,17693,23844231,2245,77,426,2819,4518113,4518011,102,117,75,89,164,6700061,4301915,93,127,3017,320,1161,0,88,0,920,8490245,2799,0,454,8,1,4,235,13,4,239,8,2,1,10
3600.71,1624973327597,50.009560355,1,0,0,5,10,4,5,83,2,0,0,0,34,65,6574771,0,28,2,116,9872,2348971,22108,0,1,195744,141645,58558,59423,23886,14236,23959,13953,58,1087,1087,33,42997,20788,23290043,2233,76,426,5384,4482250,4482154,102,118,74,87,164,6574562,4257606,93,125,3160,329,1408,0,87,0,919,8294253,2831,0,477,8,1,4,268,16,4,272,8,2,1,10
3650.72,1624973384711,50.008844586,1,0,0,5,10,4,5,86,2,0,0,0,2,38,6552382,0,28,2,116,8365,2326502,21687,0,1,194459,140699,59018,59671,23994,14238,23994,13858,58,1082,1082,33,43209,20859,23150048,2223,79,425,2824,4479842,4479740,102,118,78,90,168,6552032,4258289,93,129,3146,329,1399,0,90,0,907,8251904,2768,0,463,8,1,4,260,16,4,264,8,2,1,10
3700.73,1624973441154,50.008987963,1,0,0,5,10,4,5,76,2,0,0,0,0,46,6249621,0,31,2,114,10666,2049442,21791,0,1,193950,139853,55553,56525,20930,11841,23412,13796,57,1093,1093,33,38783,17922,21420118,2245,73,426,2819,4448153,4448060,100,116,72,86,163,6249213,4229651,93,124,3161,325,1395,0,84,0,914,7487833,2721,0,468,8,1,4,253,16,4,257,8,2,1,10
3750.74,1624973497912,50.009208838,1,0,0,5,10,4,5,69,2,0,0,0,30,56,6437404,0,29,2,116,14531,2180758,21449,0,1,193667,140144,55940,56814,20729,11088,20789,11086,58,1102,1102,37,37999,17733,22323357,2255,75,426,2820,4505837,4505743,102,118,73,86,164,6437251,4287955,94,125,3011,324,1176,0,86,0,924,7830236,2839,0,471,8,1,4,239,13,4,243,8,2,1,10
3800.75,1624973555387,50.009840224,1,0,0,5,10,4,5,92,2,0,0,0,46,72,6441308,0,31,2,116,12874,2233212,21803,0,1,194359,140854,61041,61939,24335,13711,24405,13575,58,1092,1092,37,44229,21058,22559724,2235,86,422,2826,4464694,4464586,102,119,84,97,176,6441159,4241420,94,135,3163,336,1415,0,97,0,920,7848352,2887,0,503,8,1,4,270,16,4,274,8,2,1,10
3850.76,1624973612398,50.008653408,1,0,0,5,10,4,5,83,2,0,0,0,0,45,6373129,0,27,2,114,7557,2166104,20868,0,1,195635,141613,60021,60545,24057,13893,24043,13670,57,1096,1096,37,43734,20896,22154379,2243,77,424,2825,4461949,4461836,100,116,76,90,168,6372710,4238046,94,127,3169,332,1414,0,90,0,918,7661666,2805,0,468,8,1,4,258,16,4,262,8,2,1,10
3900.77,1624973669464,50.011824106,1,0,0,5,10,4,5,70,2,0,0,0,2,60,6577840,0,27,2,116,19833,2332068,21298,0,1,193398,139752,54439,55231,20527,11842,20566,11151,58,1092,1092,33,37217,17598,23190353,2243,73,430,2819,4492995,4492904,102,118,72,84,160,6577651,4277016,93,123,2995,319,1158,0,85,0,923,7993049,2714,0,456,8,1,4,225,13,4,229,8,2,1,10
3950.78,1624973726265,50.008504469,1,0,0,5,10,4,5,101,2,0,0,0,2,37,6505883,0,34,2,116,5112,2235916,21218,0,1,196140,141915,59853,60434,26294,15064,29295,17734,58,1136,1137,60,43682,23106,22715002,2277,79,426,2827,4525911,4525809,102,118,79,92,170,6505663,4301917,94,130,3211,333,1428,11,92,2,947,7806165,2816,0,468,8,1,4,273,16,4,277,8,2,1,10
4000.79,1624973783141,50.008723918,1,0,0,5,10,4,5,87,2,0,0,0,20,54,6497538,0,26,2,114,18629,2259454,22607,0,1,194332,140647,58638,59272,23844,13511,23875,13418,57,1085,1085,33,43027,20772,22776438,2229,75,423,2825,4491071,4490971,100,116,74,86,164,6497112,4269982,93,125,3154,333,1413,0,86,0,916,8017469,2824,0,483,8,1,4,248,16,4,252,8,2,1,10
4050.8,1624973839926,50.009422520,1,0,0,5,10,4,5,68,2,0,0,0,20,51,6607417,0,26,2,114,8384,2414254,22673,0,1,194725,140586,58199,59404,22452,12759,23918,13795,57,1101,1101,37,41843,19365,23560922,2253,77,426,2819,4449243,4449141,100,116,75,89,168,6607310,4227128,94,127,3157,326,1388,0,88,0,923,8077219,2794,0,473,8,1,4,256,16,4,260,8,2,1,10
4100.81,1624973896659,50.009077989,1,0,0,5,10,4,5,66,2,0,0,0,28,40,6474000,0,28,2,114,8452,2240371,22435,0,1,193752,140168,55954,56749,20750,11371,20806,10835,57,1095,1095,37,37970,17731,22618721,2241,74,427,2820,4482924,4482833,100,116,73,87,164,6473826,4264972,94,125,2999,323,1167,0,87,0,923,7849547,2785,0,475,8,1,4,243,13,4,247,8,2,1,10
4150.82,1624973952927,50.009082904,1,0,0,5,10,4,5,95,2,0,0,0,2,39,6379755,0,27,2,116,6062,2177098,23592,0,1,195008,141505,59605,59866,24040,13645,21528,11213,58,1096,1096,37,42758,20874,22207767,2243,81,428,2825,4456593,4456489,102,118,79,93,169,6379610,4234495,94,130,3012,327,1185,0,93,0,920,7781324,2723,0,457,8,1,4,246,13,4,250,8,2,1,10
4200.83,1624974010065,50.011574127,1,0,0,5,10,4,5,99,2,0,0,0,46,60,6538597,0,35,2,116,18059,2314255,23207,0,1,195463,141501,59800,60718,24250,13801,24320,13607,58,1132,1133,60,43610,21051,23071731,2269,81,426,2827,4481041,4480945,102,118,80,91,170,6538320,4258206,94,130,3203,337,1430,11,91,2,949,8159711,2927,0,484,8,1,4,265,16,4,269,8,2,1,10
4250.84,1624974066884,50.008889714,1,0,0,5,10,4,5,82,2,0,0,0,2,41,6417682,0,27,2,116,4794,2183312,23854,0,1,195773,141608,58503,59110,23860,13952,23860,13606,58,1092,1092,33,42998,20764,22314785,2243,75,425,2824,4487805,4487711,102,118,74,86,164,6417542,4265539,93,125,3166,329,1398,0,86,0,915,8025208,2736,0,444,8,1,4,250,16,4,254,8,2,1,10
4300.85,1624974123491,50.012927668,1,0,0,5,10,4,5,79,2,0,0,0,2,67,6288288,0,28,2,116,11691,2127333,21366,0,1,193092,139552,54528,55373,20542,11493,20643,11307,58,1095,1095,33,37232,17604,21799034,2249,73,426,2820,4407107,4407025,102,118,71,83,160,6288152,4191180,93,123,3001,323,1161,0,83,0,920,7599827,2737,0,439,8,1,4,227,13,4,231,8,2,1,10
4350.86,1624974180470,50.009280479,1,0,0,5,10,4,5,80,2,0,0,0,2,41,6455714,0,42,2,116,11547,2196560,20816,0,1,195104,141260,60083,60943,24049,13895,24118,13638,58,1094,1094,37,43779,20883,22445398,2239,78,422,2825,4515069,4514974,102,118,76,90,168,6455565,4291560,94,127,3180,333,1405,0,90,0,921,7778534,2834,0,470,8,1,4,260,16,4,264,8,2,1,10
4400.87,1624974237223,50.009299245,1,0,0,5,10,4,5,89,2,0,0,0,0,57,6279829,0,27,2,116,13702,2072674,21929,0,1,196118,141997,60177,61113,24048,14175,24168,13984,58,1099,1099,37,43735,20891,21605099,2249,78,424,2826,4464140,4464044,102,118,76,90,168,6279612,4239452,94,127,3175,337,1418,0,89,0,920,7610189,2826,0,450,8,1,4,261,16,4,265,8,2,1,10
4450.88,1624974294134,50.009352621,1,0,0,5,10,4,5,74,2,0,0,0,22,57,6636703,0,33,2,116,12719,2389941,22518,0,1,194651,140511,57905,59274,21248,11284,23873,13732,58,1141,1142,64,39813,18101,23526922,2279,80,427,2821,4500590,4500485,102,118,79,95,173,6636620,4279453,95,131,3193,328,1414,11,94,2,961,8114689,2913,0,469,8,1,4,257,16,4,261,8,2,1,10
4500.89,1624974351224,50.008590107,1,0,0,5,10,4,5,64,2,0,0,0,12,50,6533508,0,27,2,116,11805,2257822,23301,0,1,192968,139590,55867,56043,20685,10899,20669,10772,58,1095,1095,37,37894,17714,22822335,2241,74,424,2819,4525493,4525397,102,118,73,83,164,6533045,4308027,94,125,2993,319,1163,0,86,0,918,8230552,2729,0,436,8,1,4,231,13,4,235,8,2,1,10
4550.9,1624974407530,50.009172544,1,0,0,5,10,4,5,83,2,0,0,0,8,73,6343647,0,32,2,116,24264,2111265,20758,0,1,195985,141782,58547,59438,23861,13733,23901,13544,58,1090,1090,33,42974,20747,21921409,2239,76,425,2824,4487295,4487196,102,118,74,86,164,6343411,4264618,93,125,3164,332,1398,0,86,0,912,7679679,2780,0,414,8,1,4,259,16,4,263,8,2,1,10
4600.91,1624974464058,50.009218944,1,0,0,5,10,4,5,95,2,0,0,0,2,50,6461674,0,31,2,116,23579,2187289,22098,0,1,196199,141973,59612,60538,24148,13897,24195,13481,58,1097,1097,33,43425,20961,22476882,2252,84,426,2825,4527403,4527302,102,118,82,97,172,6461508,4303762,93,133,3179,333,1410,0,94,0,916,7823637,2813,0,459,8,1,4,254,16,4,258,8,2,1,10
4650.92,1624974520670,50.009982518,1,0,0,5,10,4,5,80,2,0,0,0,26,52,6773444,0,30,2,116,19260,2502689,22187,0,1,194433,140395,58610,59897,22537,12385,24098,14016,58,1098,1098,37,41973,19396,24266347,2247,81,425,2819,4525988,4525885,102,118,79,94,172,6773178,4303987,94,131,3159,325,1395,0,93,0,924,8497920,2831,0,474,8,1,4,267,16,4,271,8,2,1,10
4700.93,1624974577208,50.010847091,1,0,0,5,10,4,5,70,2,0,0,0,4,44,6477803,0,29,2,116,4788,2210100,22237,0,1,193498,139990,56430,57341,20834,11375,20899,10961,58,1099,1099,37,38166,17802,22518048,2249,79,429,5380,4519335,4519233,102,117,77,92,168,6477603,4298400,94,129,3004,323,1174,0,91,0,918,7919237,2764,0,448,8,1,4,226,13,4,230,8,2,1,10
4750.94,1624974634053,50.009245496,1,0,0,5,10,4,5,89,2,0,0,0,22,62,6451478,0,34,2,116,15521,2207900,22883,0,1,195792,141837,61223,62125,24386,13995,24468,13764,58,1137,1138,64,44332,21158,22495828,2271,83,425,2827,4499126,4499022,102,118,81,98,174,6451334,4274191,95,132,3204,336,1443,11,95,2,956,7908449,2905,0,486,8,1,4,262,16,4,266,8,2,1,10
4800.95,1624974690398,50.008687558,1,0,0,5,10,4,5,84,2,0,0,0,2,63,6548703,0,32,2,116,15864,2309414,23306,0,1,194617,140791,58618,59249,23903,14426,23897,13828,58,1084,1084,33,42978,20790,23086539,2227,75,423,2825,4492938,4492834,102,118,74,86,164,6548335,4271397,93,125,3155,338,1407,0,86,0,914,7935718,2718,0,465,8,1,4,253,16,4,257,8,2,1,10
4850.96,1624974747125,50.008931226,1,0,0,5,10,4,5,88,2,0,0,0,8,56,6740208,0,29,2,116,7044,2493930,22897,0,1,195772,141628,58519,59171,23853,14081,23889,14016,58,1092,1092,33,42984,20758,24188003,2243,75,426,2824,4499613,4499513,102,117,74,86,164,6739820,4277511,93,125,3166,330,1401,0,86,0,916,8429297,2827,0,473,8,1,4,253,16,4,257,8,2,1,10
4900.97,1624974803659,50.010163186,1,0,0,5,10,4,5,64,2,0,0,0,8,48,6450294,0,29,2,116,11412,2201024,20772,0,1,191703,138563,54457,55481,20545,11021,20647,11150,58,1089,1089,33,37210,17617,22393747,2237,73,422,2819,4495870,4495774,102,118,71,85,160,6450009,4281308,93,123,2994,320,1161,0,84,0,913,8006950,2741,0,449,8,1,4,237,13,4,241,8,2,1,10
4950.98,1624974860246,50.009153696,1,0,0,5,10,4,5,90,2,0,0,0,32,57,6460807,0,27,2,116,13565,2250127,22143,0,1,195498,141874,58129,58604,22921,13323,21076,11087,58,1099,1099,37,40524,19844,22645924,2249,76,431,2825,4464282,4464175,102,118,74,87,164,6460560,4243231,94,125,3021,328,1190,0,87,0,922,7796904,2825,0,461,8,1,4,246,13,4,250,8,2,1,10
5000.99,1624974916720,50.012022248,1,0,0,5,10,4,5,84,2,0,0,0,2,35,6502139,0,34,2,114,26629,2257875,21952,0,1,196426,142148,59260,60132,24015,13990,24062,13638,57,1142,1144,64,43510,20932,22805524,2281,79,426,2827,4499557,4499460,100,116,78,91,165,6501874,4275234,91,127,3218,335,1432,11,90,2,956,7820147,2835,0,467,8,1,4,257,16,4,261,8,2,1,10
5051,1624974973332,50.009440367,1,0,0,5,10,4,5,80,2,0,0,0,4,65,6286588,0,28,2,116,16008,2092343,21752,0,1,196370,142157,60023,60981,24042,13894,24152,13638,58,1099,1099,37,43728,20900,21702034,2249,78,425,2825,4450830,4450731,102,118,76,89,168,6286427,4226230,94,127,3172,333,1405,0,90,0,919,7681168,2752,0,477,8,1,4,246,16,4,250,8,2,1,10
5101.01,1624975030381,50.008639632,1,0,0,5,10,4,5,64,2,0,0,0,42,34,6690058,0,28,2,116,8497,2445091,22148,0,1,193125,139634,54380,54847,20518,11492,20541,10961,58,1090,1090,33,37183,17590,23850995,2239,72,427,2819,4493646,4493548,102,117,71,83,160,6689604,4278322,93,123,2993,319,1159,0,83,0,916,8196572,2836,0,476,8,1,4,227,13,4,231,8,2,1,10
5151.02,1624975086576,50.009310547,1,0,0,5,10,4,5,82,2,0,0,0,4,36,6541098,0,44,2,114,19897,2306440,21529,0,1,194588,141052,56505,56838,22394,12722,20829,11213,57,1090,1090,33,39377,19381,23024204,2239,74,425,5385,4486840,4486752,100,116,72,83,160,6540895,4265988,93,123,3026,330,1183,0,84,0,915,7855466,2783,0,447,8,1,4,237,13,4,241,8,2,1,10
5201.03,1624975143257,50.013861541,1,0,0,5,10,4,5,102,2,0,0,0,39,62,6333182,0,28,2,116,24623,2142029,21527,0,1,195735,141681,59119,59712,24020,13800,24031,13733,58,1090,1090,33,43205,20854,21987035,2239,79,426,2825,4447297,4447198,102,118,78,90,168,6332886,4224881,93,129,3164,333,1406,0,91,0,916,7658921,2827,0,481,8,1,4,246,16,4,250,8,2,1,10
5251.04,1624975200407,50.009369810,1,0,0,5,10,4,5,107,2,0,0,0,46,79,6267836,0,33,2,116,13588,2062789,22458,0,1,196698,142517,61335,62245,24412,14466,24484,13953,58,1146,1147,64,44338,21179,21556516,2289,83,429,2827,4460186,4460086,102,118,81,96,174,6267707,4234542,95,132,3226,337,1445,11,95,2,962,7579065,2970,0,491,8,1,4,255,16,4,259,8,2,1,10
5301.05,1624975257356,50.009337938,1,0,0,5,10,4,5,67,2,0,0,0,2,35,6397926,0,28,2,116,8352,2165661,22066,0,1,193542,139964,55801,56668,20687,10676,20760,10677,58,1099,1099,37,37949,17714,22168128,2249,74,426,2819,4482093,4481999,102,117,73,87,164,6397716,4264314,94,125,2999,319,1164,0,86,0,921,7789247,2741,0,454,8,1,4,227,13,4,231,8,2,1,10
5351.06,1624975313459,50.009025362,1,0,0,5,10,4,5,80,2,0,0,0,6,59,6447041,0,27,2,116,17397,2198624,20877,0,1,194111,140839,57981,58442,22848,12503,21072,10803,58,1091,1091,37,40395,19769,22405830,2233,76,423,2825,4500125,4500025,102,118,74,87,164,6446821,4280236,94,125,3005,327,1187,0,87,0,916,7830477,2790,0,455,8,1,4,228,13,4,232,8,2,1,10
5401.07,1624975370167,50.008730713,1,0,0,5,10,4,5,90,2,0,0,0,12,54,6726900,0,28,2,116,9635,2467977,21601,0,1,195695,141587,58574,59242,23861,13922,23897,13827,58,1090,1090,33,42953,20761,24067009,2239,75,425,2825,4511705,4511605,102,118,74,86,164,6726464,4289728,93,125,3159,332,1403,0,86,0,917,8311268,2840,0,469,8,1,4,266,16,4,270,8,2,1,10
5451.08,1624975426579,50.010170762,1,0,0,5,10,4,5,91,2,0,0,0,52,48,6732417,0,28,2,116,8266,2491598,23186,0,1,196198,142017,58669,59563,23882,13671,23979,13638,58,1092,1092,33,42999,20786,24163282,2243,76,428,2825,4495862,4495769,102,118,74,87,164,6732241,4273761,93,125,3171,333,1407,0,87,0,920,8543712,2963,0,500,8,1,4,253,16,4,257,8,2,1,10
5501.09,1624975483295,50.009314658,1,0,0,5,10,4,5,71,2,0,0,0,20,41,6570477,0,27,2,116,13021,2335879,22739,0,1,193133,139635,54903,55751,20706,10676,20775,10520,58,1092,1092,33,37407,17715,23191481,2243,76,430,2819,4481985,4481893,102,118,75,87,164,6570323,4265828,93,127,2996,320,1169,0,87,0,913,8360611,2745,0,463,8,1,4,225,13,4,229,8,2,1,10
5551.1,1624975539318,50.009125702,1,0,0,5,10,4,5,67,2,0,0,0,26,40,6502171,0,35,2,116,12922,2268793,21672,0,1,192864,139579,56697,57453,21888,12411,21008,11024,58,1140,1141,64,38406,18874,22791366,2277,76,425,2822,4481510,4481413,102,118,74,87,166,6501960,4263464,95,126,3039,328,1201,11,87,2,958,7804250,2830,0,460,8,1,4,229,13,4,233,8,2,1,10
5601.11,1624975596476,50.009053891,1,0,0,5,10,4,5,78,2,0,0,0,70,85,6731665,0,33,2,116,21881,2474453,23448,0,1,196400,142294,60015,60759,24046,13674,24134,13198,58,1095,1095,37,43857,20917,24139555,2241,77,428,5385,4513924,4513819,102,118,76,90,168,6731534,4287333,94,127,3166,333,1409,0,90,0,923,8455139,2995,0,488,8,1,4,258,16,4,262,8,2,1,10
5651.12,1624975653249,50.009280065,1,0,0,5,10,4,5,86,2,0,0,0,32,50,6526155,0,29,2,116,12040,2291386,22456,0,1,196373,142240,60504,61374,24182,13960,24240,13607,58,1097,1097,37,44033,20988,22967469,2245,82,426,2825,4490750,4490648,102,117,80,93,172,6526047,4266071,94,131,3167,333,1411,0,93,0,925,8103160,2904,0,495,8,1,4,269,16,4,273,8,2,1,10
5701.13,1624975710235,50.011740430,1,0,0,5,10,4,5,64,2,0,0,0,29,49,6772657,0,27,2,116,4553,2498200,22912,0,1,192918,139475,54412,55204,20525,11115,20598,10647,58,1090,1090,33,37237,17622,24229028,2238,72,426,2819,4521854,4521752,102,117,71,84,160,6772394,4306515,93,123,2989,319,1164,0,83,0,917,8416174,2787,0,449,6,1,4,242,13,4,246,2,2,1,5
5751.14,1624975767276,50.008930370,1,0,0,5,10,4,5,84,2,0,0,0,58,50,6723572,0,29,2,116,18218,2484414,23016,0,1,195616,141780,57971,58016,23756,13887,21160,11055,58,1093,1093,33,41843,20687,24108991,2245,73,432,2825,4493377,4493275,102,117,73,84,161,6723214,4272721,93,124,3101,331,1311,0,85,0,917,8539116,2906,0,467,8,1,4,231,13,4,235,8,2,1,10
5801.15,1624975823195,50.011378166,1,0,0,5,10,4,5,88,2,0,0,0,2,35,6800883,0,35,2,116,7978,2514174,23636,0,1,195136,141192,59852,60720,24179,13678,24251,13386,58,1131,1132,60,43656,21041,24412649,2267,80,424,2827,4540764,4540667,102,118,79,92,170,6800610,4317938,94,130,3206,337,1434,11,92,2,954,8451169,2828,0,468,8,1,4,251,16,4,255,8,2,1,10
5851.17,1624975879948,50.017104055,1,0,0,5,10,4,5,100,2,0,0,0,50,64,6549022,0,25,2,116,11334,2313353,22900,0,1,196661,142450,60106,61043,24002,13924,24063,13827,58,1101,1101,37,43781,20896,23094485,2253,78,428,2825,4490813,4490720,102,118,77,90,168,6548799,4266355,94,127,3176,333,1406,0,89,0,923,7910127,2893,0,479,8,1,4,259,16,4,263,8,2,1,10
5901.18,1624975936491,50.011089558,1,0,0,5,10,4,5,64,2,0,0,0,40,50,6753296,0,26,2,116,20804,2497872,22786,0,1,193753,140176,55810,56766,20741,10991,20802,10709,58,1097,1097,37,38024,17744,24218731,2245,75,427,2819,4506815,4506717,102,118,73,86,164,6753083,4289162,94,125,2999,319,1164,0,86,0,928,8363320,2863,0,464,8,1,4,237,13,4,241,8,2,1,10
5951.19,1624975992905,50.009373944,1,0,0,5,10,4,5,66,2,0,0,0,4,64,6511782,0,41,2,114,14961,2269637,22137,0,1,193743,140109,55819,56752,20715,11624,20813,11622,57,1100,1100,37,37944,17700,22807976,2251,74,426,2819,4493978,4493882,100,116,73,87,164,6511608,4275953,94,125,3015,319,1162,0,87,0,925,7915875,2755,0,430,8,1,4,231,13,4,235,8,2,1,10
6001.2,1624976049765,50.011803901,1,0,0,5,10,4,5,80,2,0,0,0,49,50,6643348,0,28,2,114,10475,2388515,22425,0,1,195913,141794,58605,59371,23812,13795,23875,13733,57,1090,1090,33,43025,20777,23577882,2239,76,431,2825,4509932,4509827,100,116,74,87,164,6643097,4287824,93,125,3165,332,1401,0,87,0,911,8398621,2920,0,482,8,1,4,249,16,4,253,8,2,1,10
6051.21,1624976106903,50.009117760,1,0,0,5,10,4,5,90,2,0,0,0,4,50,6446232,0,33,2,114,12643,2218975,22012,0,1,196047,141863,60296,61089,24369,13903,24435,13701,57,1136,1137,60,43846,21120,22514873,2277,85,426,2827,4484392,4484291,100,116,83,96,174,6446001,4260478,94,134,3212,337,1432,11,96,2,952,7690071,2861,0,465,7,1,4,244,16,4,248,7,2,1,9
6101.22,1624976164177,50.009104225,1,0,0,5,10,4,5,67,2,0,0,0,66,65,6955964,0,28,2,116,18901,2680725,22629,0,1,192631,139324,54432,55362,20548,10833,20630,10835,58,1087,1087,33,37224,17625,25314135,2233,73,426,2819,4523258,4523165,102,117,71,84,160,6955762,4308381,93,123,2989,320,1160,0,83,0,914,8829950,2919,0,443,8,1,4,240,13,4,244,8,2,1,10
6151.23,1624976220428,50.009042805,1,0,0,5,10,4,5,92,2,0,0,0,68,36,6692012,0,28,2,114,12881,2447965,22806,0,1,195832,142226,60925,61147,26371,16013,24835,14017,57,1093,1093,37,43343,23090,23931833,2237,84,428,2826,4500450,4500321,100,116,83,97,176,6691813,4277141,96,135,3011,331,1189,0,98,0,923,8119653,2994,0,479,8,1,4,242,13,4,246,8,2,1,10
6201.24,1624976277585,50.008829091,1,0,0,5,10,4,5,78,2,0,0,0,6,73,6424652,0,27,2,116,12843,2191175,22663,0,1,196352,142146,60042,60700,24044,13358,24062,13040,58,1096,1096,37,43783,20906,22355169,2243,77,426,2825,4491607,4491504,102,118,76,89,168,6424364,4267059,94,127,3165,333,1403,0,89,0,921,7895231,2775,0,462,8,1,4,258,16,4,262,8,2,1,10
6251.27,1624976334806,50.027318180,1,0,0,5,10,4,5,75,2,0,0,0,1,63,6261055,0,25,2,116,16221,2063256,22188,0,1,194258,140210,57457,58986,22754,13164,23737,13638,58,1092,1092,37,41875,19777,21522633,2235,73,425,5380,4454634,4454533,102,118,72,90,164,6260903,4230730,92,125,3138,324,1379,0,86,0,917,7561058,2776,0,465,7,1,4,254,16,4,258,7,2,1,9
6301.28,1624976391631,50.008919987,1,0,0,5,10,4,5,72,2,0,0,0,4,35,6597691,0,29,2,116,9721,2341450,22009,0,1,193293,139694,54877,55523,20701,11181,20710,10961,58,1090,1090,33,37446,17683,23261513,2237,75,429,2819,4505340,4505247,102,118,75,87,164,6597472,4288987,93,127,2995,320,1163,0,87,0,913,8130527,2763,0,461,8,1,4,224,13,4,228,8,2,1,10
6351.29,1624976448445,50.009250724,1,0,0,5,10,4,5,80,2,0,0,0,28,46,6448993,0,36,2,116,4781,2225150,21856,0,1,195957,141806,59380,60229,24082,13800,24149,13638,58,1134,1135,60,43362,20995,22526338,2273,76,427,2827,4478215,4478123,102,118,75,87,166,6448801,4255040,94,126,3209,339,1434,11,87,2,959,7737362,2907,0,477,8,1,4,267,16,4,271,8,2,1,10
6401.3,1624976505638,50.009029415,1,0,0,5,10,4,5,98,2,0,0,0,28,44,6663990,0,27,2,116,9700,2401988,22559,0,1,195310,141349,59095,59838,23997,13546,24053,13355,58,1089,1089,33,43231,20846,23653217,2237,79,425,2825,4512794,4512699,102,118,78,90,168,6663771,4290725,93,129,3162,333,1403,0,90,0,918,8083453,2889,0,492,8,1,4,256,16,4,260,8,2,1,10
6451.31,1624976562639,50.009427219,1,0,0,5,10,4,5,74,2,0,0,0,12,61,6525395,0,30,2,116,17402,2280669,21590,0,1,192870,139404,54889,55865,20693,10835,20809,10835,58,1094,1094,33,37448,17695,22898447,2247,77,425,2819,4494328,4494237,102,118,75,88,164,6525224,4278315,93,127,3004,320,1161,0,87,0,915,8013691,2778,0,462,7,1,4,235,13,4,239,7,2,1,9
6501.32,1624976619657,50.009320020,1,0,0,5,10,4,5,97,2,0,0,0,42,56,6662203,0,29,2,116,21383,2430439,22849,0,1,195724,142052,58599,58968,23323,12541,21334,10646,58,1098,1098,37,40990,20197,23773233,2247,79,428,2825,4487133,4487034,102,118,78,91,168,6662036,4265592,94,129,3017,327,1185,0,92,0,924,8149189,2908,0,479,7,1,4,247,13,4,251,7,2,1,9
6551.33,1624976676853,50.008925447,1,0,0,5,10,4,5,92,2,0,0,0,4,56,6372603,0,29,2,116,12319,2134841,22938,0,1,196517,142284,60850,61302,24242,13650,24272,13607,58,1099,1099,37,44070,21014,22074001,2247,83,429,2825,4489041,4488939,102,118,83,93,176,6372397,4263688,94,135,3172,332,1404,0,98,0,917,7586265,2794,0,479,8,1,4,250,16,4,254,8,2,1,10
6601.34,1624976733421,50.009479158,1,0,0,5,10,4,5,92,2,0,0,0,4,78,5983695,0,33,2,116,20719,1807549,21321,0,1,196422,142225,61744,62769,24548,13715,24665,13513,58,1141,1142,64,44530,21267,19988174,2279,87,426,2827,4429364,4429254,102,118,85,103,178,5983530,4203177,95,136,3215,336,1442,11,99,2,963,7158028,2827,0,474,8,1,4,259,16,4,263,8,2,1,10
6651.35,1624976790417,50.009224864,1,0,0,5,10,4,5,64,2,0,0,0,10,73,6428636,0,25,2,116,24146,2195350,21968,0,1,193131,139589,54389,55303,20527,10958,20591,10867,58,1091,1091,33,37206,17600,22377724,2241,73,426,2819,4479299,4479211,102,118,71,84,160,6428487,4263595,93,123,2992,319,1160,0,83,0,914,7794935,2753,0,460,8,1,4,232,13,4,236,8,2,1,10
6701.36,1624976847304,50.009303414,1,0,0,5,10,4,5,80,2,0,0,0,42,67,6471787,0,29,2,116,17411,2244746,22827,0,1,195865,141756,58616,59318,23821,13921,23841,13670,58,1091,1091,33,42956,20748,22654565,2241,75,426,2825,4483109,4482999,102,118,74,86,164,6471406,4260706,93,125,3167,333,1401,0,86,0,916,8100805,2887,0,490,8,1,4,266,16,4,270,8,2,1,10
6751.37,1624976904490,50.008689072,1,0,0,5,10,4,5,80,2,0,0,0,66,65,6453974,0,43,2,116,18747,2236977,22807,0,1,194664,140947,58717,59341,23872,13546,23885,13040,58,1087,1087,33,43008,20782,22620511,2233,75,425,2825,4468949,4468850,102,118,74,87,164,6453618,4247779,93,125,3173,333,1402,0,87,0,915,7771265,3008,0,505,8,1,4,257,16,4,261,8,2,1,10
6801.38,1624976961424,50.009483328,1,0,0,5,10,4,5,73,2,0,0,0,54,74,6337845,0,28,2,116,16113,2144479,21877,0,1,193358,139646,57707,59003,21462,12097,23733,13764,58,1094,1094,37,40805,18339,21970245,2239,77,428,2819,4446710,4446612,102,118,75,90,168,6337779,4226770,94,127,3148,325,1385,0,90,0,921,7637319,2915,0,501,8,1,4,275,16,4,279,8,2,1,10
6851.39,1624977018701,50.008608788,1,0,0,5,10,4,5,70,2,0,0,0,46,47,6579012,0,35,2,116,8984,2333798,23723,0,1,193683,140113,55110,55745,20647,11185,20665,10898,58,1142,1143,64,37674,17719,23205122,2281,75,428,2821,4495259,4495152,102,118,74,87,161,6578649,4277784,91,125,3044,323,1192,11,87,2,963,8084838,2872,0,479,8,1,4,218,13,4,222,8,2,1,10
6901.4,1624977075535,50.008722948,1,0,0,5,10,4,5,90,2,0,0,0,44,68,6502842,0,28,2,116,13481,2267219,22702,0,1,196462,142294,60079,60679,24004,13954,24005,13890,58,1096,1096,37,43712,20876,22810178,2243,77,427,5385,4495160,4495058,102,118,76,89,168,6502500,4268170,94,127,3171,332,1410,0,89,0,925,7881641,2921,0,493,8,1,4,260,16,4,264,8,2,1,10
6951.41,1624977132385,50.010476794,1,0,0,5,10,4,5,108,2,0,0,0,26,58,6553585,0,28,2,116,12412,2317596,22813,0,1,195328,141348,58652,59506,23837,13480,23920,13480,58,1087,1087,33,42998,20766,23126232,2233,74,425,2825,4488261,4488165,102,118,74,87,164,6553389,4266453,93,125,3155,335,1401,0,86,0,922,8034149,2871,0,491,8,1,4,252,16,4,256,8,2,1,10
7001.42,1624977189747,50.009266947,1,0,0,5,10,4,5,64,2,0,0,0,14,63,6550149,0,26,2,116,14081,2310830,21036,0,1,193140,139601,54463,55322,20586,10925,20636,10520,58,1093,1093,33,37204,17601,23033480,2245,73,426,2819,4486837,4486740,102,118,71,84,160,6549922,4271094,93,123,3000,320,1163,0,83,0,920,8053922,2762,0,459,8,1,4,234,13,4,238,8,2,1,10
7051.43,1624977246728,50.009339287,1,0,0,5,10,4,5,70,2,0,0,0,34,49,6404653,0,27,2,114,19384,2161401,21950,0,1,192630,139310,54886,55786,20679,11341,20754,11149,57,1088,1088,33,37412,17717,22194467,2235,77,429,2819,4485361,4485265,100,116,75,89,164,6404481,4269939,93,127,2988,320,1168,0,88,0,911,7753202,2839,0,476,8,1,4,230,13,4,234,8,2,1,10
7101.44,1624977303523,50.009033303,1,0,0,5,10,4,5,103,2,0,0,0,0,65,6779589,0,28,2,114,7860,2496949,21935,0,1,195034,141127,59126,60006,24025,13391,24104,13009,57,1085,1085,33,43220,20883,24272801,2229,80,423,2825,4536601,4536497,100,116,78,92,168,6779403,4314590,93,129,3162,333,1414,0,92,0,912,8237186,2794,0,475,8,1,4,248,16,4,252,8,2,1,10
7151.45,1624977360199,50.008819233,1,0,0,5,10,4,5,98,2,0,0,0,18,72,6269791,0,33,2,116,7004,2083247,22339,0,1,195649,141705,61165,61570,24328,13837,24334,13544,58,1133,1134,64,44286,21127,21575614,2263,82,424,2826,4442904,4442792,102,118,81,94,174,6269351,4217941,95,132,3189,333,1430,11,95,2,949,7547312,2811,0,477,8,1,4,252,16,4,256,8,2,1,10
7201.46,1624977416810,50.009071625,1,0,0,5,10,4,5,98,2,0,0,0,44,51,6676409,0,29,2,114,7745,2435834,23210,0,1,193666,140140,55854,56591,20712,11182,20779,10929,57,1096,1096,37,37959,17713,23773441,2243,74,427,2819,4489967,4489872,100,116,73,86,164,6676347,4272291,94,125,2993,320,1164,0,86,0,930,8418126,2880,0,475,8,1,4,233,13,4,237,8,2,1,10
7251.47,1624977473516,50.008643925,1,0,0,5,10,4,5,64,2,0,0,0,96,49,6820250,0,27,2,116,10091,2578413,23041,0,1,193818,140341,55898,56449,20683,10929,20702,10898,58,1098,1098,37,37948,17716,24659443,2247,74,429,2819,4492097,4491991,102,118,73,86,164,6819892,4274596,94,125,2998,319,1164,0,86,0,927,8621465,2959,0,474,8,1,4,227,13,4,231,8,2,1,10
7301.48,1624977529883,50.009266163,1,0,0,5,10,4,5,109,2,0,0,0,78,47,6734382,0,26,2,116,8605,2490928,22259,0,1,196071,141976,58718,59520,23859,13101,23920,13165,58,1088,1088,33,42986,20765,24140414,2235,76,428,2826,4496775,4496674,102,118,74,87,164,6734168,4274710,93,125,3158,335,1401,0,86,0,917,8288187,3006,0,506,8,1,4,248,16,4,252,8,2,1,10
7351.49,1624977586779,50.009238046,1,0,0,5,10,4,5,82,2,0,0,0,40,54,6955854,0,27,2,118,13712,2700851,23167,0,1,195232,141309,58742,59584,23866,14110,23917,13513,58,1088,1088,33,43031,20787,25458814,2235,76,429,5385,4511783,4511689,102,118,74,86,164,6955660,4287417,93,125,3162,333,1403,0,86,0,917,8868695,2929,0,481,7,1,4,254,16,4,258,7,2,1,9
7401.5,1624977643365,50.008599608,1,0,0,5,10,4,5,93,2,0,0,0,6,53,6459924,0,36,2,116,15133,2218680,21565,0,1,196078,141902,59883,60550,24225,13552,24242,13544,58,1140,1141,60,43627,21055,22548933,2285,79,426,2827,4497520,4497404,102,118,79,94,170,6459492,4273768,94,130,3216,337,1437,11,93,2,952,8024941,2794,0,458,8,1,4,253,16,4,257,8,2,1,10
7451.51,1624977700554,50.009041240,1,0,0,5,10,4,5,66,2,0,0,0,24,70,6550351,0,29,2,116,7400,2321931,22102,0,1,192747,139480,56228,57044,20851,11468,20911,11118,58,1095,1095,37,38165,17822,23103284,2241,78,424,2818,4476069,4475951,102,118,77,90,168,6550121,4258762,94,129,2994,316,1170,0,90,0,917,8313287,2766,0,445,8,1,4,233,13,4,237,8,2,1,10
7501.52,1624977757263,50.010032303,1,0,0,5,10,4,5,95,2,0,0,0,54,64,6726708,0,29,2,116,15684,2460785,22013,0,1,195722,141813,60084,60923,24029,13483,24085,13418,58,1095,1095,37,43759,20910,24029537,2241,78,426,2825,4522242,4522142,102,118,76,89,168,6726567,4298538,94,127,3164,332,1412,0,89,0,923,8263191,2911,0,470,8,1,4,245,16,4,249,8,2,1,10
7551.53,1624977814470,50.009024874,1,0,0,5,10,4,5,93,2,0,0,0,46,62,6707667,0,48,2,116,22832,2461466,23610,0,1,196571,142375,60130,60795,24041,13296,24059,13071,58,1100,1100,37,43740,20912,23998503,2251,77,428,2825,4504214,4504118,102,118,76,89,168,6707473,4279629,94,127,3192,335,1405,0,89,0,925,8461240,2959,0,470,8,1,4,253,16,4,257,8,2,1,10
7601.54,1624977871649,50.009387031,1,0,0,5,10,4,5,71,2,0,0,0,6,73,6565734,0,28,2,116,16385,2331945,20986,0,1,192998,139187,56042,57474,21211,11655,23628,13701,58,1085,1085,33,39187,18114,23183238,2229,77,427,2819,4482968,4482874,102,118,76,93,167,6565684,4264792,93,128,3133,325,1377,0,88,0,912,7976320,2708,0,450,8,1,4,253,16,4,257,8,2,1,10
7651.55,1624977928389,50.008734831,1,0,0,5,10,4,5,82,2,0,0,0,4,35,6690022,0,33,2,116,16249,2424443,21665,0,1,192629,139245,55582,56243,20886,11434,20907,11370,58,1135,1136,60,37797,17862,23773693,2275,77,424,2821,4514247,4514143,102,118,76,89,166,6689645,4297878,94,128,3041,324,1190,11,88,2,947,8198290,2735,0,430,8,1,4,237,13,4,241,8,2,1,10
7701.56,1624977985939,50.009124332,1,0,0,5,10,4,5,80,2,0,0,0,28,65,6520117,0,25,2,116,9849,2299347,22233,0,1,195856,141727,58657,59462,24789,14772,23899,13449,58,1092,1092,33,43006,21701,22975553,2243,76,426,2825,4474576,4474483,102,118,74,86,164,6519892,4252481,93,125,3166,333,1401,0,87,0,916,7868266,2830,0,464,8,1,4,253,16,4,257,8,2,1,10
7751.57,1624978042712,50.009085694,1,0,0,5,10,4,5,90,2,0,0,0,26,72,6315318,0,28,2,116,15289,2108476,20833,0,1,195649,141707,60069,61007,24029,14113,24139,13669,58,1093,1093,37,43812,20908,21818694,2237,78,425,2825,4463003,4462904,102,118,76,90,168,6315150,4239025,94,127,3162,334,1412,0,89,0,927,7668683,2810,0,458,8,1,4,255,16,4,259,8,2,1,10
7801.58,1624978099607,50.008941131,1,0,0,5,10,4,5,64,2,0,0,0,26,35,6675145,0,27,2,116,3681,2438491,22673,0,1,193462,139974,55814,56754,20729,11464,20824,11339,58,1092,1092,37,38052,17722,23802168,2235,75,426,2819,4484446,4484351,102,118,73,89,164,6675019,4266805,94,125,2987,319,1172,0,86,0,920,8306669,2771,0,454,8,1,4,235,13,4,239,8,2,1,10
7851.6,1624978156546,50.017583148,1,0,0,5,10,4,5,80,2,0,0,0,33,45,6572653,0,28,2,116,8692,2345102,21016,0,1,195363,141581,59613,60179,23954,14050,23973,13858,58,1094,1094,37,43664,20808,23247293,2239,78,429,2825,4483944,4483851,102,118,77,87,166,6572189,4260878,94,127,3149,330,1396,0,89,0,923,8076830,2808,0,441,8,1,4,249,16,4,253,8,2,1,10
7901.61,1624978213853,50.009227122,1,0,0,5,10,4,5,87,2,0,0,0,14,48,6390446,0,27,2,116,27348,2164287,21866,0,1,195176,141359,60489,61459,24199,14086,24316,13733,58,1091,1091,37,44019,21012,22219221,2233,82,423,2825,4482422,4482317,102,118,80,94,172,6390167,4258557,94,131,3164,332,1418,0,93,0,916,7668459,2839,0,462,7,1,4,258,16,4,262,7,2,1,9
7951.62,1624978270409,50.009724767,1,0,0,5,10,4,5,80,2,0,0,0,2,76,6491650,0,29,2,116,18063,2269887,22130,0,1,195191,141169,57576,58853,23420,13671,23804,14079,58,1090,1090,33,42326,20391,22811341,2238,75,424,2821,4472022,4471931,102,118,73,88,164,6491601,4250970,93,125,3148,328,1381,0,87,0,917,7996153,2773,0,476,8,1,4,256,16,4,260,8,2,1,10
8001.63,1624978327439,50.008724241,1,0,0,5,10,4,5,64,2,0,0,0,28,48,6828407,0,27,2,116,17377,2574129,21619,0,1,193348,139782,54409,54922,20569,11462,20552,11402,58,1090,1090,33,37203,17580,24661285,2239,71,427,5379,4505281,4505176,102,118,71,83,160,6827998,4287112,93,123,2994,320,1165,0,84,0,916,8511187,2787,0,453,8,1,4,227,13,4,231,8,2,1,10
8051.64,1624978384342,50.008744969,1,0,0,5,10,4,5,102,2,0,0,0,24,49,6747873,0,28,2,116,22243,2488077,23135,0,1,194142,140533,59059,59580,24009,13800,23992,13292,58,1085,1085,33,43241,20854,24213004,2229,80,422,2825,4510181,4510074,102,117,78,90,168,6747440,4289294,93,129,3154,333,1411,0,90,0,914,8394918,2852,0,491,8,1,4,249,16,4,253,8,2,1,10
8101.65,1624978440893,50.009164298,1,0,0,5,10,4,5,108,2,0,0,0,44,96,6246311,0,25,2,116,27214,2036433,21702,0,1,196400,142269,60033,60924,24051,13232,24155,13009,58,1096,1096,37,43779,20919,21417880,2243,77,427,2824,4464062,4463962,102,118,76,90,168,6246122,4239607,94,127,3165,329,1411,0,89,0,921,7726078,2864,0,470,8,1,4,262,16,4,266,8,2,1,10
8151.66,1624978497795,50.009427860,1,0,0,5,10,4,5,74,2,0,0,0,10,54,6321076,0,30,2,116,11088,2116368,23501,0,1,194365,140366,59553,60740,23223,13237,24177,13449,58,1098,1098,37,42830,20047,21872324,2247,85,424,2820,4457947,4457834,102,118,83,97,176,6320954,4235007,94,135,3156,326,1392,0,96,0,926,7669521,2800,0,479,8,1,4,253,16,4,257,8,2,1,10
8201.67,1624978554564,50.008909129,1,0,0,5,10,4,5,79,2,0,0,0,22,51,6475982,0,35,2,116,18413,2275070,22549,0,1,192971,139628,56593,57316,20938,11342,20942,11087,58,1138,1139,64,38325,17884,22769181,2273,75,425,2821,4452600,4452504,102,118,74,90,166,6475633,4234544,95,126,3031,325,1195,11,88,2,955,8043242,2791,0,435,8,1,4,238,13,4,242,8,2,1,10
8251.68,1624978611203,50.008837092,1,0,0,5,10,4,5,84,2,0,0,0,46,64,6476774,0,30,2,116,18291,2264181,22155,0,1,196471,142233,59233,59954,24033,13926,24053,13513,58,1095,1095,33,43208,20853,22766211,2249,79,428,2826,4468504,4468402,102,118,78,91,168,6476437,4245507,93,129,3177,336,1410,0,91,0,919,8119239,2880,0,484,8,1,4,258,16,4,262,8,2,1,10
8301.69,1624978668435,50.008782425,1,0,0,5,10,4,5,80,2,0,0,0,6,53,6680105,0,29,2,116,21274,2406883,22662,0,1,194163,140456,56813,57370,25540,15934,26482,16379,58,1088,1088,33,42234,22577,23737567,2234,71,422,2826,4525278,4525175,102,118,70,82,155,6679641,4305328,89,120,3160,332,1412,0,83,0,914,8418248,2785,0,470,8,1,4,258,16,4,262,8,2,1,10
8351.7,1624978724873,50.009075436,1,0,0,5,10,4,5,74,2,0,0,0,38,52,6463285,0,59,2,116,5977,2230225,22184,0,1,194502,140354,56986,57847,22464,13262,23680,13922,58,1095,1095,33,41268,19397,22563399,2249,74,429,2819,4484705,4484604,102,118,73,87,164,6462921,4264655,93,125,3186,334,1392,0,85,0,922,7927289,2931,0,472,8,1,4,257,16,4,261,8,2,1,10
8401.71,1624978781851,50.009261412,1,0,0,5,10,4,5,74,2,0,0,0,62,50,6702984,0,30,2,116,8328,2475961,21972,0,1,193515,140067,55766,56620,20754,10992,20806,10804,58,1095,1095,37,37998,17750,24010396,2241,75,431,2818,4477523,4477427,102,118,73,86,164,6702828,4260357,94,125,2995,316,1169,0,86,0,925,8366604,2911,0,476,7,1,4,227,13,4,231,7,2,1,9
8451.72,1624978838830,50.009037415,1,0,0,5,10,4,5,115,2,0,0,0,22,49,6420879,0,36,2,116,6734,2200779,21394,0,1,196927,142642,61723,62613,24587,13433,24663,13166,58,1146,1147,64,44571,21274,22393896,2289,87,428,5387,4481581,4481475,102,118,85,99,178,6420698,4252647,95,136,3238,336,1449,11,98,2,956,7730321,2946,0,473,8,1,4,262,16,4,266,8,2,1,10
8501.73,1624978896051,50.009205927,1,0,0,5,10,4,5,84,2,0,0,0,34,59,6509457,0,27,2,114,10032,2324232,22552,0,1,195583,141671,60505,61252,24179,14088,24231,13859,57,1093,1093,37,43986,20979,23055123,2237,81,425,2825,4441112,4441014,100,115,80,94,172,6509286,4217208,94,131,3160,332,1409,0,95,0,923,7953765,2950,0,493,8,1,4,263,16,4,267,8,2,1,10
8551.74,1624978953059,50.008848340,1,0,0,5,10,4,5,64,2,0,0,0,18,54,6371109,0,28,2,116,5290,2126164,21734,0,1,193337,139759,54497,55224,20556,11401,20575,11276,58,1095,1095,33,37177,17590,21942986,2249,72,426,2820,4493359,4493260,102,118,71,84,160,6370710,4277593,93,123,3006,323,1168,0,84,0,915,7998472,2753,0,446,8,1,4,227,13,4,231,8,2,1,10
8601.75,1624979009759,50.011074498,1,0,0,5,10,4,5,70,2,0,0,0,7,60,6343701,0,29,2,116,21311,2122426,23906,0,1,193100,139583,54896,55345,20660,11307,20658,10898,58,1092,1092,33,37430,17680,21926674,2242,76,426,2819,4466281,4466177,102,118,75,87,164,6343064,4250274,93,127,3000,320,1164,0,87,0,915,7994814,2740,0,450,8,1,4,235,13,4,239,8,2,1,10
8651.76,1624979066951,50.008616220,1,0,0,5,10,4,5,80,2,0,0,0,30,57,6605344,0,27,2,116,16950,2357560,23004,0,1,195736,141655,58647,59281,23863,13889,23858,13481,58,1090,1090,33,43026,20765,23397518,2239,75,430,5385,4503122,4503015,102,118,74,86,164,6604959,4278512,93,125,3165,333,1408,0,86,0,921,8320428,2830,0,469,8,1,4,264,16,4,268,8,2,1,10
8701.77,1624979124070,50.008873832,1,0,0,5,10,4,5,94,2,0,0,0,60,63,6762616,0,37,2,116,10237,2485590,23567,0,1,196284,142133,60316,61053,24378,13334,24473,13355,58,1138,1139,60,43822,21128,24211015,2281,84,428,2827,4531696,4531583,102,118,83,102,174,6762331,4308266,94,134,3222,337,1436,11,95,2,950,8430184,2980,0,500,8,1,4,258,16,4,262,8,2,1,10
8751.78,1624979181161,50.011864176,1,0,0,5,10,4,5,76,2,0,0,0,67,92,6658815,0,30,2,116,18917,2403953,22130,0,1,193919,140344,55745,56756,20652,10898,20760,10678,58,1096,1096,37,37989,17686,23631472,2243,75,428,2818,4501425,4501326,102,117,73,87,164,6658475,4283929,94,125,2997,318,1163,0,86,0,922,8160275,2953,0,466,8,1,4,238,13,4,242,8,2,1,10
8801.79,1624979238227,50.009110279,1,0,0,5,10,4,5,80,2,0,0,0,22,68,6443541,0,29,2,116,8474,2218375,22378,0,1,196450,142251,59950,60632,24049,13767,24093,13355,58,1095,1095,37,43765,20908,22512279,2241,76,427,2825,4482506,4482404,102,117,76,90,168,6443296,4257766,94,127,3164,333,1402,0,90,0,917,7938569,2848,0,469,8,1,4,255,16,4,259,8,2,1,10
8851.8,1624979295539,50.008785086,1,0,0,5,10,4,5,80,2,0,0,0,48,62,6558446,0,27,2,116,12306,2323668,21969,0,1,195830,141849,60030,60617,24082,13892,24101,13607,58,1093,1093,37,43780,20962,23154874,2237,77,426,2825,4492520,4492409,102,117,76,89,168,6558075,4268166,94,127,3159,334,1404,0,90,0,916,8220538,2898,0,483,8,1,4,265,16,4,269,8,2,1,10
8901.81,1624979352365,50.012413100,1,0,0,5,10,4,5,80,2,0,0,0,28,60,6537967,0,27,2,116,10362,2312874,22424,0,1,194386,140222,55862,57313,21211,11525,23576,13135,58,1092,1092,33,39238,18196,23033556,2243,74,431,2820,4477296,4477208,102,118,72,87,163,6537904,4257639,93,124,3153,328,1381,0,85,0,920,7954435,2841,0,461,8,1,4,245,16,4,249,8,2,1,10
8951.82,1624979409700,50.011740323,1,0,0,5,10,4,5,75,2,0,0,0,27,66,6565808,0,27,2,114,18392,2306851,21216,0,1,192812,139402,54915,55804,20670,11307,20737,10930,57,1091,1091,33,37422,17696,23057523,2241,76,425,2819,4506735,4506633,100,116,75,88,164,6565565,4290541,93,127,3000,320,1166,0,87,0,915,8127827,2777,0,455,8,1,4,233,13,4,237,8,2,1,10
9001.83,1624979467016,50.009271531,1,0,0,5,10,4,5,93,2,0,0,0,6,76,6446449,0,35,2,116,13902,2190954,21085,0,1,196250,141999,59393,60228,24127,14019,24169,13481,58,1140,1141,60,43392,20973,22392260,2285,77,427,2827,4512047,4511950,102,118,75,87,166,6446215,4288000,94,126,3222,337,1443,11,87,2,957,7815281,2755,0,457,8,1,4,257,16,4,261,8,2,1,10
9051.84,1624979523666,50.009022632,1,0,0,5,10,4,5,79,2,0,0,0,42,83,6739014,0,27,2,116,21474,2478173,22914,0,1,196771,142516,60015,60776,24057,13452,24120,13449,58,1100,1100,37,43750,20911,24142167,2251,76,428,2824,4516021,4515921,102,118,76,90,168,6738757,4291526,94,127,3173,329,1407,0,89,0,926,8229307,2904,0,468,8,1,4,257,16,4,261,8,2,1,10
9101.85,1624979580923,50.009171595,1,0,0,5,10,4,5,83,2,0,0,0,26,75,6777423,0,28,2,116,12204,2524358,21913,0,1,193777,140184,55834,56617,20693,11340,20759,10992,58,1095,1095,37,37960,17742,24361798,2241,75,427,2818,4503294,4503202,102,118,73,87,164,6777243,4285436,94,125,2992,316,1160,0,88,0,916,8529808,2801,0,432,8,1,4,233,13,4,237,8,2,1,10
9151.86,1624979637592,50.009068923,1,0,0,5,10,4,5,99,2,0,0,0,0,47,6624053,0,41,2,116,3365,2375248,21126,0,1,195828,142081,58236,58741,22340,12228,21154,10835,58,1102,1102,37,39986,19231,23435993,2255,79,427,2825,4502589,4502482,102,118,78,92,168,6623846,4281477,94,129,3039,327,1193,0,92,0,926,8107176,2741,0,435,8,1,4,237,13,4,241,8,2,1,10
9201.87,1624979694404,50.009995845,1,0,0,5,10,4,5,100,2,0,0,0,16,53,6565005,0,30,2,116,20625,2286191,22476,0,1,196051,142009,61197,61999,24328,13870,24381,13512,58,1101,1101,37,44144,21077,23054120,2253,85,425,2826,4532568,4532465,102,118,84,97,176,6564811,4307406,94,135,3187,336,1416,0,97,0,927,8008685,2829,0,460,8,1,4,261,16,4,265,8,2,1,10
9251.88,1624979751552,50.008821633,1,0,0,5,10,4,5,86,2,0,0,0,28,82,6492077,0,33,2,116,16808,2258728,22014,0,1,194846,141071,59984,60715,24234,13645,24257,13387,58,1133,1134,60,43568,21033,22757567,2271,80,424,2828,4488895,4488783,102,117,79,91,170,6491591,4266144,94,130,3200,340,1439,11,91,2,951,7937645,2839,0,454,8,1,4,260,16,4,264,8,2,1,10
9301.89,1624979808210,50.009092668,1,0,0,5,10,4,5,79,2,0,0,0,42,57,6428245,0,31,2,116,8743,2197920,21317,0,1,192335,139136,56686,57438,21112,11473,21154,10961,58,1089,1089,33,38178,17942,22349925,2237,84,424,5379,4482393,4482290,102,118,83,96,175,6428092,4263515,95,136,2995,323,1169,0,96,0,915,7744980,2792,0,465,8,1,4,222,13,4,226,8,2,1,10
9351.9,1624979865225,50.011341916,1,0,0,5,10,4,5,83,2,0,0,0,1,61,6606468,0,29,2,116,10106,2312025,23709,0,1,195418,141404,57736,58500,23581,13793,23724,13355,58,1095,1095,33,42362,20561,23212354,2249,72,425,2825,4543855,4543757,102,117,71,89,160,6606002,4322625,91,123,3174,333,1409,0,84,0,920,8245098,2783,0,422,8,1,4,261,16,4,265,8,2,1,10
9401.91,1624979922741,50.009102196,1,0,0,5,10,4,5,84,2,0,0,0,4,56,6355090,0,32,2,116,8459,2103112,23324,0,1,195461,141554,60477,61357,24168,13900,24251,13575,58,1096,1096,37,43965,20992,21883085,2243,82,424,2824,4506968,4506868,102,118,80,93,172,6354954,4282928,94,131,3169,329,1411,0,94,0,920,7892165,2734,0,456,7,1,4,256,16,4,260,7,2,1,9
9451.92,1624979979856,50.009065808,1,0,0,5,10,4,5,68,2,0,0,0,10,43,6705299,0,28,2,116,19678,2454539,22149,0,1,193548,139983,55840,57108,20728,10835,20857,10992,58,1097,1097,37,37990,17717,23953362,2245,75,430,2819,4499287,4499185,102,118,73,90,164,6705029,4281463,94,125,2999,320,1172,0,86,0,926,8104763,2756,0,465,7,1,4,233,13,4,237,7,2,1,9
9501.93,1624980036377,50.012070539,1,0,0,5,10,4,5,80,2,0,0,0,66,67,6594323,0,34,2,116,18270,2369024,22545,0,1,193605,140115,55052,55967,20709,12160,20778,11779,58,1142,1143,64,37674,17730,23366412,2281,75,429,2821,4476381,4476292,102,118,75,87,160,6594131,4259421,91,125,3041,323,1197,11,86,2,959,8345211,2904,0,450,8,1,4,227,13,4,231,8,2,1,10
9551.94,1624980093298,50.011780596,1,0,0,5,10,4,5,97,2,0,0,0,60,83,6535766,0,27,2,116,12134,2287857,23791,0,1,196181,142052,59177,60094,24027,13767,24057,13323,58,1093,1093,33,43205,20857,22954176,2245,79,428,2826,4503353,4503256,102,118,79,90,168,6535549,4280704,93,129,3172,336,1411,0,90,0,923,8181545,2985,0,509,8,1,4,257,16,4,261,8,2,1,10
9601.95,1624980150504,50.009036972,1,0,0,5,10,4,5,79,2,0,0,0,92,88,6648976,0,25,2,116,16426,2413330,22935,0,1,196178,142063,58654,59500,23899,14079,23971,13984,58,1091,1091,33,42978,20756,23668204,2241,75,429,2825,4490953,4490852,102,118,74,88,164,6648760,4268814,93,125,3163,333,1402,0,87,0,921,8320252,3015,0,485,8,1,4,262,16,4,266,8,2,1,10
9651.96,1624980207338,50.009072830,1,0,0,5,10,4,5,64,2,0,0,0,34,53,6560012,0,26,2,116,11969,2291948,21259,0,1,192407,139132,54439,55360,20546,11651,20632,11307,58,1090,1090,33,37199,17602,22983390,2239,73,425,2819,4515368,4515270,102,118,71,85,160,6559833,4300577,93,123,2993,320,1167,0,84,0,916,8041318,2834,0,454,8,1,4,225,13,4,229,8,2,1,10
9701.97,1624980264803,50.009124484,1,0,0,5,10,4,5,90,2,0,0,0,4,52,6523883,0,27,2,116,15629,2274905,20610,0,1,194717,140946,57876,58092,23746,13415,21198,10614,58,1084,1084,33,41830,20692,22899425,2227,75,427,2824,4502181,4502088,102,118,73,84,161,6523737,4281255,93,124,3132,325,1387,0,85,0,914,7821900,2703,0,425,8,1,4,230,13,4,234,8,2,1,10
9751.98,1624980321558,50.009164212,1,0,0,5,10,4,5,88,2,0,0,0,30,62,6518070,0,28,2,116,10236,2266603,22928,0,1,196468,142297,60442,61289,24183,13927,24235,13606,58,1093,1093,37,43966,20985,22839734,2237,82,427,2824,4508991,4508871,102,118,80,93,172,6517791,4284391,94,131,3166,329,1411,0,93,0,915,7954179,2859,0,476,8,1,4,262,16,4,266,8,2,1,10
9801.99,1624980378459,50.009067499,1,0,0,5,10,4,5,80,2,0,0,0,46,51,6472467,0,27,2,116,10459,2249736,22670,0,1,195511,141548,58047,58915,23724,14673,23780,14614,58,1094,1094,37,42883,20685,22673892,2239,73,425,2825,4478286,4478187,102,118,72,85,159,6472261,4256280,90,122,3161,331,1403,0,84,0,920,8043550,2895,0,496,8,1,4,261,16,4,265,8,2,1,10
9852,1624980435161,50.009332332,1,0,0,5,10,4,5,62,2,0,0,0,18,79,6520233,0,28,2,116,6677,2253959,22670,0,1,193664,140096,55973,56976,21692,12125,20892,11118,58,1101,1101,37,37904,18674,22748330,2253,75,426,2820,4515589,4515494,102,117,73,86,164,6519998,4297646,94,125,3008,323,1168,0,86,0,923,8026486,2756,0,448,6,1,4,229,13,4,233,2,2,1,6
9902.01,1624980492032,50.008786443,1,0,0,5,10,4,5,90,2,0,0,0,18,36,6730308,0,27,2,116,3678,2469943,23283,0,1,195789,141731,58178,58240,23779,14142,21223,11622,58,1095,1095,33,42758,20703,24058858,2249,74,427,2826,4515596,4515498,102,118,73,86,161,6729940,4294010,93,124,3164,333,1386,0,86,0,924,8191243,2834,0,449,6,1,4,224,13,4,228,2,2,1,6
9952.02,1624980548938,50.010479134,1,0,0,5,10,4,5,101,2,0,0,0,43,91,6421361,0,49,2,116,23237,2188061,21422,0,1,195570,141557,59143,59919,23988,14146,24032,13796,58,1091,1091,33,43302,20854,22346455,2241,79,430,5385,4490140,4490044,102,117,78,90,168,6421239,4265364,93,129,3193,333,1406,0,90,0,915,7626904,2941,0,480,6,1,4,262,16,4,266,2,2,1,6
10002,1624980606065,50.008775140,1,0,0,5,10,4,5,95,2,0,0,0,46,49,6638954,0,26,2,114,14240,2384572,22496,0,1,196012,141866,59002,59698,24083,13924,24096,13512,57,1089,1089,33,43229,20867,23515451,2237,79,427,2824,4509496,4509384,100,116,78,90,168,6638581,4287202,93,129,3167,329,1403,0,90,0,916,8203982,2924,0,480,6,1,4,255,16,4,259,2,2,1,6
10052,1624980662873,50.009043394,1,0,0,5,10,4,5,64,2,0,0,0,16,64,6492219,0,31,2,116,15977,2236983,22679,0,1,192839,139507,56435,57294,20925,11845,21025,11716,58,1136,1137,64,38362,17892,22650685,2269,76,424,2820,4506035,4505935,102,118,74,88,166,6491965,4288213,95,126,3021,320,1183,11,87,2,955,7765920,2814,0,434,6,1,4,232,13,4,236,2,2,1,6
10102,1624980719683,50.009323426,1,0,0,5,10,4,5,80,2,0,0,0,2,65,6504846,0,30,2,116,17801,2240560,23354,0,1,196008,141913,60068,61002,24067,13957,24162,13450,58,1096,1096,37,43811,20891,22731298,2243,78,425,2825,4520950,4520856,102,118,76,90,168,6504633,4296657,94,127,3171,333,1409,0,90,0,926,7813675,2844,0,464,6,1,4,253,16,4,257,2,2,1,6
10152,1624980776702,50.009140949,1,0,0,5,10,4,5,80,2,0,0,0,6,51,6464723,0,29,2,116,15633,2213144,22881,0,1,195538,141588,60056,60888,24078,14081,24125,13764,58,1096,1097,37,43767,20884,22548213,2242,77,423,2825,4507357,4507261,102,118,76,91,168,6464566,4283400,94,127,3169,332,1411,0,90,0,919,8047032,2799,0,449,6,1,4,257,16,4,261,2,2,1,6
10202,1624980833520,50.009224726,1,0,0,5,10,4,5,89,2,0,0,0,32,69,6606199,0,31,2,116,9746,2335200,22194,0,1,196210,142005,59235,60102,24036,13989,24093,13670,58,1094,1094,33,43256,20869,23288451,2247,81,427,2826,4524389,4524292,102,118,78,91,168,6606121,4301277,93,129,3177,337,1404,0,91,0,923,8127723,2849,0,463,6,1,4,273,16,4,277,2,2,1,6
10252,1624980890311,50.009097693,1,0,0,5,10,4,5,102,2,0,0,0,72,59,6708672,0,31,2,116,23449,2460603,22708,0,1,193906,140302,55935,56770,20995,11315,21043,10898,58,1094,1094,33,37854,17892,23991297,2247,84,433,2819,4498716,4498613,102,120,83,95,172,6708546,4281792,93,135,3008,320,1171,0,96,0,919,8457076,2955,0,461,6,1,4,232,13,4,236,2,2,1,6
10302,1624980946845,50.009234263,1,0,0,5,10,4,5,82,2,0,0,0,8,51,6404985,0,34,2,116,14466,2170350,21024,0,1,195102,141492,58085,58433,23445,12918,21293,11087,58,1138,1139,60,40748,20375,22211542,2281,79,426,2827,4487315,4487216,102,118,77,88,166,6404776,4266704,94,128,3058,332,1210,11,89,2,949,7696573,2756,0,448,6,1,4,236,13,4,240,2,2,1,6
10352,1624981003710,50.009236543,1,0,0,5,10,4,5,103,2,0,0,0,26,62,6591597,0,28,2,116,15710,2323976,22348,0,1,195736,141751,60018,60771,24033,14238,24102,13638,58,1092,1092,37,43774,20885,23231177,2235,78,425,2824,4524084,4523984,102,119,76,89,168,6591480,4300283,94,127,3158,330,1399,0,89,0,920,8040428,2851,0,476,6,1,4,264,16,4,268,2,2,1,6
10402,1624981060792,50.009158619,1,0,0,5,10,4,5,80,2,0,0,0,40,103,6464672,0,26,2,116,27180,2251829,21735,0,1,195773,141807,60073,60932,24027,13514,24086,13575,58,1093,1093,37,43827,20897,22717133,2237,78,425,2824,4469843,4469744,102,120,76,89,168,6464513,4245896,94,127,3160,329,1404,0,90,0,918,7922383,2903,0,458,6,1,4,259,16,4,263,2,2,1,6
10452,1624981117961,50.009050068,1,0,0,5,10,4,5,64,2,0,0,0,14,32,6685101,0,27,2,116,11462,2414781,22011,0,1,193811,140219,56038,57048,22808,13135,23884,14110,58,1099,1099,37,38104,19796,23757284,2249,75,427,2820,4521651,4521525,102,119,73,89,164,6684911,4303111,94,125,3001,319,1170,0,88,0,927,8400265,2761,0,448,6,1,4,235,13,4,239,2,2,1,6
10502,1624981174215,50.009677406,1,0,0,5,10,4,5,78,2,0,0,0,10,61,6433976,0,27,2,116,9619,2212006,22501,0,1,194533,140770,58759,59919,23924,13670,24050,13826,58,1087,1087,33,43038,20789,22448171,2233,76,427,2826,4476231,4476139,102,120,74,96,164,6433847,4254844,93,125,3155,336,1407,0,87,0,919,7879335,2827,0,465,6,1,4,261,16,4,265,2,2,1,6
10552,1624981230985,50.009297951,1,0,0,5,10,4,5,100,2,0,0,0,76,74,6454606,0,27,2,116,8580,2214816,22911,0,1,196452,142266,59211,60058,24023,13516,24095,13449,58,1093,1093,33,43197,20849,22505013,2245,80,429,2826,4493473,4493376,102,118,78,90,168,6454486,4270776,93,129,3177,336,1412,0,90,0,916,8038942,2981,0,500,6,1,4,263,16,4,267,2,2,1,6
10602,1624981287502,50.011769654,1,0,0,5,10,4,5,82,2,0,0,0,35,62,6558358,0,27,2,116,11463,2299441,23194,0,1,196002,141847,58646,59386,23856,13605,23918,13103,58,1091,1091,32,43000,20770,23071122,2243,76,427,2825,4512591,4512490,102,117,74,86,164,6558144,4290276,93,125,3168,333,1405,0,86,0,917,8000402,2833,0,475,6,1,4,249,16,4,253,2,2,1,6
10652,1624981344957,50.010031490,1,0,0,5,10,4,5,94,2,0,0,0,24,43,6597336,0,30,2,116,5809,2404648,22765,0,1,193866,140239,55779,56683,20727,11340,20793,10992,58,1096,1096,37,37961,17711,23490824,2243,75,427,2818,4444274,4444178,102,118,73,88,164,6597165,4226248,94,125,3003,316,1173,0,87,0,925,8120902,2774,0,427,6,1,4,240,13,4,244,2,2,1,6
10702,1624981401856,50.009133546,1,0,0,5,10,4,5,100,2,0,0,0,14,63,6516979,0,28,2,116,8246,2296470,23405,0,1,194878,141104,59968,60816,24054,13610,24135,13607,58,1090,1090,37,43792,20909,22944796,2231,78,423,2824,4476348,4476250,102,118,76,92,168,6516827,4253400,94,127,3153,329,1400,0,90,0,920,8007316,2846,0,460,6,1,4,264,16,4,268,2,2,1,6
10752,1624981458470,50.012005129,1,0,0,5,10,4,5,82,2,0,0,0,28,66,6736329,0,43,2,116,12007,2466000,22881,0,1,196428,142240,60158,61041,24036,14084,24111,13638,58,1101,1101,37,43749,20883,24076497,2253,78,431,2825,4528343,4528250,102,118,77,89,168,6736066,4304023,94,127,3195,333,1405,0,90,0,922,8562089,2884,0,460,6,1,4,253,16,4,257,2,2,1,6
10802,1624981515325,50.009952498,1,0,0,5,10,4,5,92,2,0,0,0,22,75,6349378,0,25,2,116,22445,2133926,22374,0,1,194235,140474,57068,58461,20989,11753,23633,14142,58,1103,1103,37,38460,17903,21989121,2257,80,426,2820,4466611,4466506,102,118,78,93,171,6349290,4246959,94,130,3030,326,1194,0,92,0,923,7809723,2800,0,447,6,1,4,255,16,4,259,2,2,1,6
10852,1624981571876,50.009893319,1,0,0,5,10,4,5,64,2,0,0,0,2,46,6401057,0,35,2,116,9815,2201832,21736,0,1,193448,139834,55286,56158,20763,11245,20820,11024,58,1142,1143,60,37609,17794,22330344,2289,74,427,2822,4444817,4444726,102,118,72,84,162,6400857,4227792,94,124,3050,328,1194,11,84,2,959,7877422,2737,0,421,6,1,4,225,13,4,229,2,2,1,6
10902,1624981628781,50.008643759,1,0,0,5,10,4,5,78,2,0,0,0,4,55,6490036,0,28,2,116,14122,2250866,21046,0,1,195740,141615,58671,59126,23851,13733,23851,13324,58,1091,1091,33,42954,20757,22739258,2241,74,425,2825,4494468,4494375,102,118,74,87,164,6489869,4271943,93,125,3165,334,1407,0,87,0,920,8087283,2731,0,431,6,1,4,255,16,4,259,2,2,1,6
10952,1624981685334,50.008704909,1,0,0,5,10,4,5,93,2,0,0,0,0,86,6311207,0,27,2,114,16612,2115218,21643,0,1,194095,140419,58825,59600,23919,13923,23984,13733,57,1083,1083,35,43357,20822,21857087,2221,75,421,2824,4444062,4443953,100,116,74,89,164,6310782,4223068,94,127,3144,329,1406,0,87,0,911,7813834,2770,0,463,6,1,4,251,16,4,255,2,2,1,6
11002,1624981742139,50.009771407,1,0,0,5,10,4,5,77,2,0,0,0,28,55,6316640,0,27,2,116,14817,2129209,22342,0,1,192880,139542,55828,56692,20713,10741,20785,10394,58,1093,1093,37,38007,17704,21870579,2237,75,424,2818,4438012,4437910,102,118,73,88,164,6316450,4220852,94,125,2987,316,1159,0,86,0,921,7901872,2764,0,429,6,1,4,230,13,4,234,2,2,1,6
11052,1624981799051,50.011423231,1,0,0,5,10,4,5,100,2,0,0,0,31,50,6500549,0,30,2,116,23906,2261128,22602,0,1,195229,141699,58963,59321,22495,12203,21426,11024,58,1096,1096,37,40245,19267,22809232,2243,88,425,5385,4494514,4494402,102,117,86,99,176,6500358,4270974,94,137,3021,327,1190,0,101,0,921,8184214,2845,0,460,6,1,4,230,13,4,234,2,2,1,6
11102,1624981856328,50.009024000,1,0,0,5,10,4,5,96,2,0,0,0,2,62,6502298,0,35,2,116,9196,2252375,22807,0,1,196146,141968,59395,60344,24011,13864,24106,13576,58,1145,1146,64,43530,20922,22768143,2287,79,425,2828,4503194,4503089,102,118,77,99,165,6502076,4278858,91,127,3219,339,1434,11,89,2,960,8037089,2913,0,476,6,1,4,251,16,4,255,2,2,1,5
11152,1624981912782,50.008964998,1,0,0,5,10,4,5,80,2,0,0,0,6,82,6349948,0,25,2,116,8794,2137816,23238,0,1,195977,141784,58770,59437,23886,13765,23876,13670,58,1093,1093,33,42979,20773,21971480,2245,75,425,2826,4468574,4468479,102,118,74,86,164,6349787,4245839,93,125,3174,336,1414,0,86,0,921,7911311,2783,0,460,4,1,4,252,16,4,256,2,2,1,4
11202,1624981969667,50.009236166,1,0,0,5,10,4,5,76,2,0,0,0,92,40,6898336,0,30,2,116,4433,2645663,23049,0,1,193791,140220,55417,56256,20845,11250,20913,11024,58,1093,1093,33,37638,17807,25071303,2245,79,430,2819,4501846,4501742,102,117,79,92,168,6898120,4285504,93,131,3003,320,1161,0,91,0,922,8575884,3066,0,509,6,1,4,227,13,4,231,2,2,1,6
11252,1624982026484,50.008737285,1,0,0,5,10,4,5,89,2,0,0,0,8,72,6330967,0,30,2,116,15271,2121955,22572,0,1,195219,141513,57757,57729,23750,13574,21175,10961,58,1092,1092,33,41811,20677,21886305,2243,74,426,2824,4459559,4459461,102,118,73,84,161,6330633,4239500,93,124,3036,324,1207,0,85,0,916,7916699,2780,0,440,6,1,4,249,13,4,253,2,2,1,6
11302,1624982082952,50.008745897,1,0,0,5,10,4,5,86,2,0,0,0,36,41,6550524,0,27,2,116,7509,2306442,22329,0,1,196524,142317,59977,60607,24074,14020,24063,13953,58,1097,1097,37,43779,20871,23078255,2245,77,431,2824,4498501,4498399,102,118,76,89,168,6550173,4274341,94,127,3168,329,1402,0,90,0,922,7922204,2892,0,490,6,1,4,258,16,4,262,2,2,1,6
11352,1624982139906,50.009179740,1,0,0,5,10,4,5,94,2,0,0,0,36,78,6735973,0,34,2,116,17710,2485223,24034,0,1,196268,142163,60818,61623,24259,13552,24326,13575,58,1140,1141,64,44169,21060,24144682,2277,79,427,2827,4509094,4508994,102,118,77,92,170,6735821,4284112,95,128,3205,337,1431,11,92,2,959,8404573,2937,0,491,6,1,4,254,16,4,258,2,2,1,6
11402,1624982196982,50.008801583,1,0,0,5,10,4,5,74,2,0,0,0,48,63,6631486,0,27,2,116,19031,2401432,21731,0,1,194025,140410,55977,56568,20738,11433,20746,11119,58,1097,1097,37,37939,17738,23587594,2245,74,428,2820,4481525,4481426,102,118,73,86,164,6631188,4263574,94,125,2998,323,1166,0,86,0,931,8174229,2857,0,455,6,1,4,238,13,4,242,2,2,1,6
11452,1624982254601,50.009227677,1,0,0,5,10,4,5,82,2,0,0,0,28,41,6509131,0,27,2,116,18580,2266036,22014,0,1,196084,141922,59227,60180,23989,13642,24104,13732,58,1092,1092,33,43241,20872,22825660,2243,80,426,2826,4499788,4499689,102,118,78,92,168,6508926,4276849,93,129,3170,336,1408,0,91,0,914,8095106,2828,0,463,6,1,4,258,16,4,262,2,2,1,6
11502,1624982311240,50.008751014,1,0,0,5,10,4,5,80,2,0,0,0,32,54,6405590,0,26,2,114,16639,2172884,22012,0,1,193640,140188,58699,59334,23821,13951,23851,13449,57,1079,1079,33,42980,20745,22256639,2217,74,421,2826,4486485,4486385,100,116,74,86,164,6405268,4266133,93,125,3140,337,1411,0,86,0,911,7927857,2822,0,477,6,1,4,251,16,4,255,2,2,1,6
11552,1624982368351,50.009764115,1,0,0,5,10,4,5,72,2,0,0,0,24,56,6425147,0,40,2,116,19596,2208891,21993,0,1,192853,139114,56232,57728,21330,12064,23611,13638,58,1084,1084,33,40160,18303,22427687,2229,75,428,2818,4463088,4462993,102,118,73,87,164,6425003,4245240,93,125,3147,321,1378,0,85,0,913,7819820,2831,0,481,8,1,4,257,16,4,261,8,2,1,10
11602,1624982425324,50.008725354,1,0,0,5,10,4,5,68,2,0,0,0,78,64,6478232,0,27,2,114,28347,2261015,21889,0,1,194144,140537,56216,56962,20863,11185,20907,11055,57,1094,1094,37,38134,17807,22742956,2239,77,429,2818,4469622,4469519,100,117,77,93,168,6477898,4251416,94,129,2996,316,1170,0,91,0,918,7939557,2920,0,467,8,1,4,238,13,4,242,8,2,1,10
11652,1624982482182,50.009366740,1,0,0,5,10,4,5,101,2,0,0,0,28,57,6694914,0,33,2,116,14962,2457685,23260,0,1,196573,142370,60687,61506,24222,13613,24287,13323,58,1140,1141,64,44144,21064,23957684,2277,79,427,2826,4495609,4495504,102,118,77,90,170,6694693,4270447,95,128,3204,333,1434,11,91,2,966,8431304,2961,0,486,8,1,4,268,16,4,272,8,2,1,10
11702,1624982538804,50.008760303,1,0,0,5,10,4,5,91,2,0,0,0,16,66,6538218,0,50,2,116,7763,2285647,22547,0,1,195124,141295,60201,60692,24071,13581,24081,13512,58,1094,1094,37,43729,20892,22953769,2239,77,424,5386,4510237,4510129,102,118,76,90,168,6537790,4284322,94,127,3191,345,1419,0,90,0,926,8168648,2824,0,471,8,1,4,262,16,4,266,8,2,1,10
11752,1624982596019,50.016758686,1,0,0,5,10,4,5,66,2,0,0,0,29,55,6276853,0,27,2,116,8614,2068949,21015,0,1,194131,140462,56434,57299,20866,11471,20926,11213,58,1102,1102,37,38166,17807,21540214,2255,79,428,2820,4459194,4459098,102,118,78,90,168,6276630,4240507,94,129,3011,323,1167,0,90,0,927,7633295,2776,0,467,8,1,4,239,13,4,243,8,2,1,10
11802,1624982652676,50.008805833,1,0,0,5,10,4,5,78,2,0,0,0,22,40,6778723,0,27,2,116,10807,2535522,23038,0,1,193594,139954,55003,55665,20699,11433,20732,11276,58,1094,1094,33,37424,17699,24392439,2247,76,431,2820,4493460,4493346,102,118,75,88,164,6778267,4277038,93,127,3001,323,1163,0,87,0,924,8554167,2822,0,459,8,1,4,234,13,4,238,8,2,1,10
11852,1624982709574,50.009290832,1,0,0,5,10,4,5,84,2,0,0,0,60,69,6490275,0,50,2,116,22891,2263953,22426,0,1,195224,141330,59143,60053,24007,13676,24080,13354,58,1087,1087,33,43197,20865,22811406,2233,79,426,2825,4477215,4477116,102,117,78,91,168,6490090,4255446,93,129,3190,342,1415,0,90,0,912,8047748,2976,0,511,8,1,4,249,16,4,253,8,2,1,10
11902,1624982766015,50.011357615,1,0,0,5,10,4,5,88,2,0,0,0,28,86,6457704,0,31,2,116,8700,2245404,23114,0,1,195982,141830,59249,60089,24058,13610,24141,13700,58,1134,1135,60,43414,20969,22635024,2273,77,427,2826,4467744,4467650,102,118,76,88,166,6457409,4244780,94,126,3199,333,1425,11,89,2,946,8006116,2929,0,500,8,1,4,257,16,4,261,8,2,1,10
11952,1624982823102,50.008771134,1,0,0,5,10,4,5,75,2,0,0,0,88,47,6963812,0,28,2,116,15018,2710326,22950,0,1,193193,139866,55718,56321,20701,11401,20715,10929,58,1092,1092,37,37967,17715,25460548,2235,74,428,2818,4502842,4502741,102,118,73,86,164,6963452,4286242,94,125,2983,317,1161,0,86,0,916,8984298,2953,0,488,8,1,4,237,13,4,241,8,2,1,10
12002,1624982880341,50.009166677,1,0,0,5,10,4,5,64,2,0,0,0,18,60,6478520,0,28,2,116,21020,2228675,22650,0,1,192928,139569,55858,56730,20699,11464,20782,11370,58,1098,1098,37,37970,17699,22596594,2247,75,425,2819,4496962,4496866,102,118,73,88,164,6478307,4279587,94,125,3000,320,1166,0,87,0,920,8064600,2784,0,484,8,1,4,237,13,4,241,8,2,1,10
12052,1624982937494,50.009081879,1,0,0,5,10,4,5,88,2,0,0,0,22,58,6565349,0,30,2,116,20194,2312847,22917,0,1,195853,141846,60652,61469,25100,14211,24237,13165,58,1102,1102,37,44062,21932,23140096,2255,82,425,2826,4510234,4510131,102,118,80,93,172,6565183,4285782,94,131,3180,337,1409,0,93,0,924,8253925,2842,0,482,8,1,4,259,16,4,263,8,2,1,10
12102,1624982994309,50.034068422,1,0,0,5,10,4,5,100,2,0,0,0,10,68,6426641,0,29,2,116,17886,2205675,21589,0,1,195574,141531,59803,60667,24252,14211,24213,13607,58,1094,1094,33,43639,21051,22430637,2247,84,424,2826,4477195,4477088,102,118,83,95,173,6426429,4254157,93,133,3181,336,1409,0,94,0,916,8019878,2788,0,468,8,1,4,271,16,4,275,8,2,1,10
12152,1624983050819,50.009161867,1,0,0,5,10,4,5,74,2,0,0,0,6,50,6552493,0,35,2,116,18254,2304286,21600,0,1,192580,139195,55137,55991,20756,11433,20812,11213,58,1136,1137,60,37619,17763,23032095,2277,74,425,2821,4497545,4497452,102,118,72,85,162,6552317,4281523,94,124,3036,324,1187,11,85,2,951,7921779,2774,0,446,8,1,4,221,13,4,225,8,2,1,10
12202,1624983107372,50.009247397,1,0,0,5,10,4,5,86,2,0,0,0,26,68,6533397,0,29,2,116,18794,2277854,22575,0,1,191708,138595,54745,55566,20695,10902,20740,10803,58,1085,1085,33,37436,17687,22902234,2229,77,423,2818,4498313,4498219,102,118,75,88,164,6533161,4283759,93,127,2982,316,1157,0,88,0,909,8231914,2742,0,428,6,1,4,233,13,4,237,2,2,1,5
12252,1624983164046,50.009442609,1,0,0,5,10,4,5,80,2,0,0,0,2,49,6439792,0,25,2,116,5035,2226249,21455,0,1,195850,141706,57927,58889,23610,13606,23706,13481,58,1095,1095,37,42905,20610,22506292,2241,74,425,2824,4469083,4468993,102,118,72,88,159,6439588,4246581,90,122,3160,328,1401,0,85,0,913,7910929,2782,0,474,8,1,4,247,16,4,251,8,2,1,10
12302,1624983220785,50.009004138,1,0,0,5,10,4,5,107,2,0,0,0,44,87,6566341,0,25,2,116,9314,2311913,22619,0,1,196517,142343,60072,60855,24029,12981,24100,12820,58,1095,1095,37,43771,20886,23107944,2241,77,427,2825,4506936,4506841,102,118,76,89,168,6566124,4282295,94,127,3165,332,1406,0,89,0,923,8287411,2866,0,464,7,1,4,256,16,4,260,7,2,1,9
12352,1624983277590,50.009093786,1,0,0,5,10,4,5,73,2,0,0,0,30,58,6585023,0,42,2,116,24679,2317503,21983,0,1,193354,139913,56011,56848,20745,11435,20797,11244,58,1100,1100,37,38006,17729,23171406,2251,74,430,2820,4515540,4515443,102,118,73,86,164,6584894,4297966,94,125,3020,323,1171,0,86,0,922,8190980,2870,0,460,8,1,4,237,13,4,241,8,2,1,10
12402,1624983334810,50.010556847,1,0,0,5,10,4,5,75,2,0,0,0,28,54,6401645,0,27,2,114,16302,2175600,20845,0,1,193519,139923,54876,55482,20638,11716,20627,11244,57,1093,1093,33,37287,17640,22220586,2245,74,427,2820,4472389,4472282,100,116,74,87,162,6401455,4256102,91,125,3005,323,1170,0,85,0,917,7949164,2760,0,450,8,1,4,229,13,4,233,8,2,1,10
12452,1624983391821,50.009122326,1,0,0,5,10,4,5,88,2,0,0,0,14,67,6334957,0,33,2,116,23280,2158794,21348,0,1,194846,141038,61223,61842,24479,13272,24504,13040,58,1130,1131,60,44158,21212,22097852,2265,84,423,2828,4426377,4426259,102,118,83,97,177,6334534,4202587,96,135,3200,342,1431,11,97,2,954,7699729,2886,0,470,7,1,4,259,16,4,263,7,2,1,9
12502,1624983448786,50.009175670,1,0,0,5,10,4,5,96,2,0,0,0,74,73,6618057,0,27,2,116,11602,2374330,22578,0,1,196476,142258,59070,59946,23968,13328,24047,13292,58,1092,1092,33,43228,20870,23449915,2243,79,429,2824,4500398,4500293,102,118,78,92,168,6617823,4277359,93,129,3163,329,1399,0,92,0,915,8356183,3017,0,503,4,1,4,250,16,4,254,2,2,1,4
12552,1624983505800,50.008782510,1,0,0,5,10,4,5,77,2,0,0,0,8,53,6636987,0,28,2,116,16095,2398633,23292,0,1,193924,140272,56275,56883,20859,11091,20878,10772,58,1098,1098,37,38203,17811,23582442,2247,78,426,2818,4491071,4490960,102,118,77,91,168,6636628,4272282,94,129,3001,316,1168,0,90,0,927,8302482,2787,0,441,6,1,4,243,13,4,247,2,2,1,6
12602,1624983563062,50.011779921,1,0,0,5,10,4,5,77,2,0,0,0,2,62,6622464,0,27,2,116,11231,2350262,22425,0,1,195427,141773,57593,58113,24082,13767,23983,13890,58,1100,1100,37,39734,21001,23366437,2250,76,430,2825,4525348,4525258,102,118,74,88,164,6622209,4305030,94,125,3018,324,1189,0,88,0,925,8155208,2753,0,429,6,1,4,227,13,4,231,2,2,1,6
12652,1624983619387,50.011338701,1,0,0,5,10,4,5,88,2,0,0,0,18,73,6271186,0,25,2,116,18241,2059467,22038,0,1,196031,141998,60700,61376,24158,13896,24177,13481,58,1098,1098,37,43976,20987,21531870,2247,81,425,2826,4468979,4468869,102,118,80,94,172,6270903,4243963,94,131,3180,336,1423,0,93,0,922,7526271,2822,0,454,6,1,4,260,16,4,264,2,2,1,6
12702,1624983675980,50.008815602,1,0,0,5,10,4,5,80,2,0,0,0,32,63,6605544,0,31,2,116,16282,2371369,23185,0,1,195635,141624,59467,60122,24113,13957,24129,13764,58,1135,1136,60,43372,20949,23457490,2275,76,426,2828,4487913,4487812,102,118,75,88,166,6605218,4264991,94,126,3204,340,1439,11,88,2,961,8130913,2970,0,476,6,1,4,263,16,4,267,2,2,1,6
12752,1624983732681,50.009312528,1,0,0,5,10,4,5,94,2,0,0,0,62,52,6563883,0,27,2,116,17306,2325320,23108,0,1,192131,138977,54526,55385,20541,11082,20585,11023,58,1089,1089,33,37217,17600,23125196,2237,73,425,2820,4487053,4486968,102,118,71,84,160,6563784,4272371,93,123,2993,323,1166,0,83,0,916,8268887,2895,0,460,6,1,4,225,13,4,229,2,2,1,6
12802,1624983789028,50.009132691,1,0,0,5,10,4,5,64,2,0,0,0,42,60,6489662,0,27,2,114,11891,2267334,21789,0,1,192540,139218,54344,55303,20567,11555,20646,11339,57,1085,1085,33,37236,17608,22772251,2229,73,425,5378,4467193,4467103,100,116,71,85,160,6489538,4249850,93,123,2979,316,1159,0,84,0,910,8061610,2856,0,466,6,1,4,238,13,4,242,2,2,1,6
12852,1624983846208,50.009295274,1,0,0,5,10,4,5,90,2,0,0,0,42,68,6431025,0,28,2,116,15713,2199674,22562,0,1,195978,141939,59984,60884,24071,13860,24138,13670,58,1094,1094,37,43761,20890,22410843,2239,77,430,2824,4487375,4487276,102,117,76,91,168,6430908,4263521,94,127,3161,330,1402,0,89,0,919,7923328,2938,0,489,6,1,4,272,16,4,276,2,2,1,6
12902,1624983903186,50.009148440,1,0,0,5,10,4,5,119,2,0,0,0,54,64,6607442,0,30,2,116,21438,2377312,22370,0,1,196029,142030,61363,62183,24463,13999,24500,13481,58,1091,1091,37,44401,21206,23481245,2233,89,425,2824,4484947,4484834,102,117,88,101,180,6607266,4260233,94,139,3161,329,1405,0,101,0,916,8304368,2979,0,504,6,1,4,267,16,4,271,2,2,1,6
12952,1624983960247,50.008711447,1,0,0,5,10,4,5,70,2,0,0,0,2,32,6387148,0,35,2,114,6263,2177641,20589,0,1,194168,140453,57126,57733,21081,11408,21102,11276,57,1149,1150,64,38518,17965,22198108,2295,79,426,2822,4460899,4460789,100,116,78,91,170,6386761,4241183,95,130,3055,327,1192,11,91,2,959,7868234,2837,0,451,6,1,4,230,13,4,234,2,2,1,6
13002,1624984017129,50.009049833,1,0,0,5,10,4,5,76,2,0,0,0,0,59,6411362,0,30,2,116,14341,2182675,22317,0,1,193227,139834,57718,57696,21080,11631,21007,11402,58,1097,1097,37,38653,17985,22280554,2245,81,424,2824,4479233,4479129,102,118,81,95,172,6411176,4260297,94,133,3020,331,1186,0,96,0,924,7865690,2810,0,438,6,1,4,241,13,4,245,2,2,1,6
13052,1624984074203,50.008679301,1,0,0,5,10,4,5,87,2,0,0,0,6,87,6455419,0,27,2,116,18376,2242234,22060,0,1,195474,141427,59152,59836,24030,13833,24046,13481,58,1090,1090,33,43231,20856,22632141,2239,78,424,2826,4463673,4463569,102,118,78,92,168,6455224,4241354,93,129,3165,336,1404,0,92,0,915,7966871,2758,0,478,6,1,4,259,16,4,263,2,2,1,6
13102,1624984130643,50.008755221,1,0,0,5,10,4,5,83,2,0,0,0,28,68,6647509,0,25,2,116,10223,2379332,22756,0,1,196119,141909,58551,59158,23854,13448,23857,13229,58,1091,1091,33,42995,20772,23528444,2241,75,426,2824,4523174,4523071,102,118,74,86,164,6647162,4300808,93,125,3163,329,1399,0,86,0,917,8161397,2879,0,481,6,1,4,250,16,4,254,2,2,1,6
