time,timestamp,seconds,connectivity,alarmtimer:alarmtimer_fired,alarmtimer:alarmtimer_start,block:block_bio_backmerge,block:block_bio_remap,block:block_dirty_buffer,block:block_getrq,block:block_touch_buffer,block:block_unplug,cachefiles:cachefiles_create,cachefiles:cachefiles_lookup,cachefiles:cachefiles_mark_active,clk:clk_set_rate,cpu-migrations,cs,dma_fence:dma_fence_init,fib:fib_table_lookup,filemap:mm_filemap_add_to_page_cache,gpio:gpio_value,ipi:ipi_raise,irq:irq_handler_entry,irq:softirq_entry,jbd2:jbd2_handle_start,jbd2:jbd2_start_commit,kmem:kfree,kmem:kmalloc,kmem:kmem_cache_alloc,kmem:kmem_cache_free,kmem:mm_page_alloc,kmem:mm_page_alloc_zone_locked,kmem:mm_page_free,kmem:mm_page_pcpu_drain,mmc:mmc_request_start,net:net_dev_queue,net:net_dev_xmit,net:netif_rx,page-faults,pagemap:mm_lru_insertion,preemptirq:irq_enable,qdisc:qdisc_dequeue,random:get_random_bytes,random:mix_pool_bytes_nolock,random:urandom_read,raw_syscalls:sys_enter,raw_syscalls:sys_exit,rpm:rpm_resume,rpm:rpm_suspend,sched:sched_process_exec,sched:sched_process_free,sched:sched_process_wait,sched:sched_switch,sched:sched_wakeup,signal:signal_deliver,signal:signal_generate,skb:consume_skb,skb:kfree_skb,skb:skb_copy_datagram_iovec,sock:inet_sock_set_state,task:task_newtask,tcp:tcp_destroy_sock,tcp:tcp_probe,timer:hrtimer_start,timer:timer_start,udp:udp_fail_queue_rcv_skb,workqueue:workqueue_activate_work,writeback:global_dirty_state,writeback:sb_clear_inode_writeback,writeback:wbc_writepage,writeback:writeback_dirty_inode,writeback:writeback_dirty_inode_enqueue,writeback:writeback_dirty_page,writeback:writeback_mark_inode_dirty,writeback:writeback_pages_written,writeback:writeback_single_inode,writeback:writeback_write_inode,writeback:writeback_written
50.0087,1624901739678,50.008675878,1,0,0,10,32,773,22,1013,7,0,0,0,42,70,6649340,0,42,17,169,16568,2410655,22741,786,3,178702,129317,63648,63858,22497,11716,22296,11182,84,1049,1050,60,40657,19002,23661522,2103,100,391,2835,4479729,4479598,118,132,99,126,192,6648817,4269169,104,149,2610,338,1401,11,121,2,887,8375156,2943,0,558,7,7,5,1044,19,8,1052,7,5,4,11
100.018,1624901796849,50.009251087,1,0,0,9,22,1288,13,1507,8,0,0,0,2,55,6578238,0,44,9,148,13464,2316334,23665,1310,2,196210,142161,64855,65616,25043,13859,25091,13827,74,1099,1099,37,45078,21497,23190473,2253,106,428,5405,4523783,4523658,116,132,104,117,196,6578060,4292910,94,155,3186,332,1414,0,117,0,921,8259205,2905,0,512,8,6,5,1557,17,10,1567,8,3,2,10
150.027,1624901853730,50.009005467,1,0,0,9,22,1288,13,1510,8,0,0,0,86,37,6831049,0,39,9,148,12624,2578580,24995,1312,2,197176,142987,64515,65301,24933,13696,24976,13481,74,1101,1101,37,44849,21409,24740127,2253,102,429,2836,4512923,4512796,116,132,100,113,192,6830842,4284841,94,151,3185,336,1413,0,113,0,927,8736854,3141,0,555,10,6,5,1561,17,10,1571,10,3,2,13
200.037,1624901910807,50.009776773,1,0,0,9,22,1288,13,1469,8,0,0,0,54,77,6536891,0,38,9,148,16952,2294582,24233,1311,2,193688,140242,59731,60595,21428,11266,21490,11496,74,1100,1100,37,38853,18146,22973820,2251,95,427,2830,4496385,4496267,116,132,93,110,184,6536735,4275671,94,145,3012,325,1172,0,106,0,926,8180566,2991,0,513,11,6,5,1546,14,10,1556,10,3,2,13
250.046,1624901967083,50.009028195,1,0,0,9,23,1288,14,1446,9,0,0,0,26,59,6586445,0,38,9,152,8530,2350800,22908,1311,2,193427,139992,58401,58995,21020,11095,21081,10961,76,1100,1100,35,37982,17872,23283511,2255,85,425,2829,4488511,4488409,118,133,84,95,175,6586281,4268792,93,135,3013,320,1165,0,96,0,919,8407173,2814,0,498,10,10,9,1530,14,10,1540,10,5,3,15
300.055,1624902023990,50.009164494,1,0,0,6,22,2565,16,2831,12,0,0,0,44,56,6577117,0,50,12,160,10409,2321985,24956,2618,1,195989,141889,63915,64696,24626,13656,24661,13260,80,1138,1139,60,44051,21281,23194755,2281,92,427,2836,4514059,4513933,122,138,91,104,182,6576890,4287379,94,142,3224,333,1429,11,104,2,945,8230783,3017,0,521,8,11,5,2858,18,15,2873,8,3,2,11
350.065,1624902080780,50.010460912,1,0,0,9,22,1288,13,1446,8,0,0,0,51,41,6790651,0,31,9,148,5738,2528908,23475,1311,2,195592,141556,59926,60587,23865,13480,23875,13701,74,1087,1087,33,42865,20746,24420628,2233,75,430,2834,4518515,4518420,116,132,74,86,164,6790463,4295661,93,125,3157,329,1397,0,86,0,911,8552575,2935,0,498,9,6,5,1568,17,10,1578,9,3,2,11
400.074,1624902137555,50.008735706,1,0,0,9,22,1288,13,1439,9,0,0,0,2,55,6562068,0,34,9,148,9208,2312436,21479,1309,2,193704,139674,57218,58127,21149,11965,23403,13544,74,1091,1091,33,39310,18117,23041969,2241,72,424,2829,4501743,4501646,118,133,72,87,163,6561687,4281779,93,124,3151,324,1377,0,84,0,909,8111632,2770,0,471,10,10,8,1546,18,13,1559,6,4,2,9
450.083,1624902194783,50.009365185,1,0,0,9,22,1288,13,1438,8,0,0,0,36,52,6439689,0,40,9,148,14632,2210620,22501,1313,2,192555,139348,57839,58784,20827,11122,20900,10646,74,1099,1099,37,38056,17767,22444383,2249,79,425,2830,4481623,4481524,116,132,77,91,168,6439543,4263142,94,129,3009,324,1168,0,90,0,923,8071303,2880,0,479,10,6,5,1545,14,10,1555,10,3,2,13
500.096,1624902252014,50.012601854,1,0,0,10,23,1285,13,1449,8,0,0,0,42,72,6396068,0,36,9,148,13584,2164166,22863,1311,2,194957,141231,61987,62849,24180,14180,24244,13827,74,1096,1096,37,43809,20966,22217154,2243,81,424,2836,4485632,4485536,114,130,81,94,172,6395863,4260770,94,131,3173,336,1410,0,93,0,923,8004386,2925,0,497,8,6,5,1560,17,10,1570,8,3,2,10
550.105,1624902308961,50.009186991,1,0,0,10,25,1289,15,1460,8,0,0,0,30,66,6253581,0,37,11,152,12675,2085322,22477,1310,2,196537,142283,63620,64550,24331,14337,24446,14048,76,1102,1102,37,44170,21086,21620903,2255,79,426,2844,4427911,4427810,120,136,78,94,170,6253397,4200070,94,128,3221,342,1462,0,91,0,926,7728759,2898,0,512,9,6,5,1584,24,14,1598,9,3,2,12
600.114,1624902365508,50.009341590,1,0,0,9,22,1288,13,1450,8,0,0,0,54,48,6554202,0,47,9,148,10117,2301529,22513,1311,2,193070,139666,57819,58651,21186,11223,21235,10930,74,1138,1139,60,38135,18016,23034179,2281,86,427,2830,4500071,4499968,116,132,84,96,174,6553982,4281782,94,136,3042,320,1189,11,96,2,953,8298101,2997,0,482,10,6,5,1544,14,10,1554,10,3,2,13
650.124,1624902422365,50.009581826,1,0,0,9,22,1288,13,1443,8,0,0,0,70,46,6276932,0,35,9,148,12923,2087675,23454,1312,2,192648,139345,55656,56441,20563,12060,20593,11528,74,1092,1092,33,37065,17563,21637601,2243,73,431,2828,4434790,4434701,116,132,71,84,160,6276746,4218857,93,123,2999,316,1165,0,83,0,912,7880654,2912,0,468,9,6,5,1541,14,10,1551,9,3,2,12
700.133,1624902479635,50.008578737,1,0,0,9,23,1288,14,1445,9,0,0,0,16,46,6694093,0,37,9,152,14194,2429729,23586,1309,2,194284,140564,59856,60442,23890,13889,23881,13764,76,1084,1084,33,42844,20730,23835766,2227,74,423,2834,4518256,4518144,118,133,74,86,164,6693674,4296413,93,125,3150,336,1400,0,86,0,911,8473671,2836,0,502,9,10,9,1549,17,10,1559,9,4,2,13
750.142,1624902536729,50.009356824,1,0,0,6,17,1285,11,1443,7,0,0,0,26,57,6597370,0,39,7,142,8794,2341830,24681,1311,1,194977,141184,61501,62499,24012,13359,24125,13418,71,1100,1100,37,43629,20867,23313040,2251,78,424,5406,4513926,4513827,114,130,76,89,168,6597109,4286753,94,127,3184,336,1407,0,89,0,922,8321048,2878,0,501,8,6,5,1563,17,10,1573,8,3,2,10
800.152,1624902593425,50.010384483,1,0,0,9,22,1288,13,1440,8,0,0,0,47,69,6509887,0,51,9,148,8612,2269960,24019,1311,2,192770,139511,58209,58891,21018,11788,21064,11339,74,1100,1100,37,38272,17877,22810029,2251,82,426,2830,4490474,4490367,116,132,81,95,172,6509662,4271771,94,133,3024,323,1166,0,94,0,921,8186569,2901,0,492,8,6,5,1535,14,10,1545,8,3,2,10
850.161,1624902650573,50.009214330,1,0,0,9,22,1288,13,1451,8,0,0,0,60,64,6659505,0,43,9,148,25751,2438097,23127,1309,2,194761,141153,63151,63937,24548,14095,24559,13859,74,1138,1139,64,44432,21234,23833229,2273,87,424,2838,4479778,4479676,116,132,85,98,178,6659408,4254414,95,136,3214,340,1437,11,99,2,957,8294559,3066,0,533,10,6,5,1561,17,10,1571,10,3,2,13
900.172,1624902707768,50.010568919,1,0,0,9,22,1288,13,1459,8,0,0,0,15,64,6390657,0,39,9,148,15050,2173525,22404,1311,2,195966,141854,61294,61887,24010,13862,24021,13670,74,1101,1101,37,43556,20854,22233219,2253,77,429,2834,4474153,4474060,116,133,76,89,168,6390482,4248887,94,127,3182,329,1400,0,89,0,920,7843354,2850,0,487,10,6,5,1571,17,10,1581,10,4,3,14
950.182,1624902764946,50.009820287,1,0,0,6,17,1285,11,1438,7,0,0,0,22,52,6390243,0,33,7,140,10562,2162544,23490,1310,1,193826,139826,58921,60027,22903,13076,23836,13575,70,1087,1087,33,41732,19790,22175205,2233,79,425,2829,4480935,4480840,112,127,77,91,168,6390132,4259316,93,129,3140,321,1377,0,91,0,915,7901921,2809,0,483,9,6,5,1552,17,10,1562,8,3,2,11
1000.2,1624902821917,50.016740522,1,0,0,9,22,1288,13,1427,8,0,0,0,23,52,6500672,0,25,9,148,17574,2259069,22136,1312,2,191287,138284,55699,56538,20530,10988,20586,10992,74,1079,1079,33,37065,17584,22738820,2217,73,422,2828,4488760,4488668,116,132,72,83,160,6500394,4273546,93,123,2967,316,1156,0,83,0,913,8001896,2775,0,459,10,6,5,1533,14,10,1543,8,4,3,12
1050.21,1624902878635,50.008820627,1,0,0,10,25,1288,15,1458,9,0,0,0,2,47,6542310,0,33,9,156,6856,2266645,23749,1310,2,194662,140832,60843,61628,24154,13928,24216,13795,78,1089,1089,33,43276,20930,22900063,2237,83,422,2834,4529970,4529854,118,134,82,95,172,6541894,4306875,93,133,3162,329,1399,0,94,0,909,8120676,2814,0,483,12,7,8,1549,18,13,1562,4,4,2,12
1100.22,1624902935640,50.009399617,1,0,0,10,25,1288,15,1463,9,0,0,0,8,56,6407525,0,36,9,156,15562,2159310,22337,1312,2,196103,141952,61160,62059,24145,14402,24210,13953,78,1147,1148,64,43524,20964,22215231,2291,83,426,2838,4505666,4505566,118,134,81,94,169,6407354,4280057,91,131,3229,340,1438,11,93,2,958,7821773,2903,0,496,12,7,8,1551,18,13,1564,4,4,2,12
1150.23,1624902992812,50.009261304,1,0,0,9,22,1288,13,1434,9,0,0,0,10,72,6375259,0,33,9,148,15288,2118025,22675,1312,2,193195,139726,57270,58198,20755,12061,20806,11590,74,1101,1101,37,37826,17702,21974906,2253,75,429,2830,4500955,4500856,118,133,73,87,164,6375014,4282070,94,125,3010,323,1167,0,86,0,928,7853777,2844,0,475,9,10,8,1542,15,13,1555,3,4,2,9
1200.24,1624903049491,50.008663200,1,0,0,6,17,1285,11,1462,7,0,0,0,42,53,6617122,0,32,7,140,5927,2378121,23446,1311,1,194895,141467,60612,60637,23609,13926,21357,11622,70,1100,1100,37,41824,20402,23484746,2251,80,426,5406,4495849,4495734,112,128,79,92,169,6616693,4271151,94,130,3028,331,1189,0,92,0,926,8197196,2951,0,469,9,6,5,1542,14,10,1552,3,4,3,9
1250.25,1624903106288,50.009200177,1,0,0,10,25,1288,15,1445,9,0,0,0,0,40,6658150,0,31,9,156,8877,2393083,22847,1311,2,194974,140945,57840,59087,23475,14008,23618,14141,78,1089,1089,33,41966,20515,23599519,2237,72,424,2834,4519198,4519106,118,134,70,86,155,6657949,4297831,89,120,3160,328,1398,0,81,0,912,8214253,2777,0,462,12,7,8,1550,18,13,1563,4,4,2,12
1300.26,1624903162907,50.008633927,1,0,0,10,25,1288,15,1447,9,0,0,0,46,55,6794996,0,34,9,156,11017,2531579,22784,1310,2,195524,141502,60290,60825,24025,13452,24019,13166,78,1085,1086,33,43043,20843,24454962,2229,79,426,2834,4517488,4517376,118,134,78,90,168,6794557,4294395,93,129,3156,329,1397,0,90,0,910,8437536,2980,0,493,12,7,8,1559,18,13,1572,4,4,2,12
1350.27,1624903219685,50.008804182,1,0,0,10,25,1288,15,1433,9,0,0,0,0,32,6578060,0,27,9,156,12404,2305562,20758,1312,2,192432,139059,56136,56784,21652,12660,20703,11371,78,1083,1083,33,37356,18613,23078906,2225,76,423,2828,4522177,4522072,118,132,75,87,164,6577670,4305480,93,127,2982,316,1160,0,87,0,908,8182115,2728,0,455,12,7,8,1530,15,13,1543,4,4,2,12
1400.28,1624903276870,50.008530618,1,0,0,6,22,2565,16,2796,12,0,0,0,68,49,6633256,0,35,12,160,14705,2381987,23220,2624,1,193989,140786,59252,59443,22840,13445,20878,11213,80,1125,1126,55,39983,19867,23477687,2265,71,426,2836,4505520,4505414,122,138,71,82,158,6632793,4284746,91,121,3043,332,1207,7,83,2,950,8244615,3018,0,497,8,11,5,2834,15,15,2849,8,3,2,11
1450.29,1624903333638,50.009125579,1,0,0,9,22,1288,13,1459,8,0,0,0,28,76,6652317,0,29,9,148,13355,2394733,24381,1309,2,195907,141862,61528,62310,24071,13892,24128,13858,74,1099,1099,37,43696,20900,23623445,2249,77,426,2836,4513814,4513715,116,132,76,89,168,6652074,4288545,94,127,3177,336,1408,0,90,0,927,8440690,2890,0,495,9,6,5,1568,17,10,1578,9,3,2,11
1500.3,1624903390055,50.008519266,1,0,0,9,22,1288,13,1453,8,0,0,0,76,64,6654826,0,33,9,148,16865,2410387,22551,1312,2,195291,141507,61547,62052,24065,14429,24072,14268,74,1096,1096,37,43615,20862,23706593,2242,77,426,2836,4501325,4501216,116,130,76,90,168,6654471,4277071,94,127,3171,336,1408,0,90,0,924,8191742,3052,0,518,10,6,5,1543,17,10,1553,10,3,2,13
1550.31,1624903446579,50.010515361,1,0,0,9,22,1288,13,1423,8,0,0,0,34,63,6475935,0,31,9,148,8525,2248553,21898,1311,2,191732,138543,56277,57810,20659,11806,23334,13890,74,1081,1081,33,38004,17666,22666564,2221,74,423,2828,4472379,4472285,116,132,72,88,163,6475866,4256253,93,124,2988,319,1175,0,84,0,910,7985446,2851,0,485,10,6,5,1548,17,10,1558,10,3,2,13
1600.32,1624903503287,50.008946341,1,0,0,9,23,1288,14,1433,9,0,0,0,30,52,6375806,0,43,9,152,8147,2184303,21535,1311,2,191843,138696,56123,56786,20701,11150,20738,11180,76,1085,1085,33,37307,17663,22183205,2229,75,424,2828,4437846,4437743,118,134,75,88,164,6375458,4222046,93,127,2993,316,1157,0,87,0,912,7825408,2871,0,466,9,10,9,1527,14,10,1537,9,4,2,12
1650.33,1624903560096,50.009082904,1,0,0,6,17,1285,11,1445,7,0,0,0,22,62,6535211,0,37,7,142,17640,2269106,24423,1309,1,195392,141388,61063,61746,24194,13958,24193,13764,71,1131,1132,60,43491,20996,22907965,2267,79,426,5406,4525179,4525079,114,130,79,91,170,6535043,4298387,94,130,3203,334,1428,11,91,2,947,8238211,2883,0,488,8,6,5,1558,17,10,1568,8,3,2,11
1700.34,1624903616507,50.008765918,1,0,0,10,25,1288,15,1447,9,0,0,0,42,39,6691790,0,25,9,156,16863,2452707,21991,1310,2,196035,141983,61486,62059,24054,13892,24061,13669,78,1095,1095,37,43607,20860,23941397,2241,77,431,2836,4497252,4497144,118,133,76,89,168,6691320,4271985,94,127,3165,336,1408,0,89,0,925,8319729,2915,0,489,12,7,8,1565,18,13,1578,4,4,2,12
1750.35,1624903673208,50.011886874,1,0,0,10,25,1288,15,1438,9,0,0,0,43,35,6660604,0,35,9,156,3690,2426203,23210,1309,2,194245,140303,60969,62083,23415,13522,24217,13449,78,1099,1099,37,42833,20133,23740673,2249,85,426,2831,4490877,4490774,118,133,83,99,176,6660379,4267131,94,135,3160,328,1386,0,97,0,927,8272935,2964,0,508,13,7,8,1550,18,13,1563,4,4,2,12
1800.36,1624903730546,50.009285545,1,0,0,10,25,1288,15,1430,9,0,0,0,2,47,6561243,0,28,9,156,12340,2285920,22162,1311,2,192495,139234,57313,58137,20700,11466,20760,11276,78,1097,1097,37,37896,17671,22978256,2245,75,424,2830,4526574,4526474,118,134,73,86,164,6561117,4308302,94,125,3000,323,1167,0,88,0,923,8197671,2724,0,434,12,7,8,1536,15,13,1549,4,4,2,12
1850.37,1624903787425,50.008877273,1,0,0,6,17,1285,11,1457,7,0,0,0,46,68,6741119,0,33,7,140,11940,2521176,23232,1311,1,195772,141707,60864,61476,24176,13203,24173,12945,70,1090,1090,33,43268,20930,24298260,2239,83,426,2834,4477138,4477029,112,129,82,94,172,6740737,4253351,93,133,3162,329,1401,0,94,0,916,8289326,2922,0,495,6,6,5,1560,17,10,1570,2,3,2,6
1900.38,1624903844314,50.009335069,1,0,0,9,22,1288,13,1459,9,0,0,0,60,50,6595113,0,35,9,148,14709,2374081,23459,1310,2,196186,142045,61624,62603,24300,13648,24415,13354,74,1135,1136,60,43689,21083,23429266,2275,85,428,2836,4479654,4479548,118,133,83,96,174,6594884,4254716,94,134,3211,333,1431,11,95,2,956,8058900,3012,0,495,9,10,8,1564,18,13,1577,3,4,2,9
1950.39,1624903901310,50.009142176,1,0,0,10,25,1288,15,1430,9,0,0,0,26,48,6381670,0,31,9,156,16323,2181388,21142,1310,2,192060,138776,54193,55388,20319,11397,20410,11119,78,1087,1087,33,36447,17431,22199685,2233,72,429,2828,4447468,4447377,118,134,71,86,155,6381614,4232555,89,122,2983,315,1155,0,82,0,911,7838321,2765,0,452,12,7,8,1517,15,13,1530,4,4,2,12
2000.4,1624903958290,50.009195806,1,0,0,9,21,1288,12,1452,8,0,0,0,4,38,6406507,0,33,9,144,8319,2147724,22459,1311,2,195039,141153,61438,62301,24259,14216,24285,13764,72,1091,1091,33,43555,21006,22166567,2241,88,423,2835,4512205,4512100,116,132,86,98,176,6406303,4287946,93,137,3171,333,1406,0,98,0,911,7853286,2812,0,477,12,6,4,1557,18,13,1570,8,3,2,12
2050.41,1624904015738,50.008757610,1,0,0,9,23,1288,14,1473,9,0,0,0,28,56,6547355,0,26,9,152,5745,2316153,22542,1311,2,195793,141797,61581,62245,24042,13453,24053,13292,76,1096,1096,37,43596,20862,23073481,2243,76,425,2836,4484989,4484889,118,134,76,91,168,6547029,4259705,94,127,3168,336,1410,0,90,0,919,7920236,2876,0,482,9,10,9,1563,17,10,1573,9,4,2,13
2100.42,1624904072626,50.009771613,1,0,0,10,23,1289,13,1449,8,0,0,0,6,38,6509196,0,33,9,148,10931,2290509,22443,1309,2,196170,142019,61948,62917,24200,14213,24315,13827,74,1102,1102,37,43880,20958,22936899,2255,82,425,5406,4480466,4480367,116,131,80,97,172,6509032,4252027,94,131,3185,336,1412,0,93,0,922,7810477,2873,0,483,9,6,5,1559,18,14,1573,9,3,2,12
2150.43,1624904129269,50.011664132,1,0,0,9,22,1288,13,1425,8,0,0,0,30,38,6694871,0,27,9,148,5863,2449642,23152,1309,2,192502,139280,57602,58433,20851,11405,20897,11055,74,1089,1090,37,38085,17785,23880015,2229,79,424,2829,4496984,4496888,116,132,78,90,168,6694642,4278742,94,129,2989,319,1166,0,91,0,920,8343212,2856,0,462,10,6,5,1543,14,10,1553,10,3,2,13
2200.44,1624904185989,50.009113935,1,0,0,9,23,1288,14,1456,8,0,0,0,38,64,6569248,0,35,10,150,18907,2334921,23384,1311,2,196094,141915,61642,62479,24248,14559,24312,14079,75,1088,1088,33,43603,21006,23259781,2235,83,432,2834,4487852,4487738,118,132,82,95,175,6568949,4263350,95,134,3166,331,1406,0,95,0,912,8096227,2906,0,510,10,6,5,1570,17,10,1580,10,3,2,13
2250.45,1624904242753,50.009426418,1,0,0,10,26,1288,16,1438,9,0,0,0,94,38,6801118,0,29,9,160,9370,2546178,23264,1309,2,195668,141679,59849,60687,23868,13605,23913,13480,80,1086,1086,33,42889,20762,24515837,2231,76,429,2834,4511461,4511367,118,134,74,86,164,6800933,4288910,93,125,3152,329,1397,0,86,0,921,8218021,3105,0,519,9,7,9,1563,17,10,1573,5,5,3,10
2300.46,1624904299467,50.008726634,1,0,0,6,22,2565,16,2805,12,0,0,0,28,52,6771919,0,31,12,160,21252,2498098,22526,2622,1,195240,141328,62336,63024,24166,14087,24171,13543,80,1089,1089,33,43266,20916,24291369,2237,83,425,2835,4529731,4529611,122,138,82,95,172,6771461,4304939,93,133,3164,333,1411,0,95,0,915,8203536,2912,0,499,6,11,5,2866,18,15,2881,2,3,2,6
2350.47,1624904356380,50.009294759,1,0,0,10,26,1288,16,1439,10,0,0,0,50,58,6541126,0,33,9,160,8013,2289460,22262,1310,2,193169,139846,58231,59128,21043,11190,21101,11181,80,1100,1100,37,38259,17869,22955799,2251,82,426,2830,4500361,4500258,120,136,81,97,172,6540920,4281276,94,133,3006,323,1172,0,94,0,922,8049759,2919,0,501,12,11,12,1522,15,13,1535,4,5,2,12
2400.49,1624904413239,50.016123551,1,0,0,10,25,1288,15,1441,9,0,0,0,23,61,6571983,0,40,9,156,17350,2340265,22900,1310,2,196075,142008,61552,62402,24045,14176,24115,13921,78,1098,1098,37,43637,20860,23260928,2247,78,426,2836,4490135,4490038,118,134,77,89,168,6571734,4264672,94,127,3190,336,1421,0,89,0,923,7919106,2860,0,487,12,7,8,1565,18,13,1578,4,4,2,12
2450.5,1624904470600,50.009226288,1,0,0,10,25,1288,15,1438,9,0,0,0,22,74,6656303,0,43,9,156,21125,2402800,23086,1309,2,195423,141549,62667,63520,24416,13775,24460,13481,78,1141,1142,64,44200,21127,23684983,2279,83,425,2838,4512325,4512221,118,134,81,95,174,6656142,4286376,95,132,3216,341,1435,11,94,2,963,7992579,2929,0,496,12,7,8,1552,18,13,1565,4,4,2,12
2500.51,1624904527504,50.009378349,1,0,0,9,22,1288,13,1436,9,0,0,0,10,79,6591247,0,27,9,148,7030,2322392,22927,1310,2,192965,139152,57053,58693,21191,11651,23535,13323,74,1086,1086,33,39849,18154,23185444,2231,75,428,2828,4519122,4519027,118,134,73,86,164,6591212,4300130,93,125,3133,321,1376,0,84,0,912,7961550,2789,0,486,10,10,8,1557,18,13,1570,3,4,2,9
2550.52,1624904584676,50.008577660,1,0,0,10,23,1289,13,1441,8,0,0,0,28,61,6667382,0,37,9,148,20406,2392619,22379,1309,2,193341,139760,56593,57170,20841,11155,20817,10898,74,1095,1095,33,37496,17751,23627987,2249,80,426,2828,4523447,4523336,116,132,79,93,168,6666963,4306023,93,131,3005,318,1157,0,92,0,917,7930995,2905,0,467,9,6,5,1530,15,14,1544,3,4,3,9
2600.53,1624904641861,50.009144430,1,0,0,10,25,1288,15,1459,9,0,0,0,0,48,6554010,0,29,9,156,12274,2287288,23776,1310,2,195633,141506,60357,61223,23965,13705,24065,13575,78,1090,1090,33,43084,20844,22985579,2239,80,425,2834,4524279,4524178,118,134,78,93,168,6553815,4300674,93,129,3161,330,1398,0,91,0,913,7792403,2837,0,479,12,7,8,1553,18,13,1566,4,4,2,12
2650.54,1624904698757,50.008675016,1,0,0,10,25,1288,15,1448,9,0,0,0,30,63,6510726,0,31,9,156,14410,2267166,22260,1309,2,194603,140850,60046,60636,23837,13577,23864,13512,78,1087,1087,33,42914,20743,22833525,2233,75,423,2835,4496979,4496870,118,134,74,86,164,6510337,4274570,93,125,3165,333,1416,0,87,0,914,7645773,2868,0,493,12,7,8,1551,18,13,1564,4,4,2,12
2700.55,1624904756130,50.009048749,1,0,0,9,22,1288,13,1430,9,0,0,0,8,55,6622824,0,35,9,148,13589,2375909,22985,1311,2,192987,139602,57029,57813,20834,11187,20901,10898,74,1141,1142,64,37791,17815,23455698,2278,78,426,2832,4498769,4498670,118,136,78,90,165,6622693,4279995,91,129,3044,326,1203,11,90,2,954,7927883,2817,0,457,9,10,8,1534,15,13,1547,3,4,2,9
2750.56,1624904812882,50.009199694,1,0,0,6,17,1285,11,1459,7,0,0,0,40,62,6653883,0,24,7,140,18485,2414512,23284,1312,1,194903,141483,59453,59747,22652,12567,20985,11149,70,1094,1094,36,40128,19573,23687275,2241,74,430,5406,4498054,4497955,112,128,74,86,164,6653671,4273813,94,125,3014,331,1195,0,87,0,923,8187072,2872,0,463,6,6,5,1541,14,10,1551,2,3,2,6
2800.57,1624904869374,50.010245047,1,0,0,10,25,1288,15,1445,9,0,0,0,26,71,6591445,0,31,9,156,19831,2345674,22330,1311,2,194661,140998,61452,62324,23977,13923,24027,13355,78,1091,1091,37,43607,20858,23319554,2233,77,423,2835,4500760,4500670,118,133,77,89,168,6591292,4276731,94,127,3156,332,1412,0,89,0,917,7988085,2861,0,495,12,7,8,1555,18,13,1568,4,4,2,12
2850.58,1624904926518,50.008926736,1,0,0,10,25,1288,15,1435,9,0,0,0,44,46,6489677,0,25,9,156,8479,2272494,21917,1309,2,194979,141133,59916,60626,23846,14519,23863,13922,78,1083,1083,33,42836,20751,22813281,2225,75,425,2834,4469766,4469665,118,134,74,88,164,6489335,4247439,93,125,3148,329,1411,0,87,0,907,8017793,2937,0,493,12,7,8,1566,18,13,1579,4,4,2,12
2900.59,1624904983582,50.008749530,1,0,0,9,21,1288,12,1429,8,0,0,0,12,55,6408635,0,35,9,144,9709,2189599,22308,1310,2,192952,139468,56160,56717,20665,11467,20679,11401,72,1093,1093,33,37274,17662,22304831,2245,76,425,2828,4464505,4464393,116,132,75,89,164,6408187,4247586,93,127,2998,316,1164,0,88,0,915,7830317,2774,0,469,13,6,4,1521,15,13,1534,9,3,2,14
2950.6,1624905039878,50.009241658,1,0,0,6,17,1285,11,1441,7,0,0,0,0,41,6531422,0,35,7,140,5494,2303858,21591,1311,1,193028,139536,57487,58240,21062,11595,21093,11307,70,1136,1137,60,37920,17920,22935546,2277,82,425,2831,4479896,4479798,112,128,80,92,170,6531350,4261263,94,132,3043,324,1193,11,92,2,949,7799490,2759,0,464,7,6,5,1532,14,10,1542,7,3,2,9
3000.61,1624905096172,50.012303875,1,0,0,9,22,1288,13,1442,8,0,0,0,51,72,6503649,0,29,9,150,10030,2269859,23476,1311,2,196224,142143,61539,62086,24026,13452,24051,13354,75,1100,1100,37,43578,20865,22835684,2251,77,432,2836,4490569,4490465,118,134,76,89,168,6503410,4265046,94,127,3179,336,1407,0,89,0,924,7958344,2998,0,499,8,6,5,1547,17,10,1557,8,3,2,10
3050.62,1624905152528,50.009295181,1,0,0,10,26,1288,16,1435,9,0,0,0,18,58,6529351,0,25,9,160,11214,2277324,22698,1310,2,195282,141448,61515,62468,24030,13829,24120,13826,80,1094,1094,37,43654,20873,22916191,2239,78,424,2836,4510394,4510295,118,133,76,90,168,6529107,4285472,94,127,3161,336,1415,0,89,0,921,8080793,2819,0,480,12,7,9,1566,17,10,1576,8,5,3,15
3100.63,1624905209535,50.009638566,1,0,0,10,25,1288,15,1420,9,0,0,0,76,52,6488540,0,26,9,158,14398,2280942,21605,1310,2,194037,140178,59734,60855,22714,12694,23904,13606,79,1090,1090,37,42000,19582,22828937,2230,76,427,2829,4464261,4464156,120,136,75,90,168,6488444,4241684,94,127,3136,325,1382,0,88,0,917,7718321,2982,0,495,12,7,8,1567,18,13,1580,4,4,2,12
3150.64,1624905265916,50.009088623,1,0,0,9,22,1288,13,1434,9,0,0,0,20,46,6539453,0,36,9,148,9655,2326685,22877,1310,2,193236,139683,56636,57460,20814,11345,20882,10992,74,1094,1094,33,37527,17770,23078849,2247,81,426,2828,4462912,4462806,118,133,79,94,168,6539276,4245350,93,131,3002,318,1158,0,92,0,916,7693301,2766,0,469,9,10,8,1539,15,13,1552,3,4,2,9
3200.65,1624905322694,50.009242066,1,0,0,6,17,1285,11,1445,7,0,0,0,42,42,6477964,0,38,7,140,15162,2255424,21158,1309,1,195845,141743,60372,61258,23983,13328,24035,13008,70,1090,1090,33,43061,20856,22733983,2239,80,427,5404,4481155,4481059,112,128,78,91,168,6477818,4255100,93,129,3179,329,1403,0,91,0,915,7775729,2894,0,465,6,6,5,1562,17,10,1572,2,3,2,6
3250.66,1624905379565,50.008913548,1,0,0,10,25,1288,15,1439,9,0,0,0,12,54,6549068,0,35,9,156,5075,2274154,25561,1309,2,195654,141514,59268,60387,23787,13224,23940,13290,78,1140,1141,60,42573,20719,22928600,2285,73,427,2837,4531001,4530907,118,134,72,87,162,6548925,4308059,92,124,3216,337,1429,11,83,2,950,8152189,2921,0,472,12,7,8,1559,18,13,1572,4,4,2,12
3300.68,1624905436734,50.016705073,1,0,0,10,25,1288,15,1423,9,0,0,0,52,106,6703256,0,25,9,156,16949,2480598,22918,1312,2,193861,140036,59880,61251,22740,12883,23913,13512,78,1093,1093,37,42061,19629,24077460,2237,77,426,2830,4478234,4478137,118,134,76,91,168,6703002,4255563,94,127,3143,328,1386,0,89,0,918,8308441,2943,0,493,13,7,8,1560,18,13,1573,4,4,2,12
3350.69,1624905493462,50.011769073,1,0,0,10,25,1288,15,1446,9,0,0,0,45,80,6474718,0,27,9,158,19636,2268516,21824,1311,2,193429,139993,57315,58011,20727,11244,20779,11181,79,1097,1097,37,37858,17686,22746152,2245,74,427,2830,4456068,4455952,120,136,73,86,164,6474428,4237190,94,125,2998,323,1172,0,86,0,924,7765923,2885,0,464,12,7,8,1540,15,13,1553,4,4,2,12
3400.7,1624905550457,50.009106490,1,0,0,6,22,2565,16,2785,12,0,0,0,76,71,6696029,0,29,12,160,8957,2447618,23142,2619,1,195329,141551,62761,63609,24053,13610,24099,13323,80,1091,1091,37,43608,20866,23922386,2233,78,427,2835,4506953,4506851,122,138,76,91,168,6695887,4281386,94,127,3156,332,1407,0,90,0,919,8160408,3034,0,507,6,11,5,2836,18,15,2851,2,3,2,6
3450.71,1624905607654,50.008760891,1,0,0,10,26,1288,16,1453,10,0,0,0,0,70,6165326,0,27,9,160,14765,1957052,21292,1309,2,195431,141360,59903,60600,23842,13701,23869,13607,80,1087,1087,33,42827,20738,20919050,2233,75,424,2834,4462112,4462017,120,135,74,88,164,6165148,4238844,93,125,3155,329,1396,0,87,0,906,7482993,2773,0,454,12,11,12,1542,18,13,1555,4,5,2,12
3500.72,1624905664799,50.010837116,1,0,0,10,25,1288,15,1448,9,0,0,0,63,56,6496322,0,32,9,156,15507,2289724,21812,1313,2,192977,139579,56913,57621,21861,12854,20964,11244,78,1130,1131,60,37725,18809,22848976,2265,77,428,2830,4457977,4457874,118,134,76,88,166,6496098,4240478,94,128,3026,320,1185,11,88,2,949,7765322,2939,0,478,12,7,8,1537,15,13,1550,4,4,2,12
3550.73,1624905721884,50.009456521,1,0,0,10,25,1288,15,1443,9,0,0,0,22,57,6721343,0,25,9,156,9999,2459980,23150,1309,2,192627,139248,55795,56758,20531,11050,20624,11149,78,1089,1089,33,37177,17589,23980780,2237,72,429,2829,4508007,4507921,118,134,71,84,160,6721131,4291431,93,123,2991,321,1162,0,83,0,915,8025667,2770,0,443,12,7,8,1522,15,13,1535,4,4,2,12
3600.74,1624905778644,50.011813754,1,0,0,9,22,1288,13,1445,9,0,0,0,25,59,6681405,0,33,9,148,15692,2417392,23428,1310,2,195259,141411,61407,62145,24013,14050,24071,13638,74,1097,1097,37,43672,20862,23777634,2245,76,424,2835,4522567,4522461,118,134,76,89,168,6681164,4297967,94,127,3172,333,1413,0,89,0,922,7844598,2886,0,479,9,10,8,1567,18,13,1580,3,4,2,9
3650.75,1624905835960,50.009124524,1,0,0,10,23,1289,13,1437,8,0,0,0,6,53,6634592,0,27,9,148,21174,2375413,22253,1311,2,196220,142047,61529,62394,24067,14048,24136,13858,74,1098,1098,37,43687,20851,23534756,2247,78,426,2836,4517710,4517611,116,131,76,89,168,6634417,4291869,94,127,3174,336,1408,0,89,0,927,7841334,2796,0,469,9,6,5,1569,18,14,1583,3,4,3,9
3700.76,1624905892805,50.009288402,1,0,0,10,25,1288,15,1435,9,0,0,0,6,88,6296282,0,29,9,158,12292,2066726,20986,1309,2,191801,138677,55333,56068,20374,11334,20421,10897,79,1096,1096,37,37022,17447,21583552,2243,71,422,2830,4473757,4473666,120,136,69,82,155,6296125,4257393,90,120,2998,322,1171,0,82,0,915,7657861,2773,0,446,12,7,8,1534,15,13,1547,4,4,2,12
3750.77,1624905949438,50.008369424,1,0,0,10,25,1288,15,1444,9,0,0,0,28,53,6477015,0,34,9,156,23311,2222651,21884,1312,2,194469,141164,60677,60588,23462,13550,21450,11527,78,1137,1138,64,41165,20300,22602379,2271,80,425,2837,4508350,4508248,118,134,79,90,170,6476522,4285959,95,130,3051,334,1217,11,92,2,955,7862943,2882,0,486,12,7,8,1536,15,13,1549,4,4,2,12
3800.78,1624906006684,50.008783882,1,0,0,10,25,1288,15,1432,9,0,0,0,24,67,6523342,0,27,9,156,7827,2258239,23684,1309,2,195763,141638,59901,60587,23866,13922,23868,13859,78,1089,1089,33,42905,20746,22834662,2237,75,431,2834,4516208,4516111,118,134,74,86,164,6522985,4292706,93,125,3159,329,1395,0,86,0,915,7919146,2868,0,486,13,7,8,1555,18,13,1568,4,4,2,12
3850.79,1624906063855,50.008607373,1,0,0,6,22,2565,16,2794,12,0,0,0,80,46,6617497,0,33,12,160,14707,2375169,22703,2624,1,194370,140737,61214,61683,23859,14361,23876,13985,80,1081,1081,33,42888,20746,23470075,2221,75,426,2834,4498552,4498448,122,138,74,86,164,6617060,4275931,93,125,3144,329,1392,0,86,0,912,7856345,3045,0,527,8,11,5,2856,18,15,2871,8,3,2,11
3900.8,1624906120558,50.008515909,1,0,0,9,22,1288,13,1416,8,0,0,0,86,30,6879985,0,27,9,150,27188,2623454,22019,1309,2,191980,138904,55746,56215,20517,11399,20531,11276,75,1082,1082,33,37108,17569,24975219,2223,72,426,2829,4503886,4503792,118,133,71,83,160,6879433,4288694,93,123,2976,320,1158,0,83,0,914,8147152,2968,0,490,9,6,5,1532,14,10,1542,9,3,2,11
3950.81,1624906177189,50.008767053,1,0,0,9,22,1288,13,1453,8,0,0,0,18,48,6281809,0,27,9,148,17486,2091451,22557,1311,2,195561,141637,61947,62516,24213,13929,24214,13450,74,1095,1095,37,43856,20959,21729447,2241,80,425,2836,4446355,4446239,116,132,80,94,172,6281443,4220926,94,131,3167,336,1411,0,94,0,921,7794090,2868,0,492,9,6,5,1555,17,10,1565,9,3,2,12
4000.82,1624906234019,50.008805596,1,0,0,9,22,1288,13,1441,8,0,0,0,0,42,6906078,0,37,9,148,14853,2619723,26270,1309,2,195278,141411,61944,62514,24190,13617,24175,13450,74,1093,1093,37,43841,20950,25052784,2237,81,424,2836,4544218,4544103,116,132,80,94,172,6905646,4319258,94,131,3181,336,1421,0,93,0,928,8700216,2845,0,484,10,6,5,1552,17,10,1562,10,4,3,14
4050.85,1624906291380,50.026226620,1,0,0,10,23,1285,13,1421,8,0,0,0,31,53,6520999,0,33,9,148,13220,2291227,23174,1310,2,193581,140050,57867,58744,20963,11183,20984,10866,74,1140,1141,64,38294,17908,22932042,2277,76,432,2831,4478971,4478876,116,132,75,87,167,6520570,4259337,95,126,3033,323,1190,11,87,2,951,8055512,2852,0,480,7,6,5,1537,14,10,1547,7,3,2,9
4100.86,1624906348460,50.009129833,1,0,0,9,22,1288,13,1430,8,0,0,0,8,42,6847954,0,29,9,148,5035,2565795,21330,1309,2,192597,139224,56751,57517,22883,13520,20896,11370,74,1087,1087,33,37624,19805,24644369,2233,80,425,2830,4531866,4531762,116,130,79,92,168,6847770,4314331,93,131,2988,319,1161,0,93,0,921,8476644,2796,0,470,8,6,5,1553,14,9,1562,8,3,2,10
4150.87,1624906405749,50.009183050,1,0,0,9,22,1288,13,1437,8,0,0,0,2,53,6534145,0,27,9,148,23419,2250818,21547,1311,2,195726,141581,59896,60801,23838,13008,23948,13134,74,1090,1090,33,42872,20745,22855512,2239,75,425,2834,4538426,4538322,116,132,74,87,164,6533925,4314711,93,125,3159,329,1396,0,86,0,909,8055757,2857,0,479,10,6,5,1567,17,10,1577,10,3,2,13
4200.88,1624906463110,50.009500845,1,0,0,9,22,1288,13,1441,8,0,0,0,50,56,6541034,0,26,9,148,13962,2298151,23102,1309,2,195805,141722,60025,60810,23850,13826,23917,13764,74,1087,1087,33,42869,20745,23004181,2232,76,427,2835,4499989,4499892,116,132,74,87,164,6540881,4276708,93,125,3160,333,1400,0,86,0,915,8065049,2953,0,503,10,6,5,1553,17,10,1563,10,3,2,13
4250.89,1624906519465,50.008690245,1,0,0,9,23,1288,14,1423,9,0,0,0,78,61,6571789,0,24,9,152,16041,2351672,21817,1312,2,192977,139743,57721,58359,20829,11310,20848,11339,76,1093,1093,36,38057,17759,23247547,2239,78,426,2829,4472146,4472035,118,134,77,91,168,6571408,4253889,94,129,2992,320,1175,0,90,0,921,7919629,2964,0,503,9,10,9,1536,14,10,1546,9,4,2,13
4300.9,1624906575971,50.008604528,1,0,0,6,17,1285,11,1417,7,0,0,0,82,46,6845012,0,39,7,140,11110,2598175,23441,1310,1,193657,140236,58041,58710,20948,11121,20939,11244,70,1140,1141,64,38255,17865,24793369,2277,75,430,5402,4500953,4500848,112,128,74,87,166,6844625,4279032,95,126,3040,327,1197,11,87,2,959,8264258,3112,0,513,9,6,5,1539,14,10,1549,9,3,2,12
4350.91,1624906632942,50.009031672,1,0,0,9,22,1288,13,1453,8,0,0,0,4,50,6394722,0,27,9,148,10352,2152286,23057,1312,2,195655,141670,61422,62133,24014,13955,24062,13670,74,1094,1094,37,43631,20866,22136636,2238,77,424,2835,4500066,4499967,116,131,76,89,168,6394495,4274735,94,127,3160,334,1412,0,89,0,917,7628900,2770,0,487,10,6,5,1549,17,10,1559,10,3,2,13
4400.92,1624906689813,50.008950829,1,0,0,9,22,1288,13,1440,8,0,0,0,28,85,6377312,0,28,9,148,19311,2155799,22734,1311,2,196224,142114,61260,61591,23982,14051,23924,13765,74,1092,1092,35,43240,20802,22139280,2236,77,426,2835,4480284,4480177,116,132,76,88,168,6376922,4255085,93,125,3159,332,1406,0,89,0,918,7754464,2882,0,503,10,6,5,1562,17,10,1572,10,3,2,13
4450.93,1624906746958,50.009078102,1,0,0,9,22,1288,13,1439,8,0,0,0,0,36,6871033,0,26,9,148,3155,2584168,22707,1311,2,192694,139245,55717,56443,20525,11020,20553,11086,74,1087,1087,33,37104,17574,24738034,2232,71,425,2828,4536556,4536439,116,131,71,83,160,6870597,4319954,93,123,2982,317,1157,0,83,0,922,8710669,2772,0,474,10,6,5,1530,14,10,1540,10,4,3,14
4500.94,1624906803814,50.009022822,1,0,0,6,22,2565,16,2793,12,0,0,0,6,50,6283125,0,27,12,162,8731,2080802,22207,2619,1,193704,140471,60701,60977,23593,13672,21194,11306,81,1085,1085,33,41460,20461,21631140,2229,78,423,2835,4453999,4453899,124,140,77,88,165,6282913,4232472,93,128,3000,329,1184,0,90,0,914,7493779,2788,0,464,4,11,5,2831,15,15,2846,2,3,2,4
4550.95,1624906860771,50.009237234,1,0,0,10,26,1288,16,1457,10,0,0,0,46,57,6590659,0,40,9,160,14586,2366640,22792,1311,2,195369,141445,61704,62516,24356,13585,24430,13480,80,1134,1135,60,43688,21104,23394540,2273,84,427,2837,4481689,4481585,120,136,83,95,174,6590542,4257377,94,134,3214,337,1432,11,95,2,949,7747970,3031,0,531,13,11,12,1556,18,13,1569,4,5,2,12
4600.96,1624906917566,50.008811709,1,0,0,10,25,1288,15,1457,9,0,0,0,32,44,6736876,0,25,9,156,13715,2477497,21738,1311,2,196006,141952,61556,62189,24060,13892,24060,13544,78,1095,1095,37,43596,20853,24120618,2241,77,430,2836,4517679,4517575,118,134,76,89,168,6736478,4292258,94,127,3165,336,1409,0,89,0,921,8078223,2868,0,486,12,7,8,1556,18,13,1569,4,4,2,12
4650.97,1624906973765,50.009142910,1,0,0,10,25,1288,15,1429,9,0,0,0,50,44,6615178,0,27,9,156,17626,2374407,21502,1311,2,193531,140041,57257,58152,20708,11243,20774,10740,78,1095,1095,37,37876,17691,23450158,2241,75,427,2829,4490688,4490588,118,134,73,90,164,6615000,4271868,94,125,2995,319,1164,0,87,0,926,7965410,2909,0,482,12,7,8,1559,15,13,1572,4,4,2,12
4700.98,1624907030499,50.009342738,1,0,0,9,22,1288,13,1457,9,0,0,0,38,32,6642451,0,25,9,148,5747,2399387,22857,1309,2,196029,141995,61382,62006,24023,13985,24099,13732,74,1093,1093,37,43557,20883,23620645,2237,78,426,2835,4501202,4501098,118,131,76,91,168,6642228,4276047,94,127,3157,332,1403,0,89,0,922,8209170,2879,0,463,9,10,8,1552,18,13,1565,3,4,2,9
4750.99,1624907087646,50.008903056,1,0,0,10,23,1289,13,1433,8,0,0,0,6,100,6248916,0,29,9,148,16304,2031153,20937,1309,2,194128,140433,59861,60485,23866,13636,23902,13638,74,1081,1081,33,42834,20746,21379020,2221,75,422,5404,4474124,4474030,116,132,74,87,164,6248666,4249469,93,125,3144,329,1398,0,86,0,908,7488632,2759,0,472,9,6,5,1545,18,14,1559,3,4,3,9
4801,1624907144480,50.008917323,1,0,0,10,25,1288,15,1453,9,0,0,0,58,70,6701594,0,27,9,156,4891,2454317,22962,1311,2,195708,141688,60455,61017,23998,13610,24004,13418,78,1087,1087,33,43097,20863,23950910,2233,80,427,2835,4504003,4503903,118,134,78,90,168,6701382,4280829,93,129,3162,333,1409,0,90,0,914,8113330,2994,0,516,12,7,8,1552,18,13,1565,4,4,2,12
4851.01,1624907201111,50.009330540,1,0,0,10,25,1288,15,1419,9,0,0,0,28,62,6403508,0,27,9,158,13392,2171988,21228,1312,2,191509,138479,55766,56642,20532,11303,20557,10741,79,1084,1084,33,37112,17575,22185695,2227,72,428,2829,4480040,4479951,120,136,71,83,160,6403305,4264630,93,123,2983,320,1168,0,83,0,907,7726359,2795,0,445,12,7,8,1540,15,13,1553,4,4,2,12
4901.02,1624907257294,50.008693906,1,0,0,10,25,1288,15,1442,9,0,0,0,12,50,6532457,0,25,9,158,7907,2273584,24023,1309,2,195093,141541,59310,59507,22444,12380,20965,10929,79,1100,1100,37,39884,19341,22881643,2251,74,426,2836,4508287,4508174,120,135,74,87,164,6532015,4286456,94,125,3022,331,1189,0,88,0,923,7998493,2805,0,442,12,7,8,1537,15,13,1550,4,4,2,12
4951.03,1624907313872,50.009356136,1,0,0,6,22,2565,16,2796,12,0,0,0,22,58,6486069,0,28,12,160,10851,2263695,22504,2621,1,195299,141423,62730,63635,24040,13293,24127,12945,80,1091,1091,37,43639,20889,22785539,2232,78,424,2835,4480621,4480522,122,138,76,89,168,6485894,4254558,94,127,3155,334,1406,0,89,0,916,7740924,2848,0,466,6,11,5,2860,18,15,2875,2,3,2,6
5001.04,1624907370816,50.010391278,1,0,0,10,26,1288,16,1443,10,0,0,0,50,61,6694923,0,34,9,160,9865,2455432,24172,1312,2,195383,141542,61424,62256,24051,13989,24107,13764,80,1094,1094,37,43582,20857,23956321,2238,78,425,2835,4497847,4497751,120,136,76,89,168,6694690,4273368,94,127,3167,332,1412,0,90,0,919,8036252,2977,0,490,12,11,12,1565,18,13,1578,4,5,2,12
5051.05,1624907427843,50.008538209,1,0,0,10,25,1288,15,1427,9,0,0,0,58,59,6600366,0,27,9,158,3502,2356676,20964,1309,2,192799,139435,56183,56606,20682,11277,20699,10961,79,1086,1086,33,37292,17657,23313898,2231,76,427,2828,4493499,4493402,120,136,75,88,164,6599842,4276928,93,127,2988,316,1166,0,88,0,913,7773728,2860,0,470,12,7,8,1536,15,13,1549,4,4,2,12
5101.06,1624907484389,50.009217776,1,0,0,10,25,1288,15,1435,9,0,0,0,2,74,6458598,0,34,9,156,11830,2211170,21767,1310,2,194851,141028,60734,61558,24049,13893,24091,13607,78,1131,1132,60,43257,20895,22522470,2267,77,429,2837,4498706,4498599,118,134,75,87,166,6458304,4275035,94,126,3197,338,1434,11,87,2,953,7735321,2781,0,443,12,7,8,1560,18,13,1573,4,4,2,12
5151.07,1624907541838,50.009152407,1,0,0,9,22,1288,13,1442,9,0,0,0,6,63,6459932,0,25,9,148,8957,2239578,21889,1309,2,195126,141208,60063,60894,23846,14016,23898,13859,74,1088,1088,33,42878,20721,22648311,2235,76,424,2835,4472254,4472155,118,135,74,86,164,6459743,4249041,93,125,3159,333,1412,0,86,0,920,7509082,2829,0,464,9,10,8,1558,18,13,1571,3,4,2,9
5201.08,1624907598803,50.009292612,1,0,0,10,23,1289,13,1438,8,0,0,0,20,48,6343817,0,27,9,148,3613,2115084,20911,1311,2,193976,140034,59144,60384,21613,11876,23776,13701,74,1096,1096,37,40850,18491,21857404,2243,77,425,2829,4480524,4480425,116,131,75,90,168,6343678,4258415,94,127,3149,325,1383,0,88,0,926,7380078,2790,0,473,9,6,5,1556,18,14,1570,3,4,3,9
5251.09,1624907655787,50.010297915,1,0,0,10,25,1288,15,1432,9,0,0,0,12,51,6473159,0,33,9,156,8781,2249081,22535,1309,2,193242,139797,57812,58651,20877,11153,20934,10866,78,1101,1101,37,38056,17789,22664126,2253,78,425,2830,4473335,4473233,118,134,77,92,168,6472943,4254015,94,129,3009,323,1169,0,90,0,927,7856853,2778,0,464,12,7,8,1530,15,13,1543,4,4,2,12
5301.1,1624907713260,50.009046279,1,0,0,10,25,1288,15,1447,9,0,0,0,18,44,6526571,0,25,9,156,4476,2265182,23188,1311,2,195357,141413,59359,60497,23623,13447,23708,13008,78,1093,1093,37,42743,20595,22849679,2237,73,425,2835,4512949,4512849,118,133,72,88,159,6526432,4289781,90,122,3159,331,1412,0,85,0,920,7814682,2843,0,488,12,7,8,1555,18,13,1568,4,4,2,12
5351.11,1624907770236,50.009049357,1,0,0,9,22,1288,13,1435,9,0,0,0,50,75,6236502,0,31,9,148,17855,2022596,22091,1312,2,195615,141629,60647,61423,24095,13891,24140,13606,74,1129,1130,60,43214,20914,21352195,2263,77,428,2837,4466266,4466168,118,134,75,87,166,6236275,4242307,94,126,3188,336,1433,11,88,2,942,7728971,2921,0,482,10,10,8,1560,18,13,1573,3,4,2,9
5401.13,1624907827205,50.015856216,1,0,0,6,17,1285,11,1429,7,0,0,0,10,54,6429059,0,25,7,142,12528,2202069,20346,1310,1,191915,138734,55688,56606,20509,11492,20594,11213,71,1084,1084,33,37121,17587,22381588,2227,73,427,5398,4477905,4477818,114,130,72,84,160,6428936,4259604,93,123,2976,316,1161,0,83,0,909,7620224,2762,0,445,6,6,5,1534,14,10,1544,2,3,2,5
5451.14,1624907884159,50.011995479,1,0,0,10,26,1288,16,1439,10,0,0,0,11,56,6503965,0,27,9,160,11924,2266367,21753,1309,2,194881,141045,60485,61235,24036,13325,24069,13355,80,1089,1089,33,43071,20859,22815275,2237,80,423,2835,4493541,4493434,120,135,78,90,168,6503677,4270405,93,129,3161,334,1409,0,90,0,918,7958070,2831,0,486,12,11,12,1553,18,13,1566,4,5,2,12
5501.15,1624907940758,50.008987888,1,0,0,10,25,1288,15,1446,9,0,0,0,12,51,6589175,0,29,9,156,16544,2343628,22194,1309,2,195354,141359,60041,60811,23875,14046,23947,13890,78,1093,1093,33,42933,20759,23299123,2245,75,426,2835,4500069,4499968,118,134,74,86,164,6588980,4277035,93,125,3170,333,1412,0,86,0,915,7972801,2810,0,495,12,7,8,1555,18,13,1568,4,4,2,12
5551.16,1624907997970,50.009546217,1,0,0,10,25,1288,15,1425,9,0,0,0,8,72,6451279,0,43,9,156,17558,2211333,23042,1310,2,193668,139846,60115,61258,23181,12948,23998,13355,78,1097,1097,37,42518,20053,22494934,2245,77,425,2831,4497021,4496926,118,134,75,89,168,6451239,4273842,94,127,3168,330,1395,0,88,0,926,7905972,2849,0,488,12,7,8,1559,18,13,1572,4,4,2,12
5601.17,1624908055273,50.011158166,1,0,0,6,17,1285,11,1435,7,0,0,0,15,64,6472114,0,31,7,140,23312,2229893,22012,1312,1,192813,139489,58031,58610,20969,11278,20972,10992,70,1098,1098,40,38210,17892,22593928,2241,79,424,2829,4495253,4495154,112,128,77,90,167,6471936,4275634,94,129,3002,321,1173,4,91,0,920,7630786,2743,0,442,6,6,5,1516,14,10,1526,2,3,2,6
5651.18,1624908111898,50.009324487,1,0,0,10,26,1288,16,1434,10,0,0,0,48,57,6596001,0,25,9,153,8060,2365037,22513,1310,2,196147,142083,61384,62301,25032,14649,24157,13418,77,1092,1092,37,43638,21818,23396351,2235,78,431,2835,4488575,4488471,120,134,76,90,168,6595765,4263055,94,127,3157,332,1406,0,90,0,915,7885094,2953,0,503,12,10,12,1555,18,13,1568,4,5,2,12
5701.19,1624908169066,50.012042542,1,0,0,10,25,1288,15,1449,9,0,0,0,26,56,6470941,0,35,9,156,12824,2216001,21358,1310,2,195107,141198,59976,60839,23859,13574,23922,13544,78,1090,1090,33,42927,20745,22553631,2239,76,425,2835,4508325,4508232,118,133,75,86,164,6470706,4285142,93,125,3166,332,1408,0,86,0,911,7783151,2870,0,494,12,7,8,1557,18,13,1570,4,4,2,12
5751.2,1624908225886,50.009673875,1,0,0,10,25,1288,15,1422,9,0,0,0,22,66,6522585,0,26,9,156,12170,2285687,22081,1310,2,193401,139696,56432,57854,20625,11367,23280,13418,78,1090,1090,33,38365,17652,22905792,2239,74,426,2829,4486379,4486286,118,134,72,85,163,6522517,4268121,93,124,3031,325,1221,0,84,0,919,7903645,2806,0,484,12,7,8,1562,18,13,1575,4,4,2,12
5801.21,1624908282739,50.009293078,1,0,0,9,22,1288,13,1427,9,0,0,0,18,67,6090442,0,27,9,148,19554,1904743,19570,1311,2,192053,138864,56264,57139,20670,11371,20729,11181,74,1089,1089,33,37375,17671,20550537,2237,76,424,2829,4428635,4428542,118,134,75,87,164,6090250,4211674,93,127,2990,320,1166,0,87,0,915,7337525,2722,0,456,9,10,8,1529,15,13,1542,3,4,2,9
5851.22,1624908339606,50.009297702,1,0,0,10,23,1289,13,1445,8,0,0,0,20,64,6358969,0,25,9,148,8597,2144638,21631,1311,2,195960,141911,61942,62826,24187,13677,24220,13607,74,1095,1095,37,43918,20956,22060841,2241,82,425,5405,4471281,4471182,116,132,80,95,172,6358811,4242767,94,131,3172,333,1414,0,94,0,921,7471506,2861,0,489,9,6,5,1564,18,14,1578,3,4,3,9
5901.23,1624908396510,50.009108096,1,0,0,10,25,1288,15,1435,9,0,0,0,2,59,6527780,0,33,9,156,14134,2268376,22730,1310,2,195756,141745,62224,62953,24262,14148,24316,13702,78,1141,1142,64,44023,21059,22868364,2279,79,429,2838,4519413,4519311,118,134,77,91,170,6527596,4293339,95,128,3209,340,1435,11,90,2,960,7828422,2840,0,476,12,7,8,1561,18,13,1574,4,4,2,12
5951.24,1624908453162,50.009193014,1,0,0,10,25,1288,15,1431,9,0,0,0,12,51,6554465,0,33,9,156,10449,2296509,21815,1310,2,192580,139334,58062,58979,20990,11314,21091,11149,78,1096,1096,37,38306,17868,22990486,2243,83,424,2829,4509339,4509238,118,133,81,94,172,6554281,4290780,94,133,2997,319,1170,0,94,0,921,7756884,2830,0,477,12,7,8,1540,15,13,1553,4,4,2,12
6001.25,1624908509638,50.009168083,1,0,0,10,25,1288,15,1420,9,0,0,0,8,50,6670504,0,27,9,156,17862,2391496,21402,1309,2,191266,138266,55705,56519,20535,11208,20617,10960,78,1081,1081,33,37128,17583,23620319,2221,73,422,2829,4525770,4525676,118,134,71,83,160,6670344,4310409,93,123,2973,319,1167,0,83,0,912,7902941,2734,0,446,12,7,8,1524,15,13,1537,4,4,2,12
6051.26,1624908566655,50.011446510,1,0,0,6,22,2565,16,2789,12,0,0,0,2,72,6470890,0,26,12,160,8677,2190977,20907,2619,1,194961,141055,61368,62209,23907,14140,23960,13858,80,1089,1089,33,42899,20755,22463452,2237,76,424,2835,4531562,4531468,122,138,74,87,164,6470616,4307371,93,125,3161,333,1408,0,86,0,916,7600770,2854,0,479,6,11,5,2849,18,15,2864,2,3,2,5
6101.27,1624908623992,50.009237222,1,0,0,9,22,1288,13,1441,8,0,0,0,0,42,6393873,0,26,9,148,7923,2183704,24184,1310,2,195640,141561,60519,61292,24044,14365,24097,14047,74,1095,1095,33,43118,20859,22279280,2249,80,425,2835,4466799,4466697,116,132,78,90,168,6393707,4243087,93,129,3182,333,1413,0,90,0,914,7815306,2829,0,474,9,6,5,1564,17,10,1574,9,3,2,11
6151.28,1624908681103,50.009122097,1,0,0,10,26,1288,16,1418,9,0,0,0,12,82,6458271,0,41,9,162,15863,2222990,21285,1308,2,192202,138947,56498,57337,20770,11275,20820,11087,81,1137,1138,62,37572,17756,22544750,2274,74,429,2831,4479007,4478917,120,136,72,84,162,6458104,4262023,94,124,3034,326,1191,11,84,2,950,7843759,2781,0,459,11,7,9,1527,14,10,1537,8,5,3,13
6201.29,1624908738249,50.009314245,1,0,0,10,25,1288,15,1433,9,0,0,0,2,57,6522416,0,27,9,156,15196,2257020,22839,1310,2,196014,141887,61367,62213,24070,14018,24116,13638,78,1102,1102,37,43666,20890,22826925,2255,78,425,2836,4523679,4523582,118,134,76,89,168,6522224,4298259,94,127,3182,329,1409,0,89,0,925,7926669,2847,0,478,12,7,8,1560,18,13,1573,4,4,2,12
6251.3,1624908794798,50.009140378,1,0,0,9,22,1288,13,1434,9,0,0,0,18,80,6315702,0,27,9,148,12262,2094175,21945,1309,2,196008,141938,61464,62289,26100,16413,24108,13953,74,1097,1097,37,43712,22932,21772453,2245,77,426,2836,4480721,4480617,118,134,76,90,168,6315526,4254870,94,127,3167,332,1410,0,90,0,916,7787307,2815,0,473,9,10,8,1551,18,13,1564,3,4,2,9
6301.31,1624908851903,50.009247274,1,0,0,10,23,1289,13,1419,8,0,0,0,48,35,6723760,0,25,9,148,8201,2463788,21924,1310,2,193234,139817,57128,58122,20747,11809,20851,11244,74,1094,1094,37,37871,17710,23993392,2239,75,427,2829,4511169,4511070,116,132,73,87,164,6723579,4292829,94,125,2990,319,1164,0,86,0,919,8077628,2903,0,472,9,6,5,1540,15,14,1554,3,4,3,9
6351.32,1624908908558,50.008673619,1,0,0,9,22,1288,13,1442,8,0,0,0,70,41,6765825,0,39,9,148,10618,2504367,24002,1310,2,192977,139566,55670,56310,20543,11398,20556,10992,74,1088,1088,33,37082,17590,24242509,2235,71,428,2828,4511368,4511265,116,132,71,83,160,6765460,4295283,93,123,2998,316,1159,0,83,0,916,8427169,2965,0,491,9,6,5,1525,14,10,1535,9,2,1,11
6401.33,1624908965393,50.008709958,1,0,0,9,22,1288,13,1461,8,0,0,0,26,60,6454695,0,41,9,148,6634,2233110,22743,1308,2,195772,141687,61647,62120,24422,14248,24439,13827,74,1136,1137,60,43661,21125,22543853,2277,84,428,2837,4480073,4479957,116,132,83,96,174,6454357,4255385,94,134,3212,338,1428,11,96,2,960,7854401,2927,0,500,10,6,5,1544,17,10,1554,10,3,2,13
6451.34,1624909022242,50.009178535,1,0,0,9,22,1288,13,1451,8,0,0,0,58,72,6628897,0,25,9,150,6896,2382286,23297,1310,2,195495,141513,59929,60715,23874,14517,23927,13953,75,1091,1091,33,42927,20743,23502811,2241,76,431,2835,4501527,4501425,118,133,74,86,164,6628774,4278761,93,125,3163,333,1403,0,86,0,916,8203610,2973,0,489,9,6,5,1559,17,10,1569,9,3,2,12
6501.35,1624909079283,50.009934555,1,0,0,6,17,1285,11,1426,7,0,0,0,30,74,6542645,0,27,7,140,7904,2311959,22062,1313,1,193039,139672,57620,58505,20882,11436,20936,11213,70,1093,1093,37,38063,17801,23044404,2237,79,425,5399,4482826,4482723,112,127,77,90,168,6542409,4261403,94,129,2990,320,1166,0,90,0,920,8031742,2783,0,441,8,6,5,1525,14,10,1535,8,3,2,10
6551.36,1624909135950,50.009325189,1,0,0,9,22,1288,13,1419,8,0,0,0,26,49,6374970,0,25,9,148,3509,2136102,21680,1310,2,193130,139704,57129,58103,20742,11998,20816,11748,74,1089,1089,37,37860,17696,21991836,2229,75,425,2829,4490265,4490168,116,130,73,86,164,6374783,4271810,94,125,2982,319,1163,0,86,0,912,7773524,2783,0,442,9,6,5,1540,14,10,1550,9,3,2,12
6601.37,1624909192460,50.009333829,1,0,0,9,22,1288,13,1447,8,0,0,0,18,52,6484901,0,29,9,148,12400,2252235,22687,1308,2,196036,141942,61792,62577,24196,14022,24252,13858,74,1095,1095,37,43825,20950,22737532,2241,82,425,2835,4487633,4487534,116,131,80,93,172,6484790,4261934,94,131,3163,332,1403,0,93,0,920,7982809,2864,0,471,10,6,5,1545,17,10,1555,10,3,2,13
6651.38,1624909249544,50.009070117,1,0,0,9,22,1288,13,1441,8,0,0,0,54,53,6861260,0,29,9,148,14492,2590681,22902,1309,2,195778,141715,60494,61317,24047,13516,24108,13606,74,1088,1088,33,43089,20850,24819148,2235,78,427,2835,4523897,4523798,116,132,78,92,168,6861060,4300454,93,129,3171,332,1417,0,91,0,915,8745145,2995,0,493,10,6,5,1568,17,10,1578,10,4,3,14
6701.39,1624909306646,50.009100751,1,0,0,6,17,1285,11,1442,7,0,0,0,46,67,6763769,0,34,7,140,13107,2513193,23287,1309,1,192285,139074,56474,57115,20762,11935,20766,11559,70,1131,1132,60,37485,17764,24259036,2267,72,430,2831,4498935,4498847,112,128,72,84,162,6763563,4282221,94,124,3025,324,1193,11,84,2,954,8285379,2922,0,492,8,6,5,1532,14,10,1542,8,3,2,11
6751.4,1624909363361,50.009611477,1,0,0,9,22,1288,13,1434,8,0,0,0,44,28,6695333,0,28,9,150,13959,2457759,22429,1311,2,194359,140908,55946,56394,22185,13629,20397,11654,75,1086,1086,33,38596,19313,23927165,2231,70,426,2835,4489086,4489002,118,133,68,78,151,6695123,4271254,89,118,3003,329,1185,0,79,0,911,8127895,2859,0,458,8,6,5,1525,14,10,1535,8,3,2,11
6801.41,1624909419953,50.009121519,1,0,0,9,22,1288,13,1433,8,0,0,0,4,50,6392851,0,25,9,148,13901,2188307,23958,1308,2,196157,142022,61540,62371,24127,14081,24156,13827,74,1100,1100,37,43689,20888,22312316,2249,77,425,2835,4463152,4463045,116,132,76,89,168,6392731,4237329,94,127,3172,333,1408,0,90,0,927,7659369,2812,0,490,10,6,5,1553,17,10,1563,10,3,2,13
6851.42,1624909477048,50.009227908,1,0,0,9,22,1288,13,1437,8,0,0,0,2,60,6290903,0,33,9,148,10169,2038055,21842,1310,2,195492,141547,61982,62785,24191,14022,24252,13921,74,1097,1097,37,43856,20968,21504929,2245,80,423,2835,4504815,4504711,116,132,80,93,172,6290814,4279173,94,131,3172,332,1406,0,93,0,917,7616285,2776,0,485,10,6,5,1563,17,10,1573,10,3,2,13
6901.43,1624909534089,50.010597862,1,0,0,9,23,1288,14,1429,10,0,0,0,29,45,6579738,0,27,9,152,11646,2358585,21519,1312,2,192318,139163,57732,58555,20887,11436,20928,11056,76,1089,1089,37,38049,17780,23290687,2229,79,423,2829,4473116,4473017,120,136,77,93,168,6579607,4254859,94,129,2986,319,1169,0,90,0,918,7696398,2793,0,464,9,14,12,1542,15,13,1555,4,5,2,9
6951.44,1624909591013,50.009253409,1,0,0,6,17,1285,11,1450,7,0,0,0,60,47,6703847,0,33,7,140,7076,2459592,24107,1309,1,195784,141757,61196,62038,24221,13897,24297,13638,70,1131,1132,60,43467,21018,23964865,2267,80,433,5407,4503900,4503801,112,127,79,91,170,6703694,4277036,94,130,3195,336,1429,11,91,2,958,8012248,3038,0,518,9,6,5,1547,17,10,1557,3,4,3,9
7001.45,1624909647503,50.008805892,1,0,0,10,25,1288,15,1444,9,0,0,0,0,67,6475199,0,25,9,156,9881,2225209,23219,1309,2,195119,141154,60009,60600,23922,14298,23929,13953,78,1089,1089,33,42847,20748,22576993,2236,75,424,2835,4503416,4503312,118,134,74,87,164,6474848,4280388,93,125,3159,333,1402,0,86,0,913,7714411,2797,0,468,12,7,8,1545,18,13,1558,4,4,2,12
7051.46,1624909704540,50.008158815,1,0,0,10,25,1288,15,1461,9,0,0,0,10,65,6493306,0,27,9,158,8184,2281089,22045,1314,2,195055,141081,59301,60451,23783,13732,23905,13607,78,1088,1088,33,42623,20676,22832369,2233,75,424,2831,4466473,4466378,118,134,74,88,164,6492623,4243951,93,125,3139,325,1382,0,85,0,916,7611623,2800,0,480,12,7,8,1561,18,13,1574,4,4,2,12
7101.47,1624909761435,50.009308106,1,0,0,10,25,1288,15,1430,9,0,0,0,14,52,6651926,0,34,9,156,11099,2409046,21859,1309,2,192729,139436,58180,58930,21045,12008,21092,11780,78,1099,1099,37,38281,17893,23665554,2249,82,424,2829,4490837,4490727,118,132,81,94,172,6651726,4271818,94,133,3005,321,1163,0,95,0,922,7888548,2770,0,453,12,7,8,1535,15,13,1548,4,4,2,12
7151.48,1624909818330,50.008990649,1,0,0,6,22,2565,16,2792,12,0,0,0,26,50,6610016,0,42,12,160,8374,2362922,23161,2620,1,195773,141804,63338,63962,24275,13487,24291,13197,80,1091,1091,37,43850,21042,23419922,2233,81,425,2835,4503293,4503181,122,138,80,93,172,6609522,4276494,94,131,3176,332,1408,0,93,0,916,8197185,2873,0,474,6,11,5,2857,18,15,2872,2,3,2,6
7201.49,1624909875282,50.009175729,1,0,0,9,22,1288,13,1444,9,0,0,0,34,43,6422491,0,31,9,148,6436,2211667,21937,1309,2,196144,142082,62216,63042,24275,14305,24318,14205,74,1138,1139,64,44004,21064,22434103,2273,79,428,2837,4469341,4469240,118,134,77,91,170,6422274,4243098,95,128,3201,336,1434,11,91,2,957,7615977,2911,0,482,9,10,8,1554,18,13,1567,3,4,2,9
7251.5,1624909932001,50.008683201,1,0,0,10,25,1288,15,1434,9,0,0,0,50,46,6463544,0,25,9,156,8776,2221522,21793,1311,2,194335,140791,61432,62001,24074,14080,24046,13575,78,1084,1084,37,43595,20873,22553858,2219,77,422,2835,4496471,4496360,118,133,76,89,168,6463080,4272769,94,127,3139,332,1403,0,89,0,917,7776858,2877,0,489,12,7,8,1558,18,13,1571,4,4,2,12
7301.51,1624909988938,50.009259570,1,0,0,10,25,1288,15,1428,9,0,0,0,2,50,6527822,0,25,9,156,5733,2301804,21276,1309,2,192349,139022,55884,56748,20564,11397,20632,11244,78,1090,1090,33,37095,17572,22944248,2239,73,424,2830,4475789,4475699,118,134,71,84,160,6527611,4259165,93,123,2994,323,1164,0,83,0,915,8135101,2668,0,447,12,7,8,1532,15,13,1545,4,4,2,12
7351.52,1624910045326,50.009262151,1,0,0,9,22,1288,13,1444,9,0,0,0,0,49,6612235,0,27,9,148,11948,2331110,21604,1310,2,194629,140804,60026,60998,23869,13795,23966,13638,74,1086,1086,33,42897,20753,23310828,2231,76,423,2835,4534114,4534019,118,134,74,88,164,6612008,4311367,93,125,3154,336,1401,0,86,0,916,8058398,2796,0,460,12,10,8,1553,18,13,1566,8,4,2,12
7401.53,1624910102275,50.008992081,1,0,0,6,17,1285,11,1440,7,0,0,0,36,46,6572060,0,25,7,140,10750,2313164,21908,1312,1,194571,140825,60012,60809,23887,14173,23971,13953,70,1082,1082,33,42927,20765,23120932,2223,74,423,5405,4516210,4516117,112,128,74,86,164,6571703,4291337,93,125,3147,333,1402,0,86,0,917,7953103,2854,0,482,9,6,5,1566,17,10,1576,9,3,2,12
7451.54,1624910159064,50.010118025,1,0,0,9,22,1288,13,1436,8,0,0,0,0,49,6577422,0,25,9,148,12196,2304696,22098,1309,2,192931,139266,59996,61316,22727,13137,24124,14047,74,1085,1085,37,42021,19524,23117120,2221,81,421,2828,4525222,4525126,116,132,79,94,172,6577362,4302942,94,131,3129,321,1386,0,92,0,920,7962173,2750,0,485,10,6,5,1552,17,10,1562,10,3,2,13
7501.55,1624910216520,50.009165566,1,0,0,9,22,1288,13,1416,8,0,0,0,0,46,6395141,0,32,9,148,15886,2144743,21114,1309,2,192686,139370,57951,58831,20967,11814,21040,11402,74,1134,1135,64,38264,17906,22092160,2265,75,429,2831,4500290,4500195,116,132,74,87,166,6394944,4280924,95,126,3023,323,1188,11,87,2,951,7790850,2795,0,466,10,6,5,1530,14,10,1540,10,3,2,13
7551.56,1624910273481,50.009542068,1,0,0,9,23,1288,14,1439,9,0,0,0,20,67,6455183,0,33,9,152,9016,2213403,22479,1310,2,195345,141467,61843,62469,24210,13803,24232,13481,76,1094,1094,37,43823,20964,22508821,2239,81,424,2835,4499132,4499017,118,133,80,93,172,6454727,4273950,94,131,3166,332,1407,0,93,0,920,7914430,2848,0,492,10,10,9,1560,17,10,1570,10,5,3,15
7601.57,1624910330277,50.009054334,1,0,0,6,22,2565,16,2788,12,0,0,0,44,80,6587606,0,25,12,160,17907,2324832,22794,2618,1,194849,141034,61332,62182,23875,13825,23968,13575,80,1084,1084,33,42882,20768,23238067,2227,75,425,2835,4515947,4515845,122,138,74,87,164,6587458,4292244,93,125,3149,332,1405,0,86,0,911,7986451,2928,0,510,8,11,5,2841,18,15,2856,8,3,2,11
7651.58,1624910386999,50.008785558,1,0,0,9,22,1288,13,1433,8,0,0,0,80,60,6576671,0,30,9,148,24355,2332748,23421,1309,2,193577,140069,57498,57561,20894,11500,20722,10961,74,1093,1093,33,37777,17816,23206712,2245,77,429,2829,4495869,4495765,116,132,76,87,165,6576278,4278045,93,126,3007,322,1166,0,90,0,917,8028094,2994,0,511,10,6,5,1538,14,10,1548,9,3,2,11
7701.59,1624910443786,50.009412258,1,0,0,9,22,1288,13,1442,8,0,0,0,20,64,6421656,0,27,9,148,13978,2166330,21406,1310,2,194299,140918,58417,58615,22357,12538,20885,11087,74,1088,1088,33,39294,19274,22243407,2235,77,424,2835,4505566,4505465,116,132,76,87,164,6421489,4285982,93,127,3015,328,1190,0,90,0,912,7912114,2799,0,474,10,6,5,1531,14,10,1541,10,3,2,13
7751.6,1624910500354,50.009264025,1,0,0,9,22,1288,13,1435,8,0,0,0,40,71,6692530,0,33,9,148,18809,2432142,24328,1309,2,195826,141900,62399,63214,24274,13488,24331,13323,74,1139,1140,64,44038,21065,23889631,2275,79,431,2837,4520248,4520147,116,132,77,90,170,6692376,4294122,95,128,3206,338,1436,11,90,2,962,8290512,2983,0,512,10,6,5,1567,17,10,1577,10,3,2,13
7801.61,1624910557670,50.009223370,1,0,0,9,22,1288,13,1433,8,0,0,0,4,63,6476888,0,33,9,148,12739,2209413,21946,1310,2,195441,141542,61676,62554,24063,13955,24134,13796,74,1092,1092,37,43657,20858,22539070,2235,78,423,2835,4522814,4522717,116,132,76,90,168,6476731,4297458,94,127,3163,335,1409,0,89,0,918,8032122,2830,0,479,8,6,5,1559,17,10,1569,8,3,2,10
7851.62,1624910614347,50.009133798,1,0,0,10,23,1289,13,1418,8,0,0,0,34,53,6360378,0,26,9,148,14725,2107235,21923,1309,2,192991,139672,57475,58293,20785,11874,20844,11338,74,1094,1094,37,37901,17717,21885056,2239,75,425,5399,4504599,4504501,116,132,73,86,164,6360227,4283222,94,125,2993,319,1167,0,87,0,921,7697704,2850,0,476,9,6,5,1534,15,14,1548,9,3,2,12
7901.63,1624910670979,50.008625631,1,0,0,9,22,1288,13,1438,8,0,0,0,52,54,6679668,0,25,9,148,11887,2438979,21838,1315,2,194861,141384,58423,58494,23116,13131,20951,11118,74,1088,1088,33,40104,20069,23818244,2234,72,428,2835,4494257,4494154,116,132,72,84,160,6679280,4274078,93,123,3004,327,1187,0,84,0,910,8199344,2894,0,483,10,6,5,1549,14,10,1559,10,3,2,13
7951.64,1624910727381,50.011771774,1,0,0,9,22,1288,13,1441,8,0,0,0,14,89,6542764,0,40,9,148,13613,2283543,23723,1310,2,194137,140507,60684,61625,24027,13738,24082,13606,74,1084,1084,33,43144,20842,22965631,2227,79,422,2835,4514052,4513957,116,132,79,93,168,6542513,4291224,93,129,3171,335,1405,0,91,0,911,7975563,2888,0,488,10,6,5,1541,17,10,1551,10,3,2,13
8001.65,1624910784065,50.009382573,1,0,0,9,23,1288,14,1447,9,0,0,0,36,53,6517613,0,37,9,152,8430,2263657,21993,1311,2,195885,141807,61769,62682,24397,14026,24478,13796,76,1134,1135,60,43709,21142,22833768,2273,84,432,2837,4512332,4512229,118,134,83,96,174,6517441,4286901,94,134,3205,337,1427,11,95,2,949,7836116,2978,0,506,10,10,9,1552,17,10,1562,10,5,3,15
8051.66,1624910841187,50.008710929,1,0,0,6,22,2565,16,2775,12,0,0,0,8,68,6326225,0,27,12,162,15690,2100671,21193,2617,1,193348,139875,59212,59805,20885,11436,20881,11181,81,1099,1099,37,38095,17786,21776764,2249,77,425,2829,4476021,4475914,124,140,77,90,168,6325750,4254778,94,129,3000,320,1163,0,90,0,921,7704128,2750,0,437,8,11,5,2835,15,15,2850,8,3,2,11
8101.67,1624910897606,50.008677760,1,0,0,9,22,1288,13,1446,8,0,0,0,20,61,6370982,0,29,9,148,9540,2146352,20855,1309,2,195218,141699,60007,60127,22980,13233,21102,11056,74,1094,1094,37,40506,19808,22065489,2238,79,425,2835,4478156,4478050,116,132,78,90,168,6370588,4255677,94,129,3013,327,1192,0,91,0,922,7655923,2839,0,458,9,6,5,1526,14,10,1536,9,3,2,11
8151.68,1624910954364,50.008671083,1,0,0,9,22,1288,13,1445,8,0,0,0,44,51,6722795,0,25,9,148,11658,2475491,23124,1311,2,195887,141920,61550,62161,24248,13891,24267,13890,74,1094,1094,37,43642,21008,24089298,2239,77,427,2835,4504583,4504468,116,131,76,90,168,6722360,4279456,94,127,3160,332,1412,0,89,0,924,8583722,2926,0,482,10,6,5,1563,17,10,1573,10,3,2,13
8201.69,1624911011577,50.008800417,1,0,0,9,22,1288,13,1434,8,0,0,0,4,71,6294551,0,32,9,148,17922,2056390,22478,1309,2,194932,141051,60088,60743,23908,13354,23908,13166,74,1083,1083,33,42899,20743,21599931,2225,75,424,2835,4490276,4490167,116,132,74,86,164,6294115,4267180,93,125,3161,332,1409,0,86,0,913,7593718,2830,0,464,9,6,5,1552,17,10,1562,9,3,2,12
8251.7,1624911068204,50.009091650,1,0,0,9,22,1288,13,1418,8,0,0,0,2,56,6583512,0,25,9,148,17444,2308759,20917,1310,2,192916,139456,55910,56678,20551,11177,20620,11119,74,1089,1089,33,37162,17584,23144632,2237,72,425,2829,4519807,4519708,116,132,71,83,160,6583330,4302499,93,123,2991,320,1168,0,83,0,915,8003676,2779,0,445,8,6,5,1538,14,10,1548,8,3,2,10
8301.71,1624911125173,50.009745915,1,0,0,10,23,1289,13,1453,8,0,0,0,4,62,6610371,0,25,9,148,18117,2339110,20731,1310,2,192554,139654,58201,58636,23040,13037,21033,10930,74,1079,1079,33,39900,19948,23320369,2217,74,424,2835,4515563,4515468,116,130,72,84,160,6610166,4296653,93,123,2989,329,1188,0,84,0,911,7868503,2739,0,449,9,6,5,1538,15,14,1552,9,3,2,12
8351.72,1624911181683,50.009294118,1,0,0,9,23,1288,14,1430,8,0,0,0,38,51,6320177,0,25,9,152,7886,2090677,22370,1309,2,196034,142015,61569,62453,24068,14145,24164,13953,76,1097,1097,37,43654,20895,21765359,2245,78,426,2835,4485385,4485290,118,134,76,91,168,6319993,4259402,94,127,3168,333,1413,0,90,0,927,7522910,2964,0,488,11,6,5,1565,17,10,1575,10,3,2,13
8401.73,1624911238797,50.009228127,1,0,0,9,22,1288,13,1447,8,0,0,0,46,44,6683584,0,26,9,148,3502,2418794,22360,1311,2,195820,141854,61584,62420,26080,15878,24102,13481,74,1089,1089,37,43733,22861,23766223,2229,78,426,2836,4522891,4522789,116,132,76,93,168,6683437,4297061,94,127,3153,333,1407,0,90,0,916,7981913,2943,0,499,10,6,5,1564,17,10,1574,10,3,2,13
8451.74,1624911295525,50.009270612,1,0,0,9,23,1288,14,1421,9,0,0,0,66,32,6744726,0,29,9,152,6610,2474946,23398,1310,2,193559,140111,57798,58646,20905,11531,20946,11308,76,1095,1095,37,38111,17818,24097676,2240,78,428,2829,4519984,4519881,118,134,77,90,168,6744592,4300518,94,129,2995,319,1164,0,90,0,926,8137498,2957,0,492,9,10,9,1534,14,10,1544,9,4,2,13
8501.75,1624911352319,50.011960126,1,0,0,6,22,2565,16,2813,12,0,0,0,3,37,6380351,0,31,12,160,4269,2130630,22567,2623,1,195542,141508,62892,63696,24329,13553,24375,13512,80,1091,1091,33,43544,21035,22029352,2240,88,424,2835,4508058,4507948,122,138,86,98,176,6380083,4281849,93,137,3170,332,1403,0,98,0,910,7503460,2782,0,479,6,11,5,2855,18,15,2870,2,3,2,6
8551.76,1624911409566,50.008902660,1,0,0,10,26,1288,16,1446,10,0,0,0,28,47,6451629,0,31,9,160,7959,2211434,22590,1311,2,195627,141628,62667,63251,24547,14656,24561,14174,80,1134,1135,60,43999,21190,22496311,2271,84,431,2838,4498390,4498275,120,135,83,96,177,6451239,4272636,96,135,3206,342,1434,11,96,2,950,7488119,2908,0,479,12,11,12,1555,18,13,1568,4,5,2,12
8601.77,1624911466905,50.010170578,1,0,0,10,25,1288,15,1436,9,0,0,0,46,70,6656068,0,27,9,156,13430,2420447,21958,1310,2,193430,139821,56538,57954,20733,11744,23360,14236,78,1091,1091,33,37857,17688,23699673,2240,73,427,2829,4484914,4484822,118,134,72,86,163,6655904,4267228,93,124,3007,323,1185,0,85,0,916,7822219,2930,0,509,9,7,8,1540,18,13,1553,3,4,2,9
8651.78,1624911523780,50.009203947,1,0,0,10,25,1288,15,1427,9,0,0,0,2,53,6460202,0,25,9,156,5482,2185866,24580,1308,2,192524,139154,55914,56748,20559,11209,20635,11118,78,1091,1091,33,37087,17578,22369671,2240,73,425,2829,4522723,4522629,118,134,71,83,160,6459993,4306033,93,123,2995,320,1161,0,83,0,915,7696358,2784,0,444,12,7,8,1534,15,13,1547,4,4,2,12
8701.79,1624911580722,50.009063082,1,0,0,6,17,1285,11,1447,7,0,0,0,2,44,6448747,0,25,7,140,7205,2193851,23718,1309,1,195897,141833,61447,62267,24033,13861,24110,13732,70,1093,1093,37,43651,20846,22420744,2236,77,425,2834,4514016,4513911,112,128,76,89,168,6448532,4288547,94,127,3157,329,1405,0,89,0,924,7592547,2791,0,471,6,6,5,1562,17,10,1572,2,3,2,6
8751.8,1624911637464,50.009036293,1,0,0,9,22,1288,13,1440,9,0,0,0,14,63,6560910,0,40,9,148,6235,2308449,23830,1310,2,195581,141657,62030,62852,24185,14023,24218,13858,74,1095,1095,37,43852,20928,23090780,2240,80,424,2835,4510061,4509953,118,134,80,94,172,6560691,4284669,94,131,3185,332,1414,0,93,0,916,7715263,2924,0,494,9,11,9,1557,18,13,1570,3,4,2,9
8801.81,1624911694568,50.009214921,1,0,0,10,25,1288,15,1421,9,0,0,0,2,75,6264710,0,31,9,156,23561,2030060,23047,1309,2,192995,139628,58006,58812,20968,11498,21005,11244,78,1140,1141,64,38253,17880,21422636,2276,75,429,2831,4481131,4481037,118,134,74,87,166,6264565,4261522,95,126,3030,323,1195,11,87,2,956,7484572,2818,0,461,12,7,8,1525,15,13,1538,4,4,2,12
8851.82,1624911750868,50.008775972,1,0,0,10,25,1288,15,1434,9,0,0,0,44,48,6621644,0,25,9,156,15055,2377324,23012,1311,2,193169,140130,57343,57637,21365,11713,20644,11181,78,1085,1085,33,38176,18315,23472619,2228,73,424,2835,4494939,4494838,118,134,72,84,160,6621179,4277796,93,123,3004,331,1194,0,84,0,912,8010614,2891,0,483,12,7,8,1525,15,13,1538,4,4,2,12
8901.83,1624911806870,50.008722515,1,0,0,10,25,1288,15,1448,9,0,0,0,24,68,6454184,0,27,9,156,16394,2229028,22411,1310,2,195740,141668,60540,61045,24059,14143,24067,13795,78,1092,1092,33,43047,20823,22582539,2242,79,426,2835,4477917,4477805,118,134,78,90,168,6453837,4254242,93,129,3166,333,1406,0,90,0,913,7774189,2909,0,488,9,7,8,1548,18,13,1561,3,4,2,9
8951.85,1624911864180,50.015271720,1,0,0,6,17,1285,11,1437,7,0,0,0,9,65,6217110,0,31,7,140,9742,2023408,22103,1310,1,195439,141425,60114,60871,23903,13826,23934,13387,70,1093,1093,33,42941,20750,21283384,2244,76,425,5405,4449992,4449896,112,128,74,86,164,6216837,4223840,93,125,3174,333,1410,0,86,0,915,7566703,2840,0,472,6,6,5,1555,17,10,1565,2,3,2,6
9001.86,1624911920942,50.009262707,1,0,0,10,26,1288,16,1423,10,0,0,0,2,87,6428269,0,25,9,160,17267,2203811,21567,1310,2,192861,139514,57706,58511,20920,11122,20981,11245,80,1093,1093,37,38086,17806,22418749,2237,79,423,2828,4472427,4472326,120,136,77,90,168,6428074,4253304,94,129,2990,316,1166,0,91,0,915,7686408,2736,0,457,12,11,12,1531,15,13,1544,4,5,2,12
9051.87,1624911977359,50.009171112,1,0,0,10,25,1288,15,1428,9,0,0,0,36,43,6662267,0,27,9,156,10817,2393201,21217,1311,2,192720,139459,57304,58089,20726,11022,20782,10866,78,1091,1091,37,37864,17700,23609974,2233,75,426,2829,4518584,4518486,118,134,73,86,164,6662104,4300295,94,125,2983,319,1159,0,86,0,911,7862680,2875,0,473,12,7,8,1539,15,13,1552,4,4,2,12
9101.88,1624912033883,50.009243947,1,0,0,9,21,1288,12,1444,8,0,0,0,46,61,6505164,0,26,9,144,19314,2264891,22803,1313,2,195252,141454,61515,62365,24064,13515,24146,13198,72,1089,1089,37,43619,20869,22824511,2229,78,424,2835,4498935,4498841,116,132,76,89,168,6504974,4274132,94,127,3152,333,1404,0,89,0,917,7936924,2962,0,489,12,6,4,1553,18,13,1566,8,3,2,13
9151.89,1624912090300,50.009249216,1,0,0,10,23,1285,13,1433,8,0,0,0,2,51,6393347,0,25,9,148,11133,2169158,20694,1309,2,194772,140926,60164,60938,23920,13701,23956,13261,74,1087,1087,33,42863,20762,22222351,2232,76,423,2836,4476139,4476035,114,130,74,87,164,6393174,4253193,93,125,3156,336,1399,0,87,0,914,7669799,2824,0,471,8,6,5,1543,17,10,1553,8,3,2,10
9201.9,1624912147193,50.008920880,1,0,0,10,23,1289,13,1418,8,0,0,0,2,65,6587259,0,25,9,148,18089,2346843,22018,1309,2,192087,138811,55925,56891,20535,11178,20660,11056,74,1088,1088,33,37099,17575,23290745,2235,71,423,2829,4487448,4487355,116,131,71,85,160,6586786,4271165,93,123,2989,320,1159,0,83,0,911,8205739,2752,0,472,10,6,5,1522,15,14,1536,9,3,2,12
9251.91,1624912203934,50.009225422,1,0,0,9,22,1288,13,1416,8,0,0,0,24,55,6453500,0,25,9,148,19869,2246568,21561,1309,2,190767,137955,55921,56837,20551,11050,20663,10551,74,1079,1079,33,37130,17586,22609476,2216,72,421,2829,4453086,4452990,116,132,71,84,160,6453295,4238067,93,123,2969,321,1165,0,83,0,914,7928461,2800,0,472,9,6,5,1534,14,10,1544,9,3,2,12
9301.92,1624912260724,50.009295240,1,0,0,9,22,1288,13,1452,8,0,0,0,44,58,6575941,0,25,9,148,11278,2336868,22735,1311,2,196170,142114,61962,62924,24174,13519,24276,13481,74,1092,1092,37,43854,20952,23238555,2235,82,426,2834,4493651,4493548,116,132,80,94,172,6575701,4267803,94,131,3163,329,1408,0,93,0,921,8009417,2977,0,507,10,6,5,1560,17,10,1570,10,3,2,13
9351.93,1624912318090,50.008789850,1,0,0,9,23,1288,14,1444,9,0,0,0,24,61,6691864,0,33,9,152,15686,2431569,21781,1311,2,194811,141136,62254,62693,24276,14148,24268,13985,76,1136,1137,64,44000,21046,23858333,2268,77,427,2837,4518010,4517896,118,134,77,90,170,6691448,4292609,95,128,3196,336,1437,11,90,2,951,7895925,2930,0,484,9,10,9,1555,17,10,1565,9,4,2,13
9401.94,1624912374897,50.010258805,1,0,0,6,22,2565,16,2774,12,0,0,0,34,37,6669030,0,31,12,160,9481,2427273,22728,2620,1,193280,139885,59193,60013,20855,11563,20939,11874,80,1095,1095,37,38112,17777,23745505,2240,79,426,5399,4498883,4498783,122,138,77,91,168,6668925,4275641,94,129,2997,319,1171,0,91,0,916,7915233,2916,0,488,8,11,5,2844,15,15,2859,8,3,2,10
9451.95,1624912431576,50.009605522,1,0,0,9,22,1288,13,1436,8,0,0,0,62,67,6757453,0,25,9,148,6792,2514878,22775,1309,2,194642,141220,58012,58494,22368,12942,20844,11276,74,1088,1088,33,39197,19299,24285897,2233,74,427,2836,4495451,4495363,116,131,72,83,160,6757211,4275789,93,123,3005,331,1189,0,84,0,918,8097550,2933,0,472,8,6,5,1539,14,10,1549,8,3,2,10
9501.96,1624912488265,50.009228319,1,0,0,9,22,1288,13,1433,8,0,0,0,28,41,6630789,0,27,9,148,9747,2362769,21399,1310,2,195374,141389,60090,60989,23905,14330,23966,13890,74,1088,1088,33,42873,20750,23456574,2234,76,425,2835,4523423,4523326,116,131,74,89,164,6630633,4299691,93,125,3160,333,1405,0,86,0,917,8237900,2947,0,490,10,6,5,1560,17,10,1570,10,3,2,13
9551.97,1624912544902,50.010248596,1,0,0,9,22,1288,13,1436,8,0,0,0,12,61,6530415,0,38,9,148,11607,2276608,22719,1309,2,195681,141594,60600,61455,24049,14334,24103,13827,74,1092,1092,33,43134,20846,22909464,2242,80,426,2835,4510562,4510445,116,132,78,90,168,6530177,4286309,93,129,3184,333,1405,0,91,0,912,7834732,2897,0,482,10,6,5,1543,17,10,1553,10,4,3,14
9601.98,1624912601410,50.011862798,1,0,0,10,23,1285,13,1419,8,0,0,0,21,55,6858135,0,31,9,148,16436,2577853,23384,1311,2,193092,139640,55952,56776,20575,11650,20633,11591,74,1137,1138,64,37349,17632,24694745,2271,71,430,2830,4527702,4527605,116,132,70,82,157,6857848,4309402,91,121,3025,319,1186,11,82,2,961,8485567,2787,0,444,7,6,5,1531,14,10,1541,7,3,2,9
9651.99,1624912658426,50.009201433,1,0,0,9,22,1288,13,1442,8,0,0,0,0,58,6599198,0,25,9,148,8535,2327824,22727,1309,2,195059,141513,59629,60100,23211,12977,21260,11118,74,1095,1095,37,40662,20072,23221190,2240,76,425,2835,4526355,4526258,116,130,74,88,164,6598993,4303861,94,125,3011,327,1185,0,87,0,922,8183645,2791,0,442,8,6,5,1539,14,9,1548,8,3,2,10
9702,1624912715089,50.008751565,1,0,0,9,22,1288,13,1437,8,0,0,0,34,44,6572934,0,25,9,148,4846,2340471,23789,1311,2,195719,141756,61546,62167,24089,14364,24066,14079,74,1092,1092,37,43629,20872,23243034,2235,76,425,2835,4489786,4489673,116,132,76,89,168,6572476,4264172,94,127,3156,332,1404,0,89,0,920,8070462,2935,0,480,10,6,5,1548,17,10,1558,10,3,2,13
9752.01,1624912771747,50.009179304,1,0,0,9,23,1288,14,1439,9,0,0,0,44,44,6702361,0,28,9,152,5227,2424784,23932,1314,2,195368,141424,60221,60966,23915,13890,23998,13511,76,1089,1089,33,42862,20758,23826077,2236,75,426,2836,4532335,4532240,118,133,74,86,164,6702188,4308831,93,125,3165,337,1404,0,86,0,916,8117994,2978,0,481,11,10,9,1562,17,10,1572,9,4,2,11
9802.02,1624912829001,50.009332385,1,0,0,9,22,1288,13,1433,8,0,0,0,12,42,6652237,0,27,9,148,10630,2403973,21422,1309,2,193058,139570,56895,57757,20860,12161,20964,11842,74,1091,1091,33,37546,17789,23623212,2241,80,425,2829,4498380,4498278,116,132,79,91,168,6652021,4280062,93,131,3001,320,1166,0,91,0,913,8025252,2785,0,455,8,6,5,1528,14,10,1538,8,3,2,10
9852.03,1624912885998,50.008775690,1,0,0,6,17,1285,11,1455,7,0,0,0,14,46,6463527,0,37,7,140,9726,2188075,24575,1310,1,194535,140827,62179,62809,24556,14187,24556,13764,70,1130,1131,60,43874,21189,22459231,2265,87,426,5407,4530437,4530321,112,128,87,99,178,6463133,4303524,94,138,3197,337,1425,11,99,2,946,7878302,2839,0,465,7,6,5,1553,17,10,1563,7,3,2,9
9902.04,1624912942811,50.013624659,1,0,0,9,22,1288,13,1435,8,0,0,0,4,60,6182213,0,27,9,148,8717,1980173,21997,1310,2,195923,141835,61473,62380,24043,14336,24119,14079,74,1091,1091,37,43640,20864,21041241,2233,78,425,2834,4459482,4459385,116,132,77,90,168,6181881,4234019,94,127,3155,329,1402,0,90,0,924,7361934,2860,0,480,9,6,5,1556,17,10,1566,9,3,2,12
9952.05,1624913000006,50.009587788,1,0,0,10,26,1288,16,1419,9,0,0,0,34,52,6476170,0,25,9,160,19756,2238608,21526,1312,2,193034,139666,57238,58511,20742,11558,20838,11559,80,1092,1092,37,37885,17691,22621517,2235,75,426,2828,4486903,4486807,118,134,73,89,164,6475950,4268539,94,125,2984,316,1165,0,86,0,916,7803662,2869,0,485,10,7,9,1541,14,10,1551,7,5,3,12
10002.1,1624913056642,50.008816130,1,0,0,10,25,1288,15,1416,9,0,0,0,62,51,6564252,0,25,9,156,13377,2303890,22821,1309,2,193261,139894,57345,58024,21733,12661,20764,11339,78,1090,1090,37,37883,18641,23075515,2231,74,427,2829,4508947,4508850,118,134,73,86,164,6563905,4290333,94,125,2980,319,1163,0,86,0,918,8026199,2957,0,476,12,7,8,1517,15,13,1530,4,4,2,12
10052.1,1624913113676,50.008683322,1,0,0,6,22,2565,16,2787,12,0,0,0,0,46,6395988,0,26,12,160,7533,2184986,23007,2618,1,195023,141217,62188,62551,23903,14424,23958,14487,80,1091,1091,35,42993,20744,22291768,2235,75,423,2836,4468383,4468273,122,138,74,86,165,6395597,4242526,93,125,3161,336,1406,0,86,0,915,7884064,2853,0,481,6,11,5,2864,18,15,2879,2,3,2,6
10102.1,1624913170863,50.008654558,1,0,0,10,26,1288,16,1436,10,0,0,0,2,64,6266916,0,25,9,160,5417,2073981,20527,1311,2,194949,141050,60197,60894,23917,14015,23920,13669,80,1091,1091,33,42921,20757,21593447,2241,75,424,2836,4442115,4441973,120,136,74,88,164,6266527,4219057,93,125,3164,336,1404,0,86,0,918,7666948,2837,0,458,12,11,12,1552,18,13,1565,4,5,2,11
10152.1,1624913228043,50.009670164,1,0,0,10,25,1288,15,1430,9,0,0,0,0,59,6394505,0,31,9,156,13978,2174100,19224,1310,2,192966,139471,56612,57551,20794,11399,20860,11023,78,1136,1137,60,37528,17761,22219856,2277,74,430,2831,4467706,4467614,118,133,72,87,162,6394317,4249736,94,124,3034,324,1187,11,85,2,948,7733240,2894,0,472,12,7,8,1543,15,13,1556,4,4,2,12
10202.1,1624913284999,50.011099615,1,0,0,10,25,1288,15,1449,9,0,0,0,14,42,6516856,0,25,9,156,13143,2243971,21767,1310,2,195590,141526,60116,60769,23908,13165,23877,12819,78,1087,1087,33,42892,20757,22758002,2233,75,426,2835,4527855,4527751,118,134,74,86,164,6516436,4304344,93,125,3159,334,1401,0,87,0,913,7916372,2884,0,471,12,7,8,1540,18,13,1553,4,4,2,12
10252.1,1624913342270,50.008851646,1,0,0,9,22,1288,13,1431,9,0,0,0,28,57,6515612,0,26,9,148,12764,2244932,22166,1308,2,194879,141143,61447,62096,24073,14269,24057,14110,74,1089,1089,37,43654,20847,22777883,2229,77,423,2834,4523995,4523889,118,134,76,89,168,6515207,4299603,94,127,3152,329,1401,0,89,0,919,7866640,2932,0,497,12,10,8,1556,18,13,1569,8,4,2,12
10302.1,1624913399329,50.011176243,1,0,0,10,23,1289,13,1435,8,0,0,0,92,54,6636098,0,31,9,150,14537,2394800,22607,1310,2,193751,140288,57744,58579,20912,11059,20950,10709,75,1096,1096,37,38078,17787,23545082,2243,79,429,2828,4493882,4493783,118,134,77,90,168,6635905,4274974,94,129,3000,316,1161,0,90,0,925,8001699,3094,0,519,9,6,5,1523,15,14,1537,9,3,2,12
10352.1,1624913455508,50.009358486,1,0,0,9,22,1288,13,1440,8,0,0,0,64,37,6815471,0,41,9,148,6940,2566033,22699,1312,2,193483,140087,58807,59664,21251,11572,21281,11244,74,1093,1093,37,38544,18003,24554503,2237,87,427,2829,4500403,4500294,116,132,85,98,176,6815310,4280660,94,137,3008,319,1168,0,98,0,926,8230159,3018,0,505,10,6,5,1536,14,10,1546,10,3,2,13
10402.1,1624913512292,50.009160471,1,0,0,9,22,1288,13,1448,8,0,0,0,26,47,6376113,0,32,9,148,6804,2194275,21845,1310,2,195532,141527,60918,61777,24089,14364,24150,13985,74,1133,1134,60,43253,20912,22265449,2271,77,430,2838,4439666,4439570,116,132,75,87,166,6375962,4215530,94,126,3201,341,1429,11,87,2,956,7479553,2876,0,497,10,6,5,1564,17,10,1574,10,3,2,13
10452.1,1624913568926,50.009087204,1,0,0,9,23,1288,14,1434,9,0,0,0,62,56,6499816,0,27,9,152,23349,2243245,22686,1311,2,195252,141369,60160,60960,23910,14456,23960,14079,76,1090,1090,33,42871,20758,22750019,2239,76,427,2835,4511986,4511890,118,133,74,86,164,6499616,4289073,93,125,3164,333,1403,0,86,0,911,7972575,3037,0,517,9,10,9,1551,17,10,1561,9,4,2,13
10502.1,1624913625596,50.011983825,1,0,0,6,22,2565,16,2786,12,0,0,0,24,37,6589203,0,25,12,160,9839,2331899,22793,2620,1,195432,141426,61503,62423,23889,13795,23978,13669,80,1089,1089,33,42906,20763,23235433,2237,76,426,2835,4515540,4515446,122,138,74,89,164,6588946,4291146,93,125,3159,333,1401,0,87,0,917,7955311,2927,0,497,9,11,5,2851,18,15,2866,8,3,2,11
10552.1,1624913682714,50.011850813,1,0,0,9,22,1288,13,1425,8,0,0,0,79,48,6516106,0,25,9,148,18574,2290785,22093,1308,2,192634,139493,57329,58149,20713,11401,20751,11119,74,1089,1089,37,37862,17692,22912755,2229,75,426,2828,4475822,4475724,116,132,73,86,164,6515891,4258001,94,125,2978,316,1165,0,87,0,921,7876655,3007,0,498,9,6,5,1526,14,10,1536,9,3,2,11
10602.1,1624913739059,50.009930382,1,0,0,140,271,19357,255,22339,214,0,0,0,2,190,6147530,0,85,18767,331711,15718,2297105,31664,19976,4,125428,90852,165448,152274,85979,62442,70296,45736,165856,1481,1481,37,93916,77596,22704821,3012,242,2971,344,4424266,4423974,177,178,240,288,375,6147342,4373881,212,333,4048,393,2456,20,291,3,7241,7459797,168387,0,793,159,13,33,20387,27,18155,38542,9,14,12,16
10652.1,1624913796326,50.009057981,1,0,0,4,17,268,13,410,2,0,0,0,66,39,5875304,0,35,2,118,11910,2287709,17957,262,0,181103,130748,55324,55581,24863,14363,23617,13166,59,208,209,60,43631,21927,21612915,419,72,372,2837,3823916,3823823,72,82,71,82,157,5874960,3615021,90,121,1358,336,1443,11,82,2,164,7569616,1926,0,515,7,1,15,501,16,13,514,7,3,2,9
10702.1,1624913865499,50.009387619,1,0,0,9,22,1288,13,1429,8,0,0,0,24,55,5707151,0,26,9,148,11296,2150340,19770,1310,2,191329,137810,53422,54277,21926,12281,20532,10772,74,153,153,33,38547,19038,20723820,364,73,391,2829,3802085,3801992,116,132,71,84,160,5707015,3586844,93,123,1115,320,1160,1,83,1,129,7263872,1752,0,512,7,6,5,1532,14,10,1542,7,3,2,9
10752.1,1624913922485,50.009100994,1,0,0,9,22,1288,13,1467,8,0,0,0,74,62,6035500,0,30,9,148,8192,2464049,18866,1310,2,194663,140562,59500,60129,25560,14718,24133,13134,74,159,159,37,45337,22419,22662283,369,81,393,2834,3824755,3824647,116,132,80,93,172,6035286,3600806,94,131,1295,329,1402,0,93,0,131,7777654,1975,0,568,10,6,5,1553,17,10,1563,10,3,2,13
10802.1,1624913979580,50.010413905,1,0,0,9,22,1288,13,1455,8,0,0,0,85,53,5718154,0,29,9,148,22249,2163966,18596,1310,2,193954,140086,60656,60335,25764,14563,24124,12946,74,155,155,37,45734,22525,20865812,361,82,392,2834,3806769,3806650,116,133,81,93,173,5717863,3582973,94,130,1284,331,1403,0,96,0,128,7330304,2040,0,573,10,6,5,1559,17,10,1569,10,3,2,13
10852.1,1624914036571,50.009737524,1,0,0,9,23,1288,14,1441,9,0,0,0,4,61,5798845,0,26,9,152,8034,2230621,18661,1310,2,194018,139844,58522,59842,25100,14622,24082,13292,76,158,158,37,44604,21973,21247000,367,81,391,2830,3821290,3821192,118,134,79,97,172,5798679,3597929,94,131,1279,324,1387,0,92,0,132,7438785,1824,0,547,9,10,9,1553,17,10,1563,9,4,2,13
10902.1,1624914093628,50.009150011,1,0,0,10,23,1289,13,1443,8,0,0,0,80,77,5836974,0,33,9,148,14076,2268207,18660,1309,2,191204,137846,54169,55071,22185,12001,20814,10174,74,198,199,60,38963,19203,21476393,401,74,398,5402,3810578,3810484,116,132,72,86,162,5836794,3592563,94,124,1160,327,1193,11,84,2,164,7376592,1983,0,546,9,6,5,1539,15,14,1553,9,3,2,12
10952.1,1624914150524,50.009212906,1,0,0,9,22,1288,13,1444,8,0,0,0,18,39,5727307,0,27,9,148,10393,2177821,18037,1309,2,193877,139817,57717,58548,25274,15216,23879,13827,74,152,152,33,44368,22201,20887184,363,75,391,2836,3800741,3800642,116,132,74,88,164,5727040,3578962,93,125,1291,336,1413,0,88,0,126,7222892,1784,0,532,10,6,5,1551,17,10,1561,10,3,2,13
11002.1,1624914207328,50.008817532,1,0,0,10,26,1288,16,1455,9,0,0,0,32,46,5722432,0,25,9,160,11210,2167332,17719,1310,2,192972,139190,57599,58079,25264,14615,23802,13449,80,150,150,33,44340,22178,20850350,359,74,389,2835,3806063,3805970,118,134,74,86,164,5722223,3584973,93,125,1282,333,1411,0,86,0,126,7164227,1827,0,534,9,7,9,1552,17,10,1562,7,5,3,12
11052.1,1624914263660,50.009116118,1,0,0,9,21,1288,12,1448,8,0,0,0,80,53,5914511,0,27,9,144,7261,2364350,18378,1311,2,194130,140193,58942,59739,25470,15279,24092,13890,72,155,155,37,45092,22305,22031849,361,78,393,2834,3803293,3803185,116,131,76,90,168,5914339,3579763,94,127,1284,330,1409,0,89,0,129,7589627,1961,0,557,13,6,4,1561,18,13,1574,9,3,2,14
11102.1,1624914320688,50.008937410,1,0,0,6,22,2565,16,2787,12,0,0,0,68,60,6105261,0,25,12,160,14982,2526986,19225,2619,1,191349,138040,56578,57213,22241,12351,20812,10677,80,156,156,37,39562,19210,23035465,363,78,392,2828,3825333,3825236,122,139,77,90,168,6105118,3606990,94,129,1117,316,1172,0,90,0,131,7995092,1893,0,548,8,11,5,2837,15,15,2852,8,3,2,11
11152.1,1624914377318,50.010068779,1,0,0,9,22,1288,13,1448,8,0,0,0,71,48,5880616,0,38,9,148,7098,2314364,19336,1311,2,194194,140229,59067,59648,25480,14965,24017,13575,74,158,158,37,45085,22314,21750383,367,77,393,2835,3819745,3819635,116,131,76,89,168,5880283,3596340,94,127,1302,333,1412,0,89,0,131,7545647,1984,0,548,10,6,5,1561,17,10,1571,9,3,2,11
11202.1,1624914434072,50.008447065,1,0,0,10,26,1288,16,1448,9,0,0,0,66,52,5704002,0,33,9,160,18725,2150321,18124,1310,2,193535,139664,58362,58780,25470,14431,24048,12915,80,198,199,60,44707,22349,20757684,401,76,392,2838,3804252,3804156,118,134,75,89,166,5703551,3582608,94,126,1330,340,1439,11,88,2,164,7254929,1966,0,542,10,7,9,1554,17,10,1564,4,5,3,10
11252.1,1624914491270,50.011485105,1,0,0,10,25,1288,15,1438,9,0,0,0,64,65,5717853,0,29,9,156,15318,2168491,16205,1310,2,191546,137967,54022,55530,22018,12315,23251,13228,78,155,155,33,38903,19091,20831410,369,74,393,2830,3790892,3790793,118,135,72,85,163,5717731,3575209,93,124,1138,326,1187,0,84,0,128,7118642,1896,0,536,12,7,8,1553,18,13,1566,4,4,2,12
11302.1,1624914547833,50.009322869,1,0,0,9,22,1288,13,1426,9,0,0,0,86,55,5833017,0,26,9,148,17714,2270611,18710,1310,2,190373,137228,53351,54163,21934,12281,20545,10866,74,154,154,33,38530,19014,21469831,367,73,392,2829,3804611,3804520,118,133,71,83,160,5832880,3590865,93,123,1121,320,1162,0,83,0,128,7445977,1990,0,541,9,10,8,1533,15,13,1546,3,4,2,9
11352.1,1624914604543,50.009093723,1,0,0,10,23,1289,13,1449,8,0,0,0,26,55,5746997,0,27,9,148,3721,2174133,19165,1310,2,194442,140281,58868,59762,25412,14652,24047,13166,74,157,157,37,45073,22290,20937260,365,77,392,5404,3830102,3830010,116,131,76,90,168,5746872,3603827,94,127,1285,329,1401,0,90,0,131,7086121,1824,0,529,9,6,5,1559,18,14,1573,3,4,3,9
11402.1,1624914661772,50.009254984,1,0,0,10,25,1288,15,1449,9,0,0,0,54,50,5794962,0,26,9,156,14832,2225749,19082,1309,2,194671,140531,59427,60244,25551,14594,24162,12914,78,157,157,37,45304,22374,21260473,365,82,393,2834,3821117,3821019,118,134,80,93,172,5794766,3597115,94,131,1295,329,1410,0,94,0,132,7168835,1976,0,554,12,7,8,1548,18,13,1561,4,4,2,12
11452.1,1624914718980,50.009099516,1,0,0,9,21,1288,12,1427,8,0,0,0,108,58,5836576,0,31,9,144,12416,2282556,17775,1309,2,191518,138223,55519,56273,22335,12350,20945,10772,72,198,199,64,39722,19325,21505201,393,75,398,2831,3800321,3800220,116,131,74,87,166,5836420,3583191,95,126,1148,323,1192,11,87,2,164,7504053,2054,0,556,11,6,4,1531,15,13,1544,7,2,1,10
11502.1,1624914775859,50.010952300,1,0,0,15,42,2572,27,2840,18,0,0,0,82,65,5810313,0,32,33,202,16807,2261884,19373,2622,3,182666,132232,64838,65570,25702,14254,53547,41926,101,559,560,49,46254,22270,21425423,1145,85,381,5455,3795759,3795638,141,155,84,106,173,5809663,3576978,95,135,2090,353,1447,3,107,1,473,7354591,2543,0,573,16,17,16,2916,20,22,2938,6,7,3,17
11552.1,1624914832478,50.009207110,1,0,0,10,25,1288,15,1449,9,0,0,0,30,46,6588662,0,26,9,156,9259,2355279,21954,1311,2,195586,141575,60304,61019,23883,13983,23921,13575,78,1092,1092,33,42875,20719,23340181,2243,74,426,2836,4489188,4489090,118,134,74,86,164,6588443,4265853,93,125,3168,336,1413,0,86,0,927,7669211,2985,0,496,13,7,8,1562,18,13,1575,4,4,2,11
11602.1,1624914889115,50.009203128,1,0,0,9,22,1288,13,1453,8,0,0,0,66,62,6597478,0,26,9,148,15393,2365746,22848,1310,2,195100,141272,60227,61160,23948,14833,24016,14394,74,1084,1084,33,42900,20771,23399313,2227,76,426,2835,4488214,4488124,116,132,74,87,164,6597278,4265544,93,125,3158,333,1417,0,86,0,920,8068415,3024,0,513,9,6,5,1561,17,10,1571,9,3,2,12
11652.1,1624914946190,50.008765498,1,0,0,6,22,2565,16,2784,12,0,0,0,74,61,6667309,0,26,12,162,18943,2416276,22348,2621,1,192809,139483,57672,58352,20694,11433,20714,11245,81,1084,1084,33,37298,17638,23715702,2227,76,427,5398,4501698,4501597,124,139,75,88,164,6666895,4281432,93,127,2981,316,1160,0,87,0,912,8221105,3024,0,511,8,11,5,2826,15,15,2841,8,3,2,11
11702.1,1624915002478,50.008840842,1,0,0,9,22,1288,13,1462,8,0,0,0,18,67,6358083,0,39,9,148,8211,2137774,23821,1311,2,194843,141426,62377,62636,23046,12996,21883,11276,74,1139,1140,64,41088,19652,22005691,2275,92,429,2836,4476472,4476353,116,133,91,104,185,6357723,4252952,97,143,3059,330,1222,11,105,2,954,7716963,2909,0,483,9,6,5,1547,14,10,1557,9,3,2,12
11752.1,1624915058999,50.009152673,1,0,0,9,22,1288,13,1449,8,0,0,0,40,57,6426075,0,28,9,148,8376,2193787,23878,1310,2,196108,142053,62047,62840,24194,14527,24249,14174,74,1096,1096,37,43852,20962,22377348,2243,81,426,2835,4491036,4490936,116,132,80,94,172,6426011,4265322,94,131,3166,333,1403,0,94,0,925,7884400,2977,0,516,10,6,5,1548,17,10,1558,10,3,2,13
11802.1,1624915115315,50.009057854,1,0,0,9,22,1288,13,1450,8,0,0,0,12,53,6666235,0,27,9,148,15788,2439472,22526,1311,2,196328,142168,62158,63019,24236,14085,24268,13765,74,1096,1096,37,43845,20963,23798587,2242,81,425,2836,4485812,4485702,116,133,80,94,172,6666052,4259432,94,131,3169,336,1408,0,93,0,925,8345887,2907,0,503,9,6,5,1567,17,10,1577,9,3,2,12
11852.1,1624915172588,50.010354082,1,0,0,9,22,1288,13,1426,9,0,0,0,14,55,6713574,0,25,9,148,9813,2477615,21567,1310,2,193385,139748,56616,58121,20696,11336,23371,13637,74,1089,1089,33,37332,17674,24037466,2237,74,426,2830,4486959,4486869,118,134,72,87,163,6713498,4268738,93,124,3005,326,1187,0,84,0,920,7977862,2820,0,468,9,10,8,1550,18,13,1563,3,4,2,9
11902.1,1624915229667,50.011115007,1,0,0,10,23,1289,13,1428,8,0,0,0,23,42,6715515,0,25,9,148,5788,2455383,24357,1311,2,193289,139768,56547,57050,20708,11937,20734,11779,74,1089,1089,33,37304,17641,23951155,2235,75,426,2830,4511645,4511529,116,132,75,87,164,6714830,4293974,93,127,2996,323,1172,0,87,0,922,8384982,2819,0,466,7,6,5,1525,15,14,1539,3,3,2,6
11952.1,1624915285900,50.009185574,1,0,0,9,22,1288,13,1462,8,0,0,0,0,42,6503286,0,38,9,148,21181,2270368,23691,1309,2,194951,141062,60097,60892,23883,13732,23907,13544,74,1087,1087,33,42855,20753,22848401,2233,76,428,2834,4487334,4487242,116,132,74,86,164,6503092,4264501,93,125,3168,329,1407,0,86,0,916,7759977,2829,0,475,10,6,5,1561,17,10,1571,10,3,2,13
12002.1,1624915342438,50.010408837,1,0,0,9,22,1288,13,1448,8,0,0,0,0,37,6548983,0,31,9,148,13458,2323972,22750,1311,2,195309,141448,62307,62938,24326,13991,24364,13795,74,1135,1136,64,44048,21073,23150207,2267,77,423,2836,4484198,4484091,116,132,77,90,170,6548741,4258427,95,128,3192,333,1436,11,91,2,951,8011208,2867,0,472,10,6,5,1562,17,10,1572,10,3,2,13
12052.1,1624915399733,50.008677933,1,0,0,9,23,1288,14,1428,10,0,0,0,14,47,6453496,0,25,9,152,9445,2225735,21240,1311,2,193386,139906,57357,57947,20727,11400,20749,11150,76,1090,1090,37,37860,17682,22507544,2231,74,426,2828,4478071,4477964,120,135,73,86,164,6453048,4259031,94,125,2981,316,1166,0,86,0,925,8025834,2816,0,481,8,14,12,1541,15,13,1554,4,5,2,8
12102.1,1624915456242,50.008663404,1,0,0,6,22,2565,16,2780,12,0,0,0,26,40,6595850,0,25,12,160,27896,2366300,21968,2621,1,192917,139625,58959,59505,20788,11464,20796,11307,80,1097,1097,37,37839,17698,23393837,2245,74,425,5400,4485563,4485463,122,139,73,86,164,6595468,4263062,94,125,2999,324,1176,0,86,0,926,8211587,2921,0,482,8,11,5,2837,15,15,2852,8,3,2,11
12152.1,1624915512594,50.009119056,1,0,0,9,22,1288,13,1454,8,0,0,0,2,32,6639755,0,31,9,148,5505,2399471,22485,1309,2,195950,141816,61206,61999,25116,14558,24223,13418,74,1094,1094,33,43330,21867,23612065,2247,82,426,2836,4497501,4497393,116,132,82,95,172,6639569,4272881,93,133,3173,336,1412,0,94,0,923,8128286,2858,0,490,9,6,5,1553,17,10,1563,9,3,2,11
12202.1,1624915569145,50.008992161,1,0,0,10,26,1288,16,1457,9,0,0,0,4,27,6697735,0,29,9,160,5984,2455818,21665,1312,2,195593,141556,61123,61834,24181,14149,24178,13827,80,1091,1091,33,43378,20930,23944494,2241,82,425,2835,4498530,4498428,118,134,82,95,172,6697623,4274322,93,133,3166,333,1411,0,94,0,917,7966407,2858,0,497,11,7,9,1555,17,10,1565,5,5,3,12
12252.1,1624915626238,50.012318628,1,0,0,9,21,1288,12,1433,8,0,0,0,13,54,6368497,0,31,9,144,21432,2140892,21806,1312,2,193583,139686,59147,60426,22875,13042,24003,13670,72,1130,1131,60,41798,19714,22065843,2265,75,429,2830,4480049,4479944,116,132,74,90,166,6368441,4258323,94,126,3172,325,1408,11,87,2,948,7741728,2873,0,484,12,6,4,1562,18,13,1575,8,3,2,12
12302.1,1624915682856,50.008848553,1,0,0,9,22,1288,13,1422,8,0,0,0,26,57,6654267,0,25,9,148,13895,2415315,22576,1310,2,193467,139979,57274,57961,20789,11179,20787,10772,74,1094,1094,37,37867,17686,23635071,2239,74,426,2828,4491023,4490918,116,132,73,87,164,6653892,4272332,94,125,2989,316,1164,0,86,0,924,8270041,2865,0,476,9,6,5,1535,14,10,1545,8,3,2,11
12352.1,1624915739723,50.009105887,1,0,0,9,22,1288,13,1481,8,0,0,0,48,56,6629528,0,26,9,148,14924,2403747,21517,1312,2,194419,140906,61537,61995,24052,14175,24074,13890,74,1086,1086,37,43707,20846,23584044,2223,78,423,2834,4481632,4481531,116,132,76,86,168,6629300,4257706,94,127,3145,329,1411,0,89,0,919,8078022,2954,0,515,8,6,5,1569,17,12,1581,8,3,2,10
12402.1,1624915795905,50.009104451,1,0,0,9,22,1288,13,1448,8,0,0,0,26,53,6672852,0,26,9,150,11029,2416781,22613,1310,2,196193,142131,61724,62434,24057,13546,24088,13481,75,1097,1097,37,43632,20865,23767209,2245,77,427,2836,4514710,4514608,118,134,76,89,168,6672655,4288684,94,127,3171,337,1416,0,89,0,926,8292056,2904,0,491,10,6,5,1561,17,10,1571,10,3,2,13
12452.1,1624915852452,50.011180558,1,0,0,9,22,1288,13,1442,8,0,0,0,3,45,6535145,0,25,9,148,10507,2310860,22533,1309,2,195178,141262,60728,61162,24021,14050,24019,13764,74,1088,1088,33,43089,20818,23048446,2235,79,424,2836,4479216,4479108,116,132,78,90,168,6534793,4255675,93,129,3165,336,1416,0,90,0,919,8180084,2846,0,482,10,6,5,1551,17,10,1561,10,3,2,13
12502.1,1624915909602,50.008705812,1,0,0,9,23,1288,14,1429,9,0,0,0,42,73,6813922,0,31,9,152,6827,2569465,22481,1309,2,191628,138632,56752,57322,20836,11242,20822,10615,76,1129,1130,60,37503,17759,24549626,2263,73,428,2832,4492502,4492395,118,134,72,84,162,6813473,4276161,94,124,3026,327,1196,11,84,2,949,8671885,2974,0,489,9,10,9,1538,14,10,1548,9,4,2,13
12552.1,1624915966681,50.009313210,1,0,0,6,22,2565,16,2790,12,0,0,0,14,35,6418623,0,25,12,160,11289,2168470,24856,2619,1,193878,140591,58813,59316,21817,12501,20857,11276,80,1084,1084,33,38630,18742,22234473,2227,74,424,5403,4507165,4507076,122,138,72,84,160,6418512,4285152,93,123,2994,324,1188,0,85,0,910,8033819,2790,0,448,8,11,5,2832,15,15,2847,8,3,2,10
12602.1,1624916023982,50.009072923,1,0,0,10,25,1288,15,1454,9,0,0,0,34,39,6706915,0,27,9,156,7935,2435733,23633,1310,2,195559,141652,61476,62442,24072,14301,24175,14205,78,1092,1092,37,43668,20875,23910426,2235,77,426,2834,4528725,4528623,118,134,76,90,168,6706700,4303440,94,127,3157,329,1408,0,89,0,920,8273906,2940,0,486,12,7,8,1564,18,13,1577,4,4,2,11
12652.1,1624916080729,50.011887554,1,0,0,9,22,1288,13,1438,8,0,0,0,7,49,6417544,0,31,9,148,4573,2165571,24143,1309,2,195467,141544,61478,62287,24057,13985,24101,13922,74,1093,1093,37,43696,20852,22234783,2237,78,424,2834,4511394,4511291,116,131,76,89,168,6417325,4285901,94,127,3161,329,1410,0,89,0,916,8030065,2798,0,466,9,6,5,1560,17,10,1570,9,2,1,11
12702.1,1624916137548,50.009263400,1,0,0,9,22,1288,13,1431,8,0,0,0,46,48,6559551,0,27,9,148,14058,2333254,22512,1310,2,192597,139430,57916,58723,20923,11876,20934,11811,74,1094,1094,37,38126,17798,23160636,2239,79,424,2830,4478389,4478289,116,132,77,90,168,6559395,4259827,94,129,2997,323,1173,0,90,0,919,8202365,2952,0,477,9,6,5,1545,14,10,1555,9,3,2,12
12752.1,1624916194034,50.009189607,1,0,0,6,17,1285,11,1450,7,0,0,0,28,79,6428952,0,40,7,140,27835,2210052,21353,1309,1,195074,141482,58453,58931,25067,15308,21046,11528,70,1093,1093,33,39976,21969,22437552,2245,74,431,2837,4473598,4473500,112,127,72,85,160,6428792,4252257,93,123,3033,331,1191,0,85,0,917,7670121,2853,0,440,4,6,5,1531,14,10,1541,2,3,2,4
12802.1,1624916251125,50.009040266,1,0,0,9,22,1288,13,1438,9,0,0,0,30,64,6369325,0,31,9,148,11673,2146075,22054,1312,2,196013,141894,60943,61742,24072,14176,24142,13795,74,1139,1140,60,43262,20923,22068351,2282,76,427,2838,4480366,4480263,118,131,75,88,166,6369167,4255292,94,126,3212,340,1437,11,88,2,951,7681267,2979,0,494,7,10,8,1564,18,13,1577,3,3,1,6
12852.1,1624916308501,50.008736616,1,0,0,9,22,1288,13,1450,8,0,0,0,2,53,6543546,0,25,9,148,7848,2328705,21972,1310,2,195424,141364,60029,60582,23872,13920,23884,13669,74,1085,1085,33,42883,20755,23117439,2229,75,424,2834,4471873,4471770,116,131,74,86,164,6543148,4248102,93,125,3151,329,1398,0,86,0,913,8164128,2781,0,474,10,6,5,1551,17,10,1561,10,3,2,13
12902.1,1624916365508,50.010438136,1,0,0,9,22,1288,13,1417,8,0,0,0,37,48,6590489,0,25,9,148,10852,2362212,20982,1309,2,193718,140167,57272,58163,20739,11085,20839,10866,74,1096,1096,37,37898,17690,23321819,2243,73,427,2828,4479603,4479506,116,132,73,87,164,6590338,4260306,94,125,2992,316,1161,0,86,0,920,7896494,2901,0,458,10,6,5,1544,14,10,1554,10,3,2,13
12952.1,1624916422750,50.008803921,1,0,0,9,22,1288,13,1449,9,0,0,0,16,56,6491662,0,25,9,148,11631,2274278,22590,1309,2,196390,142211,61952,62521,24205,14527,24188,14016,74,1096,1096,37,43848,20941,22850020,2243,81,427,2834,4471285,4471170,118,134,80,93,172,6491274,4244862,94,131,3172,329,1407,0,94,0,921,7869997,2909,0,480,7,10,8,1562,18,13,1575,3,4,2,7
13002.1,1624916479578,50.008833921,1,0,0,10,23,1289,13,1446,8,0,0,0,0,56,6603073,0,27,9,148,8134,2357470,22862,1310,2,196426,142214,61630,62359,24072,14208,24083,14079,74,1098,1098,37,43612,20881,23399154,2247,77,426,2835,4499557,4499463,116,132,76,92,168,6602893,4273440,94,127,3167,334,1402,0,90,0,920,7857148,2750,0,456,9,6,5,1559,18,14,1573,3,4,3,9
13052.1,1624916536577,50.008678429,1,0,0,10,25,1288,15,1429,9,0,0,0,46,46,6658048,0,32,9,156,10233,2427772,22235,1311,2,193978,140410,58287,58945,20994,11372,21003,11370,78,1143,1144,64,38259,17877,23736701,2283,74,429,2832,4483747,4483644,118,134,74,87,166,6657695,4263475,95,126,3044,329,1194,11,87,2,964,8177584,2979,0,481,12,7,8,1527,15,13,1540,4,4,2,12
13102.1,1624916593213,50.010085027,1,0,0,10,25,1288,15,1428,9,0,0,0,4,34,6442800,0,31,9,156,12026,2239782,21745,1311,2,193293,139717,56129,56963,20588,11177,20645,10740,78,1096,1096,33,37107,17595,22575435,2251,73,426,2830,4448077,4447987,118,134,72,83,159,6442558,4230593,93,123,3006,323,1162,0,84,0,917,7733741,2775,0,450,12,7,8,1533,15,13,1546,4,4,2,12
13152.1,1624916650077,50.010639038,1,0,0,9,22,1288,13,1453,9,0,0,0,38,69,6492474,0,27,9,148,15436,2274353,21623,1312,2,195142,141265,60363,61084,23916,14298,23968,13984,74,1089,1089,33,42898,20779,22829083,2237,74,425,2836,4474350,4474250,118,134,74,86,164,6491916,4251133,93,125,3159,336,1401,0,86,0,916,7734451,2916,0,489,10,10,8,1545,18,13,1558,3,4,2,8
13202.1,1624916706779,50.008779068,1,0,0,6,22,2565,16,2800,12,0,0,0,2,60,6450824,0,27,12,160,6086,2183322,23135,2622,1,194698,140867,61516,62203,23896,14108,23906,13575,80,1087,1087,33,42927,20760,22402758,2233,75,423,2834,4518951,4518852,122,138,74,86,164,6450465,4294774,93,125,3154,329,1398,0,86,0,912,7890446,2859,0,481,8,11,5,2862,18,15,2877,8,3,2,11
13252.1,1624916763935,50.009125407,1,0,0,10,26,1288,16,1433,10,0,0,0,32,71,6360023,0,25,9,160,19508,2141288,20911,1309,2,193720,140170,57865,58670,20887,11657,20965,11307,80,1090,1090,37,38092,17813,22025384,2231,78,426,2828,4467902,4467796,120,136,77,93,168,6359796,4248385,94,129,2986,316,1166,0,91,0,917,7768777,2845,0,478,12,11,12,1527,15,13,1540,4,6,3,12
