time,timestamp,seconds,connectivity,alarmtimer:alarmtimer_fired,alarmtimer:alarmtimer_start,block:block_bio_backmerge,block:block_bio_remap,block:block_dirty_buffer,block:block_getrq,block:block_touch_buffer,block:block_unplug,cachefiles:cachefiles_create,cachefiles:cachefiles_lookup,cachefiles:cachefiles_mark_active,clk:clk_set_rate,cpu-migrations,cs,dma_fence:dma_fence_init,fib:fib_table_lookup,filemap:mm_filemap_add_to_page_cache,gpio:gpio_value,ipi:ipi_raise,irq:irq_handler_entry,irq:softirq_entry,jbd2:jbd2_handle_start,jbd2:jbd2_start_commit,kmem:kfree,kmem:kmalloc,kmem:kmem_cache_alloc,kmem:kmem_cache_free,kmem:mm_page_alloc,kmem:mm_page_alloc_zone_locked,kmem:mm_page_free,kmem:mm_page_pcpu_drain,mmc:mmc_request_start,net:net_dev_queue,net:net_dev_xmit,net:netif_rx,page-faults,pagemap:mm_lru_insertion,preemptirq:irq_enable,qdisc:qdisc_dequeue,random:get_random_bytes,random:mix_pool_bytes_nolock,random:urandom_read,raw_syscalls:sys_enter,raw_syscalls:sys_exit,rpm:rpm_resume,rpm:rpm_suspend,sched:sched_process_exec,sched:sched_process_free,sched:sched_process_wait,sched:sched_switch,sched:sched_wakeup,signal:signal_deliver,signal:signal_generate,skb:consume_skb,skb:kfree_skb,skb:skb_copy_datagram_iovec,sock:inet_sock_set_state,task:task_newtask,tcp:tcp_destroy_sock,tcp:tcp_probe,timer:hrtimer_start,timer:timer_start,udp:udp_fail_queue_rcv_skb,workqueue:workqueue_activate_work,writeback:global_dirty_state,writeback:sb_clear_inode_writeback,writeback:wbc_writepage,writeback:writeback_dirty_inode,writeback:writeback_dirty_inode_enqueue,writeback:writeback_dirty_page,writeback:writeback_mark_inode_dirty,writeback:writeback_pages_written,writeback:writeback_single_inode,writeback:writeback_write_inode,writeback:writeback_written
50.0091,1625054676567,50.009101617,1,0,0,49,73,1295,23,2282,8,0,0,0,32,86,6323638,0,25,45,178,14552,2101924,23133,1305,3,197694,142377,66150,68656,24886,14507,25370,14615,89,1101,1101,33,44870,21489,21837284,2259,94,432,288,4481584,4481463,114,129,93,107,189,6323345,4254788,99,147,3263,341,1515,4,105,1,930,7857690,2952,0,546,9,10,21,1562,24,18,1580,9,12,10,14
100.018,1625054733353,50.008810084,1,0,0,18,30,1294,12,1516,5,0,0,0,0,44,6830002,0,27,11,144,3538,2548628,23194,1309,3,195987,141777,60598,61350,23899,14146,23925,13765,72,1088,1088,33,43050,20813,24588576,2233,79,425,264,4534469,4534367,112,129,78,95,168,6829658,4312639,93,129,3163,329,1403,0,91,0,914,8739465,2818,0,495,10,6,8,1543,21,15,1558,10,7,6,13
150.027,1625054790288,50.009128503,1,0,0,17,30,1293,13,1482,4,0,0,0,34,55,6616281,0,29,9,148,7799,2364102,21645,1308,2,193507,139891,55876,56769,20526,11179,20589,10740,74,1089,1089,33,37087,17571,23368658,2236,73,427,258,4499996,4499908,108,125,71,84,160,6616090,4285299,93,123,2990,316,1155,0,84,0,907,8262851,2817,0,479,10,6,8,1527,18,13,1540,10,7,6,13
200.038,1625054846665,50.010576212,1,0,0,19,35,1296,16,1502,5,0,0,0,18,58,6442421,0,29,11,160,20075,2219365,22054,1308,3,196549,142335,61884,62606,26068,15847,27077,16316,80,1099,1099,37,43692,22904,22551242,2247,77,427,267,4474999,4474895,112,129,76,91,168,6441985,4251130,94,127,3179,336,1406,0,90,0,932,7824533,2898,0,486,8,6,8,1558,22,17,1575,8,7,6,11
250.047,1625054903429,50.009374424,1,0,0,54,77,1300,22,1737,7,0,0,0,18,71,6741692,0,50,48,174,19716,2497816,23529,1312,4,198395,143762,81135,81658,30330,15707,30356,15844,87,1141,1142,64,60471,25999,24296928,2279,124,428,274,4513470,4513325,122,137,122,136,216,6741501,4275499,119,172,3255,345,1474,11,136,2,962,8358796,2932,0,531,9,6,9,1581,25,17,1598,9,8,7,12
300.061,1625054960274,50.013607498,1,0,0,18,34,1295,16,1506,5,0,0,0,29,63,6409669,0,43,11,160,12825,2189226,22542,1313,3,196508,142325,61699,62511,24019,14084,24050,13891,80,1099,1099,37,43637,20856,22294002,2249,78,432,266,4477632,4477528,112,129,76,91,168,6409411,4254355,94,127,3190,345,1420,0,89,0,928,7835777,2959,0,511,10,6,8,1557,21,13,1570,10,7,6,13
350.07,1625055017082,50.009412611,1,0,0,19,34,1295,15,1495,5,0,0,0,8,39,6548738,0,33,11,156,7088,2298377,22515,1310,3,193045,139543,56283,57155,20608,11435,20672,11182,78,1090,1090,33,37287,17632,22970980,2239,77,426,258,4497291,4497195,112,128,75,87,163,6548528,4282887,93,127,2999,318,1168,0,87,0,913,8050007,2802,0,471,10,6,8,1524,18,13,1537,10,7,6,13
400.079,1625055074087,50.009134880,1,0,0,17,30,1293,13,1499,4,0,0,0,42,48,6677870,0,25,9,148,10651,2419062,22456,1309,2,196095,141938,59993,60982,23790,13703,23912,13481,74,1088,1088,33,42868,20731,23776349,2235,76,428,264,4511592,4511499,108,124,74,92,164,6677690,4290721,93,125,3157,329,1407,0,88,0,920,8284229,2928,0,503,9,6,8,1544,21,13,1557,9,7,6,12
450.088,1625055131028,50.008645283,1,0,0,14,28,2571,14,2905,4,0,0,0,4,53,6498017,0,43,14,152,11216,2253662,22466,2609,2,195851,141703,61913,62422,23955,13736,23950,13355,76,1090,1090,33,43053,20819,22747950,2239,79,425,264,4498890,4498776,108,125,78,90,168,6497602,4276417,93,129,3174,338,1410,0,90,0,912,7919741,2871,0,488,9,6,8,2821,26,17,2838,8,7,6,10
500.097,1625055187749,50.009393241,1,0,0,19,34,1295,15,1502,5,0,0,0,52,63,6572572,0,36,11,154,27970,2339019,22881,1311,3,196107,141957,62056,63189,23782,13400,24461,13702,77,1145,1146,64,43407,20522,23261519,2287,86,428,263,4490955,4490847,110,125,84,99,178,6572434,4267701,95,136,3201,332,1414,11,98,2,972,8000221,3014,0,522,10,6,8,1553,21,13,1566,10,7,6,13
550.109,1625055244535,50.011502484,1,0,0,18,37,1294,19,1492,6,0,0,0,18,42,6578268,0,27,11,172,20845,2321824,21939,1308,3,193684,140123,57900,58676,20823,11436,20886,11181,86,1099,1099,37,38089,17790,23171466,2248,78,427,260,4504604,4504502,114,131,77,90,168,6577947,4287561,94,129,3003,323,1169,0,90,0,931,8177443,2834,0,499,10,10,15,1526,18,13,1539,10,8,6,14
600.118,1625055301466,50.009288730,1,0,0,18,35,1293,17,1549,5,0,0,0,12,47,6444890,0,27,9,164,20924,2190259,21077,1318,2,196563,142335,62163,62937,24129,13708,24170,13450,82,1101,1101,37,43801,20934,22417109,2253,81,427,266,4510544,4510443,110,128,80,93,172,6444793,4286910,94,131,3183,336,1414,0,93,0,928,7881431,2855,0,493,10,11,8,1553,21,13,1566,10,12,11,14
650.127,1625055358309,50.009143197,1,0,0,16,29,1292,13,1526,4,0,0,0,16,65,6466196,0,27,9,148,24552,2227624,21477,1310,2,196098,141988,61921,62616,24152,13425,24164,13071,74,1090,1090,37,43768,20962,22597514,2231,81,425,264,4494575,4494467,108,124,80,94,172,6466007,4271515,94,131,3152,329,1402,0,94,0,918,8072281,2843,0,493,9,6,8,1562,21,14,1576,9,7,6,12
700.136,1625055414848,50.008965465,1,0,0,17,34,1294,17,1494,5,0,0,0,2,39,6502893,0,27,12,162,12126,2290678,22124,1309,3,194370,140180,59468,60288,21757,11881,23846,13513,81,1094,1094,33,40814,18635,22900401,2247,82,426,258,4462274,4462171,114,131,81,96,175,6502491,4243389,95,134,3153,323,1380,0,95,0,917,8229845,2765,0,488,10,6,8,1549,21,13,1562,10,7,6,13
750.145,1625055471399,50.008805467,1,0,0,19,34,1295,15,1481,5,0,0,0,6,63,6345372,0,33,11,154,25529,2124153,21518,1309,3,193077,139557,56539,57189,20723,11464,20700,11024,77,1134,1135,60,37462,17750,21884804,2273,73,426,260,4469739,4469638,110,126,72,85,162,6344983,4254608,94,124,3030,320,1185,11,85,2,946,7698962,2788,0,464,10,6,8,1531,18,13,1544,10,7,6,13
800.154,1625055527426,50.009173885,1,0,0,19,38,1293,19,1498,6,0,0,0,42,61,6624949,0,25,11,172,7932,2381264,22283,1310,3,196450,142293,61621,62407,23999,13609,24057,13481,86,1097,1097,37,43616,20858,23507325,2245,78,427,266,4499571,4499472,112,126,76,89,168,6624727,4276637,94,127,3169,336,1408,0,89,0,929,8157994,2900,0,499,10,10,15,1556,21,13,1569,10,8,6,14
850.163,1625055584116,50.008738950,1,0,0,17,34,1295,17,1504,5,0,0,0,88,64,6491084,0,27,11,162,13920,2256065,22337,1309,3,196133,142155,62112,62709,24181,13394,24170,13135,81,1095,1095,37,43768,20971,22760458,2241,80,432,266,4487108,4486991,110,127,80,93,172,6490708,4264233,94,131,3167,336,1409,0,93,0,923,8065447,3051,0,515,8,6,8,1562,21,12,1574,8,7,6,10
900.172,1625055641411,50.009317104,1,0,0,15,28,1291,13,1512,4,0,0,0,52,48,6438559,0,30,9,148,13721,2216659,23214,1308,2,196291,142103,60973,62225,23720,13362,24109,13167,74,1101,1101,37,43119,20582,22486324,2253,81,428,261,4474411,4474306,108,125,79,94,172,6438310,4252073,94,131,3160,329,1385,0,93,0,931,7838249,2982,0,507,9,6,8,1556,21,12,1568,9,7,6,12
950.181,1625055698590,50.008844931,1,0,0,18,34,1295,16,1497,5,0,0,0,26,31,6404541,0,29,11,160,18607,2182874,21465,1310,3,193792,140192,57295,57887,20696,10930,20694,10521,80,1099,1099,37,37773,17685,22252363,2249,74,427,258,4471647,4471544,112,129,73,87,164,6404172,4254964,94,125,3002,319,1162,0,87,0,916,7809813,2766,0,458,10,6,8,1519,18,13,1532,10,7,6,13
1000.19,1625055755715,50.009094742,1,0,0,19,37,1294,18,1501,6,0,0,0,34,38,6435869,0,27,11,168,7441,2202624,22098,1309,3,196159,141948,60016,60848,23814,13165,23932,12945,84,1089,1089,33,42849,20774,22411437,2237,76,428,264,4488010,4487913,114,130,74,86,164,6435676,4267091,93,125,3158,329,1399,0,86,0,915,7996419,2867,0,489,10,10,15,1551,21,13,1564,10,8,6,14
1050.2,1625055812531,50.011620048,1,0,0,17,30,1293,13,1495,4,0,0,0,53,68,6480487,0,39,9,149,16426,2249821,22757,1311,2,195775,141721,60479,61280,23938,13171,23938,12978,74,1087,1087,33,43102,20830,22694401,2233,79,427,264,4484542,4484439,106,124,78,91,168,6480145,4263877,93,129,3167,329,1397,0,91,0,910,7975832,2988,0,504,9,7,8,1560,21,13,1573,9,7,6,12
1100.21,1625055869516,50.008840637,1,0,0,15,29,2572,14,2887,4,0,0,0,0,57,6162511,0,27,14,150,18183,1948253,20851,2608,2,193175,139617,57426,58060,20513,11303,20521,11056,75,1096,1096,33,37085,17578,20854187,2251,72,429,260,4457703,4457602,106,124,71,83,160,6162062,4241643,93,123,3004,323,1166,0,83,0,919,7414672,2649,0,432,8,6,8,2818,23,19,2837,8,7,6,10
1150.22,1625055925989,50.009129556,1,0,0,18,33,1294,15,1485,5,0,0,0,22,65,6483209,0,27,11,156,15556,2279734,21970,1308,3,193462,139973,57919,58842,20853,11436,20923,11276,78,1099,1099,37,38070,17771,22814468,2249,78,426,260,4453868,4453774,112,128,77,93,168,6483032,4236827,94,129,3008,323,1170,0,90,0,927,8196529,2805,0,450,10,6,8,1533,18,13,1546,10,7,6,13
1200.23,1625055982695,50.008842562,1,0,0,20,41,1295,21,1503,6,0,0,0,38,34,6598581,0,25,11,182,16056,2394324,24104,1312,3,196693,142453,61660,62282,24011,14208,24011,14111,91,1101,1101,37,43583,20863,23515524,2253,76,428,266,4460824,4460722,114,130,76,90,168,6598259,4237281,94,127,3182,336,1416,0,90,0,927,8358914,2932,0,480,10,7,15,1555,21,13,1568,10,8,6,14
1250.24,1625056039510,50.009157555,1,0,0,17,30,1293,13,1498,4,0,0,0,20,79,6445561,0,25,9,148,12605,2215091,23362,1308,2,196023,141935,61416,62403,23967,14019,24095,13576,74,1094,1094,37,43582,20842,22506545,2239,78,426,264,4483391,4483290,108,124,76,94,168,6445370,4260599,94,127,3159,329,1405,0,90,0,921,7893097,2830,0,476,10,6,8,1543,21,13,1556,10,7,6,13
1300.25,1625056095795,50.008637253,1,0,0,21,36,1297,15,1499,5,0,0,0,2,63,6150635,0,33,11,156,27988,1931606,22303,1308,3,195798,141644,60722,61343,24019,14144,24018,13670,78,1133,1134,60,43241,20904,20804668,2271,76,426,266,4473054,4472948,112,128,75,88,166,6150185,4251184,94,126,3199,333,1426,11,88,2,948,7572044,2821,0,469,8,6,8,1547,22,17,1564,8,7,6,11
1350.26,1625056152541,50.008727141,1,0,0,21,37,1298,16,1476,5,0,0,0,30,48,6365852,0,27,11,160,14594,2147562,21036,1308,3,192727,139332,55810,56366,20514,11272,20515,11024,80,1087,1087,33,37094,17580,22044656,2233,72,430,258,4457850,4457743,112,128,71,83,160,6365398,4244012,93,123,2983,316,1159,0,83,0,911,8010628,2751,0,461,8,6,8,1515,18,16,1531,8,7,6,10
1400.27,1625056208999,50.009208097,1,0,0,19,34,1295,15,1511,5,0,0,0,68,45,6790685,0,31,11,156,7284,2531636,24136,1309,3,196477,142286,61175,61893,24124,13520,24185,13229,78,1095,1095,33,43357,20936,24428281,2249,83,429,266,4513056,4512946,112,128,82,94,172,6790564,4291339,93,133,3185,336,1408,0,94,0,923,8609683,3047,0,520,10,6,8,1546,21,13,1559,10,7,6,13
1450.28,1625056265544,50.008887237,1,0,0,18,37,1294,19,1497,6,0,0,0,8,67,6243414,0,29,11,172,13148,2035516,21982,1308,3,196537,142314,62133,62764,24178,13519,24174,13575,86,1101,1101,37,43828,20966,21371357,2253,81,426,266,4465284,4465180,114,130,80,94,172,6243048,4241097,94,131,3178,336,1410,0,93,0,923,7691836,2820,0,491,10,10,15,1560,21,13,1573,10,8,6,14
1500.29,1625056322239,50.009463191,1,0,0,16,30,1293,14,1502,4,0,0,0,30,72,6392996,0,27,9,152,21570,2198363,22456,1309,2,196096,142020,61586,62626,24004,14587,24117,14237,76,1098,1098,37,43500,20832,22325538,2247,81,426,266,4450982,4450808,108,124,78,94,168,6392939,4228090,92,129,3175,336,1409,0,90,0,927,8004592,2912,0,505,9,6,8,1541,21,13,1554,9,7,6,12
1550.3,1625056379020,50.008884608,1,0,0,16,29,2572,13,2881,4,0,0,0,12,63,6582404,0,35,14,148,18697,2332302,21978,2608,2,193067,139672,59333,59895,20860,11784,20882,11182,74,1136,1137,64,38175,17871,23196953,2269,75,425,260,4500614,4500514,108,125,74,87,166,6581988,4282565,95,126,3022,322,1187,11,88,2,955,8055027,2859,0,461,8,6,8,2822,23,19,2841,8,7,6,10
1600.31,1625056436017,50.009332160,1,0,0,20,38,1294,18,1518,6,0,0,0,46,60,6407513,0,27,11,168,10167,2190762,22008,1321,3,195768,141747,59498,59735,23754,13449,21219,10929,84,1087,1087,33,41757,20674,22293570,2233,74,427,264,4470737,4470644,114,130,73,85,161,6407409,4250770,93,124,3140,327,1379,0,86,0,912,7930885,2917,0,478,11,14,11,1539,19,16,1555,9,13,11,13
1650.32,1625056493521,50.009387609,1,0,0,20,41,1295,21,1500,6,0,0,0,14,79,6504859,0,25,11,180,8143,2250080,20983,1309,3,195935,141701,58512,59728,23531,13226,23639,12946,90,1089,1089,33,42255,20582,22728216,2237,75,431,264,4506390,4506297,114,130,74,89,159,6504699,4286378,89,124,3162,328,1403,0,85,0,918,8148701,2838,0,489,14,8,19,1537,22,17,1554,9,9,6,14
1700.33,1625056550840,50.009379784,1,0,0,15,28,1291,13,1476,4,0,0,0,22,71,6372521,0,28,9,148,11636,2147596,22238,1311,2,193167,139345,57705,59032,21366,11463,23512,13008,74,1085,1085,33,40093,18363,22055952,2229,75,424,258,4474138,4474051,108,125,73,86,164,6372484,4257075,93,125,3133,321,1376,0,85,0,912,7939013,2817,0,478,9,6,8,1545,21,13,1558,9,7,6,12
1750.34,1625056607465,50.008749448,1,0,0,16,29,1288,13,1490,5,0,0,0,60,46,6523191,0,27,9,148,22078,2291514,22195,1309,2,194303,140645,57969,58598,20819,10902,20838,10583,74,1103,1103,37,38061,17762,22926719,2257,78,429,260,4480727,4480621,106,120,77,91,168,6522731,4263693,94,129,3013,323,1167,0,92,0,926,7983683,2939,0,482,9,10,12,1526,18,13,1539,7,8,6,9
1800.35,1625056663935,50.009314745,1,0,0,18,33,1294,15,1525,5,0,0,0,24,55,6384631,0,29,11,156,25094,2163628,22096,1310,3,196195,142089,61685,62480,24953,14303,24042,13387,78,1100,1100,37,43679,21781,22197625,2251,78,426,266,4477189,4477093,112,127,76,90,168,6384483,4254031,94,127,3178,336,1410,0,90,0,922,7740409,2845,0,472,8,6,8,1555,21,13,1568,8,7,6,10
1850.36,1625056721025,50.009150022,1,0,0,11,16,1291,5,1500,3,0,0,0,8,69,6478210,0,41,9,116,18157,2226094,21572,1301,2,196591,142339,61998,62947,24103,14150,24188,13701,58,1098,1098,37,43894,20928,22598210,2247,82,426,265,4509476,4509376,106,122,80,97,172,6478061,4285848,94,131,3183,332,1402,0,94,0,918,7779430,2835,0,483,10,4,6,1549,21,14,1563,10,2,1,12
1900.37,1625056777855,50.008952744,1,0,0,15,29,1292,14,1477,4,0,0,0,16,80,6257783,0,27,9,152,14899,2075510,21003,1308,2,193851,139835,58291,59131,22395,12910,23612,13575,76,1084,1084,33,41224,19364,21526846,2227,74,429,258,4432787,4432689,108,124,73,86,164,6257455,4214374,93,125,3131,322,1375,0,85,0,905,7583289,2767,0,476,10,6,8,1553,21,13,1566,10,7,6,13
1950.38,1625056834497,50.012139188,1,0,0,19,37,1296,18,1485,6,0,0,0,6,65,6394663,0,27,11,168,16813,2151656,21600,1310,3,192639,139243,56366,57282,20650,10677,20696,10331,84,1089,1089,33,37389,17667,22121413,2237,76,424,258,4488119,4488025,114,130,76,87,164,6394394,4273678,93,127,2995,316,1161,0,87,0,916,7817044,2726,0,452,9,10,15,1537,19,16,1553,9,8,6,13
2000.39,1625056891332,50.008710281,1,0,0,22,38,1299,16,1495,5,0,0,0,66,72,6579812,0,25,11,160,14897,2346221,22087,1310,3,196267,142074,60031,60778,23801,13416,23832,13323,80,1091,1091,33,42857,20726,23279329,2241,75,429,264,4488565,4488453,112,127,74,88,164,6579394,4267738,93,125,3164,329,1405,0,86,0,914,8035949,2977,0,501,9,6,8,1552,21,17,1569,9,7,6,11
2050.4,1625056948529,50.009222397,1,0,0,17,33,1294,16,1507,5,0,0,0,26,69,6247761,0,25,11,160,4222,2039608,21922,1309,3,196527,142322,61642,62501,24028,14019,24070,13764,80,1101,1101,37,43689,20865,21386179,2253,78,427,266,4462979,4462880,112,128,76,89,168,6247535,4239678,94,127,3179,336,1409,0,90,0,926,7452022,2914,0,498,9,6,8,1559,21,13,1572,9,7,6,12
2100.41,1625057005157,50.009525926,1,0,0,19,38,1295,19,1495,6,0,0,0,18,57,6275782,0,33,11,172,9582,2054246,22388,1311,3,194670,140556,60474,61667,22578,12448,24086,13386,86,1144,1145,64,42073,19436,21489785,2285,77,427,262,4476150,4476045,114,130,76,92,170,6275631,4254606,95,128,3196,332,1411,11,91,2,959,7756247,2891,0,489,10,10,15,1543,21,13,1556,10,8,6,14
2150.42,1625057061562,50.009196656,1,0,0,16,30,1293,14,1478,4,0,0,0,56,52,6668035,0,30,9,152,12336,2417837,22502,1308,2,193605,140135,57375,58174,20711,11244,20750,10709,76,1098,1098,37,37883,17702,23713921,2247,75,431,259,4499689,4499591,108,123,73,86,164,6667821,4283451,94,125,3000,321,1171,0,87,0,923,8303319,2881,0,480,9,6,8,1530,18,13,1543,9,7,6,12
2200.43,1625057118184,50.009237288,1,0,0,15,29,2572,14,2907,4,0,0,0,30,42,6649717,0,27,14,152,8611,2396530,23194,2607,2,196261,142051,62412,63200,24088,14085,24145,13418,76,1090,1090,33,43341,20932,23630294,2239,84,427,264,4509110,4509007,108,124,82,94,172,6649537,4286090,93,133,3164,329,1402,0,94,0,911,8185844,2875,0,488,8,6,8,2838,26,18,2856,8,7,6,11
2250.45,1625057175182,50.015235514,1,0,0,17,33,1294,16,1493,5,0,0,0,16,61,6522983,0,28,11,160,17939,2253226,20421,1309,3,195342,141333,60067,60879,23851,13796,23896,13418,80,1090,1090,33,42942,20747,22813295,2239,76,425,264,4520099,4520006,112,127,75,86,164,6522715,4299768,93,125,3158,330,1398,0,86,0,919,7894503,2840,0,480,10,6,8,1542,21,13,1555,10,7,6,13
2300.46,1625057231905,50.009576576,1,0,0,18,34,1295,16,1506,5,0,0,0,0,41,6781224,0,29,11,160,3716,2497041,22617,1310,3,195774,141579,59455,60709,23578,13390,23937,13104,80,1090,1090,33,42473,20495,24269789,2239,79,426,259,4535659,4535566,112,128,77,91,168,6781130,4315354,93,129,3145,321,1376,0,90,0,914,8397938,2828,0,475,10,6,8,1541,21,13,1554,10,7,6,13
2350.47,1625057288805,50.009021248,1,0,0,16,34,1292,18,1511,5,0,0,0,40,61,6630047,0,33,9,168,9447,2398051,22716,1319,2,194075,140470,58737,59434,21060,11252,21072,11024,84,1146,1147,64,38468,17955,23530972,2289,79,428,262,4483184,4483083,110,126,78,92,170,6629718,4265166,95,130,3049,327,1195,11,92,2,959,8366216,2926,0,467,10,11,8,1538,18,13,1551,10,12,11,14
2400.48,1625057345749,50.008680641,1,0,0,15,28,1291,13,1501,4,0,0,0,36,37,6606385,0,25,9,148,15384,2367657,23288,1310,2,196694,142465,61785,62223,26061,15659,26996,16159,74,1100,1100,37,43721,22876,23427891,2251,76,428,267,4494799,4494700,108,124,76,92,168,6605955,4271162,94,127,3176,336,1407,0,91,0,930,8156803,2971,0,487,7,10,13,1558,21,14,1572,3,8,6,7
2450.49,1625057402377,50.011936972,1,0,0,21,43,1292,22,1519,9,0,0,0,2,49,6410738,0,27,11,184,13531,2203310,23505,1320,3,196476,142258,62230,63083,24131,14276,24183,13828,92,1103,1103,37,43850,20956,22397484,2257,82,426,266,4462560,4462462,112,128,81,93,172,6410434,4238586,94,131,3189,336,1413,0,94,0,929,8043313,2838,0,475,15,12,8,1553,23,17,1570,9,13,11,15
2500.5,1625057459347,50.009411893,1,0,0,19,38,1291,19,1493,9,0,0,0,52,67,6639664,0,27,11,172,21905,2381303,22436,1308,3,193786,139826,57615,58925,21227,11336,23510,13418,86,1086,1086,33,39941,18211,23504380,2231,75,427,258,4508602,4508509,116,132,73,86,164,6639575,4291589,93,125,3134,321,1374,0,85,0,909,8377188,2942,0,472,15,11,14,1559,23,16,1575,5,10,6,15
2550.51,1625057516345,50.008645406,1,0,0,15,31,1291,16,1477,5,0,0,0,2,63,6406461,0,27,9,160,8265,2170340,21725,1310,2,192938,139441,55892,56532,20527,11147,20523,10836,80,1091,1091,33,37136,17574,22191290,2241,72,425,258,4483584,4483482,108,124,71,84,160,6406078,4269311,93,123,2990,316,1157,0,85,0,913,8008275,2711,0,440,12,7,11,1526,19,16,1542,4,8,6,12
2600.52,1625057572631,50.008732290,1,0,0,15,31,1291,16,1486,5,0,0,0,16,67,6477052,0,33,9,160,12071,2227517,22203,1308,2,195968,141811,60842,61412,24009,13767,24004,13324,80,1136,1137,60,43270,20915,22613580,2277,76,427,266,4500703,4500594,108,124,75,87,166,6476654,4278501,94,126,3205,333,1425,11,87,2,947,8172421,2829,0,449,12,7,11,1550,22,16,1566,4,8,6,12
2650.54,1625057629366,50.016998197,1,0,0,12,23,2568,11,2889,3,0,0,0,2,56,6702440,0,37,12,140,13735,2426761,22878,2607,1,195005,141223,63146,64025,24015,13390,24077,13135,70,1092,1092,37,43710,20912,23858689,2235,78,422,266,4530490,4530395,102,118,77,91,168,6702229,4306955,94,127,3170,336,1410,0,90,0,919,8372768,2770,0,437,6,6,8,2845,26,18,2863,2,7,6,6
2700.55,1625057686455,50.012080453,1,0,0,15,31,1291,16,1500,5,0,0,0,44,81,6592355,0,26,9,160,5101,2347477,22018,1309,2,195925,141941,61721,62592,24025,13422,24098,13198,80,1095,1095,37,43639,20882,23294106,2241,78,430,266,4499163,4499065,108,124,77,89,168,6592116,4276234,94,127,3166,336,1407,0,90,0,918,8110277,2895,0,459,12,7,11,1549,22,16,1565,4,8,6,12
2750.56,1625057742938,50.008840765,1,0,0,16,31,1291,15,1475,5,0,0,0,58,58,6773727,0,29,9,156,10824,2520524,22931,1309,2,193990,140444,57995,58657,20818,11184,20821,10993,78,1098,1098,37,38058,17786,24303545,2247,78,428,260,4501344,4501236,108,124,77,91,168,6773268,4283950,94,129,3004,325,1173,0,90,0,923,8528536,2905,0,461,12,7,11,1537,19,16,1553,4,8,6,12
2800.57,1625057799426,50.009113537,1,0,0,15,31,1291,16,1495,5,0,0,0,18,61,6548522,0,27,9,160,12686,2316401,21169,1307,2,193842,140245,57012,57405,20979,11526,20650,11339,80,1091,1091,33,37906,18023,23056468,2240,74,426,263,4480329,4480240,108,124,72,84,160,6548368,4264094,93,123,3008,324,1175,0,84,0,918,8132270,2812,0,434,12,7,11,1517,19,16,1533,4,8,6,12
2850.58,1625057855580,50.009303178,1,0,0,14,28,1291,14,1506,4,0,0,0,72,78,6542765,0,27,9,150,27001,2308300,22284,1310,2,195728,141719,60453,61367,23947,13801,24038,13575,75,1086,1086,33,43061,20827,23069040,2231,80,427,264,4488119,4488019,106,121,78,92,168,6542583,4266833,93,129,3154,330,1397,0,91,0,916,8018535,2999,0,471,9,10,11,1549,22,16,1565,3,8,6,9
2900.59,1625057912263,50.009142503,1,0,0,20,37,1295,17,1527,5,0,0,0,16,64,6566998,0,34,9,162,24563,2319689,22485,1321,2,195204,141261,60936,61700,24035,14335,24089,14111,81,1133,1134,60,43257,20899,23169406,2271,77,425,267,4500825,4500727,104,120,75,88,166,6566862,4279110,94,126,3199,338,1428,11,89,2,952,8114493,2905,0,482,9,11,8,1554,22,20,1574,3,12,11,8
2950.6,1625057969541,50.010468927,1,0,0,13,23,1291,10,1464,3,0,0,0,8,74,6374383,0,27,9,136,27531,2169040,21583,1299,2,192507,139245,57463,58426,20688,11243,20776,11213,68,1095,1095,37,37912,17711,22151710,2241,75,427,260,4455329,4455240,106,122,73,90,164,6374266,4238911,94,125,2996,323,1164,0,86,0,921,7993054,2729,0,439,9,1,8,1527,18,13,1540,9,2,1,11
3000.61,1625058026218,50.010294447,1,0,0,16,30,1293,14,1484,4,0,0,0,43,60,6611404,0,27,9,152,18288,2384076,22309,1311,2,194221,140578,58466,59065,20977,11629,20971,11339,76,1101,1101,37,38263,17864,23480959,2253,81,428,260,4479079,4478967,108,124,81,94,172,6611107,4261315,94,133,3014,323,1173,0,94,0,930,8234982,2857,0,476,9,6,8,1535,18,13,1548,9,7,6,12
3050.62,1625058083166,50.008612507,1,0,0,16,32,1293,16,1502,5,0,0,0,38,73,6649283,0,27,9,160,15429,2403312,23010,1309,2,196619,142420,61703,62245,23990,13671,23994,13324,80,1100,1100,37,43644,20852,23676762,2251,77,427,266,4497655,4497543,110,125,76,89,168,6648839,4274299,94,127,3177,336,1408,0,89,0,924,8253518,2868,0,472,9,10,15,1538,21,13,1551,9,8,6,13
3100.63,1625058140274,50.008653877,1,0,0,15,29,1292,14,1498,4,0,0,0,24,64,6099880,0,25,9,152,18258,1942919,21460,1312,2,196335,142174,61486,62113,23989,14081,23989,13827,76,1094,1094,37,43610,20810,20717792,2239,77,426,264,4411103,4410992,108,124,76,89,168,6099466,4188098,94,127,3160,329,1404,0,89,0,924,7401326,2868,0,480,9,6,8,1555,21,13,1568,9,7,6,11
3150.64,1625058196975,50.009174442,1,0,0,17,33,1294,16,1474,5,0,0,0,18,42,6753769,0,33,11,160,11974,2501406,23662,1308,3,193246,139668,56529,57468,20680,11968,20779,11622,80,1132,1133,60,37501,17757,24194454,2269,73,426,260,4501081,4500990,112,128,72,86,162,6753606,4285938,94,124,3024,320,1184,11,85,2,950,8643283,2809,0,482,11,6,8,1521,18,13,1534,10,7,6,13
3200.65,1625058253070,50.012174452,1,0,0,19,38,1295,19,1478,6,0,0,0,38,53,6582971,0,28,11,172,14555,2350467,21724,1309,3,192412,139124,55950,56969,20495,11241,20619,10993,86,1087,1087,33,37134,17576,23271293,2233,73,429,259,4476678,4476583,114,130,71,84,160,6582740,4263114,93,123,2987,320,1162,0,84,0,916,8145067,2866,0,470,10,10,15,1526,18,13,1539,10,8,6,14
3250.66,1625058309492,50.009231410,1,0,0,16,34,1292,18,1534,5,0,0,0,32,57,6815073,0,31,9,168,13837,2557701,23647,1319,2,196570,142378,62598,63524,24289,13396,24363,13323,84,1099,1099,37,44062,21042,24620776,2249,86,427,266,4513648,4513547,110,124,84,99,176,6814909,4289817,94,135,3182,336,1412,0,97,0,928,8422765,2947,0,496,11,11,8,1561,21,13,1574,10,12,11,14
3300.68,1625058365627,50.015251799,1,0,0,17,33,1294,16,1496,5,0,0,0,1,54,6734429,0,29,11,160,14642,2456380,22921,1309,3,196331,142144,62087,62892,24125,13833,24182,13795,80,1102,1102,37,43871,20942,24051659,2255,81,425,266,4532281,4532172,112,128,80,93,172,6734155,4308684,94,131,3184,336,1409,0,93,0,920,8453930,2812,0,481,9,6,8,1564,21,12,1576,9,7,6,12
3350.69,1625058422564,50.008734541,1,0,0,18,34,1295,16,1500,5,0,0,0,14,66,6315897,0,29,11,160,17408,2097230,22414,1308,3,195992,141905,61474,62107,23982,13925,23975,13418,80,1098,1098,37,43615,20862,21798820,2247,77,425,265,4471495,4471388,112,128,76,89,168,6315478,4248559,94,127,3166,334,1403,0,89,0,917,7859132,2823,0,473,9,6,8,1553,21,13,1566,9,7,6,12
3400.7,1625058479366,50.008701213,1,0,0,18,37,1294,19,1477,6,0,0,0,10,42,6502060,0,33,11,172,9046,2271664,23058,1308,3,193104,139570,56490,57078,20703,11559,20703,11244,86,1133,1134,60,37471,17734,22806048,2271,73,426,260,4474724,4474598,114,131,72,85,162,6501642,4259700,94,124,3026,320,1181,11,85,2,951,8229563,2790,0,451,10,10,15,1531,18,13,1544,10,8,6,14
3450.71,1625058536180,50.009231911,1,0,0,18,34,1295,16,1489,5,0,0,0,4,50,6875390,0,37,11,160,18875,2601757,23984,1309,3,194202,140501,59965,60820,23814,14016,23879,13669,80,1081,1081,33,42871,20742,24901612,2221,76,422,264,4526364,4526268,112,128,74,87,164,6875164,4306880,93,125,3152,329,1397,0,87,0,909,8859967,2776,0,475,10,6,8,1553,21,13,1566,10,7,6,13
3500.72,1625058592758,50.009239439,1,0,0,20,36,1297,16,1493,5,0,0,0,6,51,6608929,0,25,11,160,10331,2343739,22034,1309,3,195814,141675,60568,61373,23973,13641,24027,13166,80,1091,1091,33,43098,20829,23323458,2241,80,430,265,4519486,4519389,112,128,78,90,168,6608777,4298110,93,129,3173,333,1404,0,90,0,914,8322437,2868,0,473,8,6,8,1553,22,17,1570,8,7,6,11
3550.73,1625058649659,50.009072003,1,0,0,15,29,1292,14,1520,4,0,0,0,28,93,6342710,0,27,9,152,23430,2138267,22107,1308,2,195171,141371,61616,62395,24021,13829,24070,13544,76,1092,1092,37,43612,20883,22013720,2235,76,423,266,4456878,4456776,108,123,76,89,168,6342512,4234630,94,127,3164,336,1422,0,90,0,917,7931247,2869,0,482,9,6,8,1538,21,13,1551,9,7,6,12
3600.74,1625058706291,50.009091490,1,0,0,17,33,1294,16,1485,5,0,0,0,48,90,6443881,0,27,11,160,21106,2204783,22288,1309,3,192703,139486,57423,58136,20693,10897,20698,10615,80,1093,1093,37,37869,17717,22421056,2237,73,425,260,4486077,4485981,112,128,73,86,164,6443700,4270512,94,125,2992,323,1171,0,86,0,922,7912765,2871,0,469,10,6,8,1527,18,13,1540,10,7,6,13
3650.75,1625058762757,50.008706265,1,0,0,20,41,1295,21,1491,6,0,0,0,28,50,6588928,0,29,11,180,23473,2355623,21902,1308,3,194054,140892,61153,61195,24047,13676,21479,11150,90,1090,1090,37,42594,20888,23349190,2231,80,423,265,4484156,4484051,114,130,79,91,169,6588647,4264401,94,130,3001,327,1188,0,92,0,916,8134979,2872,0,479,10,7,15,1535,18,13,1548,10,8,6,14
3700.76,1625058819562,50.008787975,1,0,0,16,34,1292,18,1512,5,0,0,0,68,69,6441403,0,35,9,168,8595,2202449,21505,1318,2,196229,142074,60787,61426,24030,13924,24018,13419,84,1134,1135,60,43231,20900,22431150,2273,76,430,266,4491793,4491691,110,125,75,88,166,6440999,4270231,94,126,3201,333,1424,11,88,2,946,7599153,3050,0,507,10,11,8,1553,21,13,1566,10,12,11,14
3750.77,1625058876546,50.008827427,1,0,0,14,28,1291,14,1487,4,0,0,0,0,36,6425313,0,28,9,152,6811,2199360,23019,1309,2,195692,141559,59999,60620,23833,13228,23853,12915,76,1090,1090,33,42853,20738,22381600,2239,75,429,264,4479736,4479637,108,123,74,86,164,6424905,4259024,93,125,3162,329,1395,0,86,0,913,7867157,2781,0,463,9,6,8,1549,21,12,1561,9,7,6,12
3800.78,1625058933781,50.008981174,1,0,0,18,34,1295,16,1482,5,0,0,0,0,43,6405673,0,25,11,160,5789,2188273,21528,1310,3,193312,139717,56394,57141,20656,11026,20670,10867,80,1093,1093,33,37344,17679,22272606,2245,76,426,259,4462268,4462169,112,128,75,89,164,6405471,4247379,93,127,3003,320,1162,0,88,0,916,7948410,2752,0,457,10,6,8,1527,18,13,1540,10,7,6,13
3850.79,1625058990818,50.008737689,1,0,0,19,40,1294,21,1510,6,0,0,0,2,63,6399531,0,25,11,180,10567,2171350,22221,1309,3,195373,141377,61839,62471,24234,13679,24239,13387,90,1086,1086,33,43625,21010,22222616,2231,83,424,265,4483119,4483008,114,130,82,95,175,6399109,4261655,95,134,3158,335,1404,0,95,0,916,7774737,2814,0,491,10,7,15,1553,21,13,1566,10,8,6,14
3900.8,1625059047980,50.008519779,1,0,0,18,35,1293,17,1503,6,0,0,0,50,75,6399183,0,27,11,162,17174,2170223,22979,1310,3,196503,142344,61654,62106,24007,14366,24006,14331,81,1100,1100,37,43595,20846,22235570,2251,77,427,266,4485637,4485532,108,124,76,89,168,6398725,4262539,94,127,3173,336,1408,0,90,0,922,7932712,2991,0,513,10,6,8,1551,21,13,1564,10,7,6,13
3950.81,1625059104738,50.009176203,1,0,0,18,34,1295,16,1479,5,0,0,0,46,63,6491313,0,35,11,160,10204,2275338,21864,1309,3,193951,140381,58609,59372,21960,11976,21091,10740,80,1140,1141,64,38487,18890,22755275,2277,79,428,261,4466850,4466750,112,128,78,92,169,6491221,4249063,95,130,3036,325,1187,11,92,2,959,8064783,2939,0,490,8,6,8,1531,18,15,1546,8,7,6,10
4000.82,1625059162240,50.009357891,1,0,0,22,38,1299,16,1494,5,0,0,0,46,57,6489279,0,27,11,160,17928,2252523,21844,1310,3,196120,142132,61005,61024,23912,13041,21308,10394,80,1097,1097,37,42957,20788,22756362,2245,76,432,265,4490725,4490635,112,128,75,87,165,6488926,4268420,94,126,3154,329,1384,0,88,0,923,8152784,2882,0,457,10,6,8,1542,18,16,1558,10,7,6,13
4050.83,1625059218471,50.009037587,1,0,0,17,33,1294,16,1507,5,0,0,0,32,62,6576951,0,27,11,158,8510,2331786,23092,1309,3,195755,141684,61031,61905,24111,13741,24172,13481,79,1088,1088,33,43406,20935,23202458,2235,84,426,264,4500570,4500464,110,125,82,95,172,6576802,4279149,93,133,3165,329,1403,0,95,0,913,8253533,2941,0,492,11,6,8,1561,21,13,1574,10,7,6,13
4100.84,1625059275519,50.008972852,1,0,0,19,38,1295,19,1507,6,0,0,0,54,60,6584135,0,27,11,172,18045,2385122,22692,1310,3,196123,141980,60587,61294,23991,13547,24001,13418,86,1088,1088,33,43085,20836,23399981,2235,79,428,264,4454183,4454078,114,130,78,91,168,6583779,4232957,93,129,3156,329,1396,0,91,0,918,8284329,2945,0,497,10,10,15,1543,21,13,1556,10,8,6,14
4150.85,1625059332466,50.011439606,1,0,0,15,29,1292,14,1475,4,0,0,0,46,57,6580575,0,27,9,152,16998,2324021,21709,1309,2,192516,139234,55992,56873,20517,11115,20580,10772,76,1088,1088,33,37155,17580,23159953,2235,73,425,259,4502222,4502131,108,124,71,85,160,6580415,4288797,93,123,2988,320,1168,0,84,0,917,7979430,2874,0,472,9,6,8,1523,18,13,1536,9,7,6,12
4200.87,1625059389360,50.015520863,1,0,0,14,28,2571,14,2908,4,0,0,0,22,82,6735145,0,35,14,152,11180,2483416,23403,2611,2,195727,142130,63588,63931,24033,13115,21681,11181,76,1144,1145,64,42740,20811,24143796,2285,86,426,268,4508853,4508748,108,123,85,96,175,6734926,4285588,95,135,3063,335,1223,11,97,2,962,8328438,2910,0,471,9,6,8,2823,23,17,2840,9,7,6,11
4250.88,1625059446263,50.009201278,1,0,0,18,34,1295,16,1491,5,0,0,0,36,87,6531556,0,41,11,160,10679,2294412,22530,1309,3,196601,142411,61755,62589,23997,13771,24110,13481,80,1102,1102,37,43686,20866,22988149,2255,78,428,266,4491124,4491022,112,128,76,89,168,6531411,4267811,94,127,3194,337,1414,0,90,0,931,8079803,2944,0,487,11,6,8,1562,21,13,1575,10,7,6,13
4300.89,1625059503586,50.008884559,1,0,0,17,33,1294,16,1498,5,0,0,0,14,62,6628335,0,27,11,160,11936,2388955,23800,1309,3,195543,141628,62025,62764,24129,14305,24150,13827,80,1093,1093,37,43885,20952,23582703,2237,81,424,265,4492113,4492002,112,128,80,94,172,6627897,4269412,94,131,3164,332,1417,0,93,0,922,8250511,2909,0,476,10,6,8,1552,21,13,1565,10,7,6,13
4350.9,1625059560222,50.009084275,1,0,0,17,35,1293,18,1513,5,0,0,0,24,43,6527055,0,33,9,168,9867,2308895,22043,1319,2,193074,139569,55862,56669,20512,11179,20595,11055,84,1087,1087,33,37129,17587,22986692,2233,72,427,258,4463133,4463036,110,126,71,84,160,6526854,4248801,93,123,2995,316,1166,0,83,0,915,8100899,2839,0,449,10,11,8,1530,18,13,1543,10,12,11,14
4400.91,1625059616601,50.009080126,1,0,0,22,38,1298,16,1520,5,0,0,0,14,69,6456207,0,122,11,160,11210,2221150,22973,1310,3,194347,140631,60137,60447,23809,12575,23825,12850,80,1078,1078,33,42916,20743,22515485,2215,75,424,264,4484540,4484436,112,128,74,85,164,6456055,4264867,93,125,3176,406,1409,0,86,0,905,7925651,2882,0,457,9,6,8,1556,21,13,1569,9,7,6,12
4450.92,1625059674103,50.009444154,1,0,0,18,34,1295,16,1500,5,0,0,0,50,42,6848619,0,79,11,160,7194,2586676,23501,1309,3,195180,141283,60251,61091,23858,13767,23902,13260,80,1083,1083,33,42884,20767,24753659,2225,76,427,265,4515203,4515110,112,128,74,86,164,6848400,4295046,93,125,3156,388,1409,0,86,0,914,8758741,2963,0,483,10,6,8,1549,21,13,1562,10,7,6,13
4500.93,1625059731547,50.009877348,1,0,0,18,37,1294,19,1473,6,0,0,0,12,62,6446698,0,31,11,172,24298,2221978,22230,1310,3,192679,139179,54861,56350,20313,10925,23091,13292,86,1113,1114,49,37239,17455,22488884,2253,71,426,259,4470625,4470541,114,128,69,82,157,6446672,4257208,90,120,3027,327,1199,7,81,2,941,7822255,2862,0,485,10,10,15,1533,21,13,1546,10,8,6,14
4550.94,1625059787771,50.009108027,1,0,0,18,34,1295,16,1482,5,0,0,0,48,45,6735282,0,30,11,160,26672,2496862,22024,1309,3,194202,140576,58134,58963,22901,13485,23902,13985,80,1101,1101,37,38202,19839,24198903,2253,79,433,261,4488182,4488080,112,128,77,91,168,6735083,4270628,94,129,3006,326,1169,0,91,0,931,8289321,2956,0,493,10,6,8,1531,18,13,1544,10,7,6,13
4600.95,1625059844616,50.008760148,1,0,0,19,35,1296,16,1493,5,0,0,0,10,73,6244863,0,33,11,158,21782,2039242,21440,1312,3,196416,142240,62117,62764,24179,13961,24201,13953,79,1098,1098,37,43838,21010,21419629,2247,81,426,265,4460100,4459989,110,126,80,93,172,6244434,4236120,94,131,3177,335,1416,0,93,0,923,7719781,2851,0,465,8,6,8,1558,22,17,1575,8,7,6,11
4650.96,1625059901496,50.009057804,1,0,0,14,28,1291,14,1505,4,0,0,0,20,51,6710861,0,25,9,152,27241,2444606,22671,1310,2,194926,141171,61607,62399,23988,14303,24097,14173,76,1091,1091,37,43570,20862,23952822,2233,78,423,265,4520722,4520623,108,124,76,90,168,6710708,4298824,94,127,3155,332,1405,0,90,0,919,8300838,2929,0,495,8,6,8,1551,21,12,1563,8,7,6,10
4700.97,1625059959043,50.009518063,1,0,0,18,34,1295,16,1482,5,0,0,0,24,58,6746575,0,27,11,160,15430,2487721,22081,1309,3,193259,139729,56330,57192,20658,10931,20714,10615,80,1089,1089,33,37297,17659,24147909,2237,76,427,258,4504266,4504166,112,127,75,90,164,6746360,4289588,93,127,2986,316,1164,0,88,0,912,8502051,2805,0,473,10,6,8,1529,18,13,1542,10,7,6,13
4750.98,1625060016140,50.008749441,1,0,0,18,37,1294,19,1505,6,0,0,0,46,42,6648350,0,34,11,172,6591,2420113,22777,1307,3,194885,141377,58548,58683,22391,12631,20917,10962,86,1130,1131,60,39478,19371,23673317,2265,74,428,266,4477837,4477741,114,130,73,84,162,6647987,4260261,94,124,3039,328,1214,11,85,2,952,8316809,2945,0,486,10,10,15,1526,18,13,1539,10,8,6,14
4800.99,1625060072796,50.008611869,1,0,0,17,35,1293,18,1517,5,0,0,0,26,50,6773305,0,27,9,168,11470,2510178,23279,1320,2,193945,140389,60156,60641,23821,13763,23850,13575,84,1083,1083,33,42868,20737,24321649,2225,75,426,265,4513872,4513761,110,126,74,87,164,6772855,4294796,93,125,3148,333,1409,0,86,0,915,8622227,2892,0,499,10,11,8,1551,21,13,1564,10,12,11,14
4851,1625060129525,50.008642868,1,0,0,15,29,2572,14,2885,4,0,0,0,38,46,6670719,0,28,14,152,10651,2409056,21611,2607,2,196588,142443,63521,64095,24130,13867,24139,13796,76,1097,1097,37,43818,20936,23713275,2245,81,427,266,4516919,4516810,108,123,80,93,172,6670319,4292141,94,131,3178,336,1421,0,93,0,929,8113350,2940,0,494,8,6,8,2840,26,18,2858,8,7,6,11
4901.01,1625060186192,50.009313039,1,0,0,18,34,1295,16,1479,5,0,0,0,38,74,6288678,0,31,11,158,15545,2079149,22238,1310,3,193592,140084,57330,58232,20648,10992,20726,10835,79,1098,1098,37,37862,17675,21616605,2247,75,427,259,4457550,4457458,110,126,73,88,164,6288481,4241132,94,125,2999,323,1169,0,86,0,924,7615565,2880,0,483,10,6,8,1534,18,13,1547,10,7,6,13
4951.02,1625060242696,50.010839823,1,0,0,17,33,1294,16,1481,5,0,0,0,65,55,6475220,0,26,11,158,20003,2259613,22512,1309,3,192966,139669,57253,57635,20659,11024,20658,10835,79,1091,1091,37,37787,17670,22708428,2233,74,426,259,4460278,4460177,110,126,73,87,164,6474544,4244797,94,125,2985,319,1163,0,87,0,915,8072810,2913,0,478,10,6,8,1530,18,13,1543,10,7,6,13
5001.03,1625060299756,50.009159565,1,0,0,16,30,1293,14,1490,4,0,0,0,48,63,6398903,0,33,9,150,28433,2201452,22173,1308,2,196331,142131,60817,61596,24051,13642,24107,13197,75,1132,1133,60,43257,20936,22389460,2269,77,429,266,4451046,4450947,106,122,75,87,166,6398712,4229039,94,126,3199,333,1431,11,88,2,955,8054907,2960,0,485,11,6,8,1554,21,13,1567,10,7,6,13
5051.04,1625060356985,50.008704756,1,0,0,18,34,1295,16,1500,5,0,0,0,48,66,6531643,0,46,11,160,15647,2277259,21774,1309,3,196172,142001,60570,61200,23985,13644,23980,13229,80,1092,1092,33,43053,20826,22908379,2243,79,432,264,4505543,4505426,112,128,78,91,168,6531170,4284401,93,129,3186,329,1400,0,91,0,915,8020618,3013,0,507,8,6,8,1546,21,16,1562,8,7,6,10
5101.05,1625060413777,50.009086724,1,0,0,21,37,1298,16,1501,5,0,0,0,20,69,6370835,0,31,11,160,12141,2167517,23046,1311,3,193087,139614,57401,58285,20966,11126,21024,10709,80,1092,1092,33,37842,17866,22119434,2242,84,426,259,4449102,4448995,112,128,83,96,172,6370557,4233631,93,135,3004,320,1165,0,95,0,917,7808399,2804,0,474,8,6,8,1542,18,16,1558,8,7,6,10
5151.06,1625060470679,50.009154135,1,0,0,18,34,1295,16,1506,5,0,0,0,48,33,6691697,0,33,11,160,6952,2440645,22721,1309,3,195596,141980,59932,60364,22639,12478,21064,11181,80,1098,1098,37,40255,19566,23847133,2247,80,428,265,4504321,4504224,112,127,78,90,168,6691481,4284644,94,129,3024,331,1187,0,91,0,926,8307063,2962,0,492,10,6,8,1533,18,13,1546,10,7,6,13
5201.07,1625060527323,50.008595487,1,0,0,18,37,1294,19,1488,6,0,0,0,18,92,6412414,0,28,11,172,15972,2185778,22847,1307,3,195646,141689,61699,62311,24000,13986,23987,13607,86,1097,1097,37,43636,20845,22317920,2245,77,424,266,4480539,4480434,114,128,76,89,168,6412063,4257706,94,127,3171,337,1409,0,89,0,924,7848015,2938,0,496,10,10,15,1551,21,13,1564,10,8,6,14
5251.08,1625060584204,50.008700362,1,0,0,16,30,1293,14,1510,4,0,0,0,28,71,6628766,0,27,9,152,8083,2413722,22614,1309,2,196152,142048,61513,62175,24011,13894,24020,13449,76,1093,1093,37,43643,20849,23629246,2237,77,426,265,4470138,4470036,108,123,76,92,168,6628369,4247456,94,127,3158,332,1403,0,91,0,917,8316809,2915,0,495,9,6,8,1561,21,13,1574,9,7,6,12
5301.09,1625060641059,50.008730498,1,0,0,15,29,1835,14,2071,4,0,0,0,2,51,6554380,0,29,11,152,18497,2293239,22329,1830,2,192413,139069,56506,56991,20514,11399,20520,11055,76,1088,1088,33,37059,17550,23000110,2235,72,424,259,4504944,4504848,108,124,71,84,160,6553832,4290618,93,123,2991,319,1161,0,84,0,910,8010287,2742,0,459,8,6,8,1926,19,14,1924,8,7,6,10
5351.1,1625060697769,50.009230032,1,0,0,18,34,1295,16,1485,5,0,0,0,32,57,6626663,0,25,11,160,16889,2396842,21446,1309,3,191791,138694,56287,56806,20650,11244,20661,10866,80,1079,1079,33,37328,17653,23524673,2217,77,427,258,4475019,4474926,112,128,75,84,164,6626514,4261809,93,127,2971,316,1162,0,87,0,908,8094924,2845,0,480,10,6,8,1517,18,13,1530,10,7,6,13
5401.11,1625060754774,50.009173932,1,0,0,17,33,1294,16,1496,5,0,0,0,22,53,6277131,0,26,11,160,14139,2057327,21631,1312,3,195925,141803,60198,61035,23824,13356,23860,13040,80,1093,1093,33,42908,20746,21529652,2245,76,426,265,4474202,4474104,112,128,74,86,164,6276972,4253209,93,125,3171,333,1410,0,86,0,921,7615594,2882,0,499,10,6,8,1555,21,13,1568,10,7,6,13
5451.12,1625060811689,50.010489246,1,0,0,17,35,1293,18,1526,5,0,0,0,27,58,6731902,0,27,9,168,10350,2456451,22783,1319,2,196197,142111,61637,62472,23967,13262,24032,13103,84,1096,1096,37,43624,20846,24028205,2243,77,426,265,4529418,4529319,110,126,76,89,168,6731764,4306527,94,127,3167,333,1416,0,89,0,921,8373815,2915,0,507,10,11,8,1564,21,13,1577,10,12,11,14
5501.13,1625060868546,50.009350377,1,0,0,15,29,1292,14,1488,4,0,0,0,14,55,6476222,0,32,9,152,5461,2242990,22042,1310,2,193618,140124,58884,59658,21139,11035,21172,10740,76,1102,1102,37,38519,17934,22619021,2254,87,425,260,4483352,4483248,108,123,85,99,176,6476027,4265770,94,137,3013,323,1174,0,99,0,922,7906468,2804,0,471,8,6,8,1519,18,14,1533,8,7,6,10
5551.14,1625060925194,50.010629711,1,0,0,17,33,1294,16,1500,5,0,0,0,58,83,6565679,0,34,11,160,21984,2313580,22495,1309,3,195205,141729,60142,60634,22826,13014,21183,11339,80,1142,1143,64,40510,19747,23134164,2281,77,427,267,4504711,4504621,112,128,75,91,166,6565521,4285001,95,126,3055,332,1214,11,90,2,953,7955295,2996,0,479,10,6,8,1524,18,13,1537,10,7,6,13
5601.15,1625060982544,50.008785473,1,0,0,18,34,1295,16,1505,5,0,0,0,50,56,6877179,0,28,11,160,11664,2604419,23363,1309,3,196354,142240,62015,62639,24163,13898,24155,13670,80,1091,1091,37,43803,20952,24897758,2233,81,432,265,4527205,4527087,112,128,80,93,172,6876810,4304053,94,131,3159,332,1405,0,93,0,926,8524044,2970,0,494,10,6,8,1540,21,13,1553,10,7,6,13
5651.16,1625061039546,50.008751627,1,0,0,19,38,1292,19,1505,7,0,0,0,56,72,6640739,0,27,11,172,13704,2398442,23324,1312,3,195833,141776,60506,60612,23963,13673,23901,13197,86,1088,1088,33,43072,20816,23595159,2235,79,427,264,4496349,4496237,112,128,78,85,168,6640378,4275467,93,129,3155,329,1397,0,91,0,910,8127643,2947,0,500,10,10,15,1555,21,13,1568,10,8,6,14
5701.17,1625061096197,50.009151702,1,0,0,18,34,1295,16,1477,5,0,0,0,6,69,6695362,0,26,11,160,7576,2429480,21979,1309,3,192252,138974,55987,56799,20486,11523,20528,11150,80,1089,1089,33,37125,17584,23787253,2237,73,423,259,4511462,4511373,112,128,71,83,160,6695196,4297720,93,123,2990,320,1166,0,83,0,916,8178916,2790,0,464,8,6,8,1524,18,13,1537,8,7,6,10
5751.18,1625061152950,50.009245216,1,0,0,15,29,1292,14,1474,4,0,0,0,40,65,6823486,0,27,9,152,11678,2552554,21045,1310,2,192873,139483,55948,56727,20511,11491,20563,11087,76,1090,1090,33,37101,17588,24521199,2239,73,426,259,4517179,4517089,108,124,71,83,160,6823341,4303321,93,123,2990,322,1165,0,83,0,916,8431809,2806,0,447,9,6,8,1527,18,13,1540,9,7,6,12
5801.19,1625061209346,50.009156310,1,0,0,18,34,1295,16,1486,5,0,0,0,56,81,6580775,0,35,11,160,6084,2324394,23226,1309,3,196626,142481,62422,63247,24224,14055,24274,13733,80,1143,1144,64,44025,21037,23224318,2283,79,428,268,4508224,4508125,112,128,77,92,170,6580551,4284116,95,128,3213,341,1438,11,93,2,956,8303994,3027,0,495,10,6,8,1560,21,13,1573,10,7,6,13
5851.2,1625061266162,50.008920407,1,0,0,18,37,1294,19,1496,6,0,0,0,42,64,6817303,0,41,11,170,13643,2571448,22433,1312,3,195630,141714,61663,62261,24003,13799,24008,13638,85,1094,1094,37,43636,20850,24638940,2239,76,429,265,4501718,4501626,112,128,76,90,168,6817151,4279447,94,127,3178,332,1406,0,90,0,919,8502899,2927,0,497,10,10,15,1555,21,13,1568,10,8,6,14
5901.21,1625061322762,50.010216082,1,0,0,17,35,1293,18,1496,5,0,0,0,0,63,6551638,0,28,9,166,16500,2307751,22410,1319,2,193474,139863,58509,60081,20882,11531,23564,13512,83,1094,1094,37,39295,17850,23065492,2239,80,424,259,4491600,4491502,108,124,79,93,171,6551578,4273969,94,130,3023,323,1210,0,91,0,920,7844379,2821,0,473,10,11,8,1555,21,13,1568,10,12,11,14
5951.22,1625061379725,50.011607127,1,0,0,15,29,2572,14,2888,4,0,0,0,45,46,6932691,0,30,14,150,8472,2683279,22353,2609,2,193333,139820,57284,58050,20534,11523,20606,11212,75,1088,1088,33,37133,17600,25277603,2235,72,428,258,4497568,4497469,106,122,71,83,160,6932315,4282191,93,123,2988,319,1165,0,83,0,915,8685119,2917,0,473,9,6,8,2818,23,19,2837,9,7,6,12
6001.23,1625061436926,50.008745302,1,0,0,17,33,1294,16,1505,5,0,0,0,30,54,6239663,0,28,11,160,21812,2053625,20960,1310,3,196002,141864,60190,60822,23823,13921,23837,13449,80,1093,1093,33,42868,20741,21468893,2245,74,427,265,4441269,4441167,112,128,74,86,164,6239329,4220101,93,125,3170,333,1410,0,86,0,915,7672540,2820,0,476,10,6,8,1550,21,13,1563,10,7,6,13
6051.24,1625061494020,50.008761858,1,0,0,20,41,1295,21,1493,6,0,0,0,64,48,6691298,0,35,11,180,10350,2450809,23936,1309,3,196309,142168,61320,61933,24174,13960,24171,13796,90,1135,1136,60,43469,20978,23926674,2275,80,429,267,4496203,4496095,114,130,79,92,170,6690970,4274166,94,130,3207,337,1435,11,91,2,951,8210837,3093,0,535,10,7,15,1555,21,13,1568,10,8,6,14
6101.25,1625061550985,50.009059027,1,0,0,15,29,1292,14,1492,4,0,0,0,6,74,6273998,0,27,9,150,10080,2059964,21945,1310,2,193841,140218,57835,58753,20818,11375,20912,11118,75,1097,1097,37,38048,17786,21485639,2245,79,430,259,4463255,4463154,106,122,77,94,168,6273848,4246173,94,129,2998,320,1162,0,93,0,923,7730639,2753,0,445,10,6,8,1528,18,13,1541,10,7,6,13
6151.26,1625061608315,50.008644130,1,0,0,21,37,1297,16,1492,5,0,0,0,14,46,6560942,0,25,11,160,24092,2328144,22005,1308,3,195596,141669,62068,62683,24108,13896,24111,13638,80,1092,1092,37,43934,20931,23181303,2235,81,424,265,4488655,4488548,112,129,80,93,172,6560610,4265884,94,131,3165,332,1413,0,93,0,916,7927512,2840,0,506,8,6,8,1549,21,13,1562,8,7,6,10
6201.27,1625061665286,50.008533507,1,0,0,18,34,1295,16,1499,5,0,0,0,14,61,6363832,0,27,11,160,27245,2150958,21907,1308,3,196777,142500,61654,62118,24007,13198,24044,12850,80,1095,1095,37,43665,20840,22116088,2241,77,426,265,4469208,4469102,112,126,76,89,168,6363393,4245423,94,127,3162,332,1406,0,89,0,918,7864519,2880,0,486,10,6,8,1565,21,13,1578,10,7,6,13
6251.28,1625061722395,50.009500323,1,0,0,18,34,1295,16,1504,5,0,0,0,96,58,6774979,0,29,11,160,11400,2526120,22891,1310,3,195440,141577,59320,60496,23458,14139,23767,13669,80,1089,1089,35,42407,20430,24375091,2233,75,428,260,4501605,4501514,112,128,73,86,165,6774813,4281992,93,125,3139,325,1389,0,85,0,919,8387526,3139,0,535,10,6,8,1549,21,13,1562,10,7,6,13
6301.29,1625061779649,50.012111307,1,0,0,18,37,1294,19,1482,6,0,0,0,4,63,6380633,0,27,11,172,11241,2179619,21145,1311,3,191817,138676,55933,56799,20511,11302,20540,10961,86,1084,1084,33,37160,17586,22185466,2227,73,423,258,4445442,4445353,114,130,72,83,160,6380333,4231851,93,123,2976,316,1163,0,83,0,907,7650528,2705,0,465,10,10,15,1537,18,13,1550,10,8,6,14
6351.3,1625061836926,50.008912697,1,0,0,17,33,1294,16,1487,5,0,0,0,36,70,6662342,0,36,11,160,19192,2427259,22492,1307,3,195807,141757,60969,61655,24026,13391,24081,13259,80,1133,1134,60,43273,20913,23775900,2271,76,426,267,4485911,4485813,112,128,75,90,166,6661941,4264368,94,126,3201,339,1434,11,89,2,952,8119932,2960,0,507,8,6,8,1543,21,14,1557,8,7,6,10
6401.31,1625061894080,50.009130587,1,0,0,22,38,1299,16,1490,5,0,0,0,4,62,6335568,0,29,11,160,25647,2164799,22224,1308,3,196409,142138,60748,61622,23964,13391,24035,13260,80,1099,1099,33,43146,20845,22112905,2257,80,431,265,4423899,4423797,112,128,78,92,168,6335330,4201706,93,129,3190,333,1416,0,91,0,924,7860086,2851,0,491,9,6,8,1548,21,17,1565,9,7,6,12
6451.32,1625061950954,50.009852634,1,0,0,17,33,1294,16,1484,5,0,0,0,50,62,6649494,0,31,11,160,28260,2395143,22371,1310,3,194055,140437,57419,58209,20683,11497,20747,11213,80,1103,1103,37,37887,17716,23613116,2257,74,429,259,4501846,4501751,112,128,73,88,164,6649280,4285214,94,125,3015,321,1178,0,87,0,928,8149914,2929,0,493,10,6,8,1530,18,13,1543,10,7,6,13
6501.33,1625062007520,50.009183119,1,0,0,19,38,1295,19,1508,6,0,0,0,24,97,6444057,0,25,11,172,15007,2226185,22688,1308,3,194494,141135,58871,59418,21780,12030,20981,11244,86,1095,1095,37,39237,18713,22514108,2241,76,424,264,4466891,4466799,114,130,74,87,164,6443862,4248952,94,125,3011,327,1189,0,87,0,918,8122990,2867,0,483,10,10,15,1532,18,13,1545,10,8,6,14
6551.34,1625062064204,50.011003539,1,0,0,16,34,1292,18,1508,5,0,0,0,4,71,6465107,0,26,9,168,14792,2199022,21608,1317,2,196325,142137,61630,62255,23976,13861,23987,13701,84,1099,1099,37,43667,20852,22495915,2248,77,426,265,4517998,4517900,110,126,76,89,167,6464840,4294485,94,127,3170,332,1405,0,89,0,920,7768119,2846,0,477,11,11,8,1556,21,13,1569,10,12,11,14
6601.35,1625062120885,50.009175523,1,0,0,15,29,2572,14,2885,4,0,0,0,10,58,6523276,0,33,14,152,17628,2276112,22839,2610,2,195519,141502,62683,63529,24126,13706,24196,13354,76,1132,1133,60,43458,20987,22886743,2269,81,424,267,4504265,4504164,108,124,79,92,170,6523093,4281034,94,130,3197,336,1425,11,91,2,949,7896603,2902,0,487,9,6,8,2843,26,18,2861,9,7,6,12
6651.36,1625062177531,50.009152914,1,0,0,18,34,1295,16,1476,5,0,0,0,2,59,6467298,0,27,11,158,11471,2252275,22043,1309,3,192965,139456,55989,56898,20491,11334,20584,10772,79,1093,1093,33,37126,17541,22651074,2245,72,429,259,4461736,4461637,110,126,71,84,160,6467025,4247302,93,123,2998,320,1161,0,84,0,913,8061560,2793,0,465,9,6,8,1523,18,13,1536,9,7,6,12
6701.37,1625062234641,50.009328258,1,0,0,23,53,1295,30,1518,12,0,0,0,22,80,6395053,0,27,13,216,22849,2230377,21144,1321,4,195212,141576,58953,59316,25137,14742,24051,13827,108,1092,1092,33,40195,22085,22450930,2243,78,427,266,4416148,4416052,124,139,76,88,164,6394836,4197644,93,127,3022,328,1190,0,90,0,916,8029858,2911,0,502,18,18,22,1514,21,20,1534,8,16,11,20
6751.38,1625062291413,50.009269394,1,0,0,17,37,1291,20,1502,8,0,0,0,62,46,6793851,0,27,11,176,26353,2541739,22927,1309,3,196308,142241,62077,62935,24145,14275,24209,13828,88,1096,1096,37,43834,20935,24516772,2243,82,428,265,4507120,4507023,114,131,80,94,172,6793716,4284095,94,131,3166,333,1407,0,93,0,928,8489962,3031,0,540,15,8,11,1562,23,16,1578,5,9,6,14
6801.39,1625062348338,50.009309641,1,0,0,17,36,1294,19,1488,6,0,0,0,32,48,6532127,0,30,11,172,13896,2306663,22280,1309,3,196654,142430,61614,62486,24023,14049,24091,13701,86,1098,1098,37,43636,20867,23038636,2247,78,428,265,4480492,4480393,112,129,76,89,168,6531957,4257135,94,127,3172,333,1409,0,89,0,924,7976561,2916,0,513,8,7,11,1548,22,16,1564,4,8,6,8
6851.4,1625062405217,50.009231469,1,0,0,23,38,1295,15,1480,6,0,0,0,24,56,6572438,0,34,11,156,22109,2327945,21607,1312,3,192319,139198,58077,58913,20912,10710,20960,10425,78,1132,1133,64,38236,17885,23188616,2261,76,423,261,4491702,4491607,110,126,74,87,166,6572241,4275492,95,126,3020,323,1195,11,87,2,950,7991907,2851,0,477,10,6,8,1530,19,20,1550,8,7,6,10
6901.41,1625062462213,50.009143261,1,0,0,24,44,1294,20,1517,8,0,0,0,14,70,6342649,0,26,13,174,10551,2108781,21665,1317,4,195284,141622,59437,59558,23692,13197,21155,11023,87,1091,1091,33,41660,20670,21840963,2241,74,431,265,4481140,4481039,112,128,73,85,161,6342451,4262194,93,124,3030,328,1213,0,88,0,916,7653650,2858,0,481,12,11,8,1546,18,13,1559,10,12,11,14
6951.42,1625062518447,50.009178515,1,0,0,13,23,1291,10,1490,3,0,0,0,48,77,6567444,0,30,9,136,8553,2330422,22103,1299,2,195865,141818,60660,61492,23966,13737,24030,13449,68,1091,1091,33,43120,20830,23178956,2241,80,427,265,4491584,4491483,106,122,78,91,168,6567232,4270521,93,129,3174,335,1415,0,91,0,921,8025025,3038,0,524,10,1,8,1546,21,13,1559,10,2,1,12
7001.43,1625062575055,50.011029118,1,0,0,20,35,1296,15,1507,6,0,0,0,24,75,6691801,0,32,11,156,26263,2450686,21988,1308,3,196116,141965,62377,63246,24417,13303,24457,13008,78,1091,1091,33,43875,21104,23930910,2241,87,427,265,4496038,4495938,114,130,86,99,179,6691603,4273401,95,138,3171,335,1409,0,99,0,915,8295558,2911,0,508,11,10,12,1547,22,17,1564,9,8,6,12
7051.44,1625062631853,50.008633055,1,0,0,13,25,2572,12,2873,4,0,0,0,76,56,6694270,0,31,14,142,24135,2450937,22597,2608,2,193139,139832,58806,59464,20719,10991,20737,10866,71,1093,1093,37,37855,17703,23914058,2237,74,427,259,4493913,4493808,106,123,73,87,164,6693859,4276877,94,125,2994,321,1164,0,86,0,917,8414694,2971,0,480,9,6,8,2814,24,22,2836,9,7,6,12
7101.45,1625062688597,50.008557054,1,0,0,13,18,1293,5,1470,3,0,0,0,38,75,6754590,0,27,9,116,16126,2496013,22854,1297,2,194000,140374,57336,57770,20671,11149,20690,11118,58,1097,1097,37,37860,17704,24167918,2245,74,428,259,4506727,4506631,106,122,73,86,164,6754148,4290087,94,125,2997,319,1164,0,86,0,927,8376588,2869,0,482,9,4,6,1519,19,18,1537,9,2,1,11
7151.46,1625062744977,50.011197771,1,0,0,17,30,1295,13,1485,5,0,0,0,11,78,6314467,0,34,11,148,25369,2089022,21613,1311,3,196197,142098,62286,62743,24222,13927,24226,13669,74,1143,1144,64,43961,21034,21767961,2283,78,426,267,4478734,4478627,112,128,77,91,170,6313831,4254952,95,128,3210,336,1434,12,91,2,957,7753716,2877,0,491,10,6,8,1548,21,13,1561,10,7,6,13
7201.47,1625062802276,50.008428866,1,0,0,18,34,1292,16,1520,5,0,0,0,4,61,6465926,0,25,9,160,10517,2225447,21642,1320,2,196178,141930,60602,61076,23935,14176,23958,13890,80,1090,1090,33,43051,20810,22569434,2239,79,426,265,4494720,4494620,110,126,78,91,168,6465419,4273216,93,129,3167,332,1410,0,91,0,916,7729792,2852,0,482,10,11,8,1551,21,13,1564,10,12,11,14
7251.48,1625062858949,50.009288477,1,0,0,20,32,1294,12,1478,4,0,0,0,22,66,6632609,0,26,9,144,14418,2376320,22350,1310,2,193359,139787,55979,56825,20534,11619,20577,11244,72,1093,1093,33,37140,17582,23474454,2245,73,427,259,4503307,4503219,108,124,71,83,160,6632457,4288830,93,123,2997,320,1163,0,84,0,913,8394984,2771,0,446,10,11,15,1542,18,16,1558,8,8,6,10
7301.49,1625062915562,50.009224948,1,0,0,21,39,1292,18,1524,8,0,0,0,4,78,6370440,0,27,11,168,6320,2163539,22163,1319,3,193290,139720,56519,57331,20644,11496,20692,11149,84,1092,1092,33,37303,17667,22091147,2243,77,426,259,4455387,4455295,114,130,75,87,164,6370219,4240347,93,127,2996,320,1161,0,88,0,917,7972350,2756,0,458,12,12,12,1523,19,16,1539,8,13,11,14
7351.5,1625062972929,50.008934381,1,0,0,19,37,1291,18,1516,7,0,0,0,0,90,6316220,0,32,11,168,15357,2099542,22164,1311,3,196710,142465,63112,63756,24405,14029,24406,13857,84,1102,1102,37,44269,21122,21772340,2255,88,426,265,4473502,4473391,114,129,88,101,180,6315892,4248691,94,139,3182,333,1408,0,101,0,919,7722319,2830,0,481,16,8,11,1542,23,16,1558,5,9,6,15
7401.51,1625063030012,50.009528978,1,0,0,14,24,1291,10,1495,4,0,0,0,26,75,6654502,0,34,9,136,22507,2418272,22983,1308,2,194218,140713,62348,63372,24190,14241,24311,14110,68,1130,1131,64,43981,21018,23727094,2257,79,421,267,4492213,4492119,106,122,77,91,170,6654327,4269973,95,128,3187,336,1432,11,90,2,955,8415256,2893,0,472,14,6,4,1553,22,16,1569,8,7,6,13
7451.52,1625063086834,50.009220026,1,0,0,19,34,1295,15,1480,5,0,0,0,8,54,6501403,0,27,11,156,11857,2284215,21591,1312,3,193416,139923,57423,58262,20665,11274,20724,11023,78,1096,1096,37,37863,17671,22836412,2243,75,429,259,4466720,4466630,112,130,73,88,164,6501266,4250139,94,125,2993,319,1167,0,87,0,923,8108628,2805,0,467,8,6,8,1521,19,17,1538,8,7,6,11
7501.53,1625063144096,50.010406209,1,0,0,15,29,1292,14,1487,4,0,0,0,46,70,6824507,0,27,9,152,10601,2555898,23007,1310,2,196538,142379,61680,62555,23967,13673,24054,13229,76,1097,1097,37,43617,20861,24610317,2245,77,428,265,4522653,4522554,108,125,76,91,168,6824339,4299427,94,127,3170,332,1406,0,91,0,924,8730745,2958,0,499,9,6,8,1555,21,13,1568,9,7,6,12
7551.54,1625063201251,50.008822345,1,0,0,18,34,1295,16,1496,5,0,0,0,56,62,6819019,0,30,11,160,15368,2561127,23411,1310,3,194585,140870,60130,60770,23825,13416,23845,13386,80,1083,1083,33,42866,20746,24584754,2225,75,424,265,4507096,4506991,112,128,74,87,164,6818603,4287738,93,125,3144,335,1399,0,86,0,910,8549420,3000,0,510,10,6,8,1537,21,13,1550,10,7,6,13
7601.55,1625063257805,50.009243769,1,0,0,19,38,1295,19,1497,6,0,0,0,24,56,6683048,0,28,11,172,4767,2439996,23205,1314,3,196021,141838,60162,61010,23810,13732,23863,13198,86,1094,1094,33,42852,20727,23850166,2247,76,427,265,4496879,4496785,114,130,74,87,164,6682900,4275763,93,125,3174,333,1402,0,86,0,920,8303532,2932,0,493,10,10,15,1569,21,13,1582,10,8,6,14
7651.56,1625063314867,50.008953154,1,0,0,16,34,1292,18,1491,5,0,0,0,12,53,6480133,0,31,9,168,19300,2252552,22428,1321,2,193053,139558,56680,57345,20707,11086,20723,10520,84,1134,1135,60,37487,17734,22699772,2273,73,426,261,4477046,4476957,110,126,72,84,162,6479966,4261581,94,124,3030,324,1187,11,84,2,953,8068550,2762,0,432,10,11,8,1522,18,13,1535,10,12,11,14
7701.57,1625063371488,50.009164549,1,0,0,14,28,2571,14,2895,4,0,0,0,38,87,6527360,0,27,14,152,25733,2301245,22706,2608,2,195356,141563,62245,62440,23897,13671,21357,11181,76,1090,1090,37,42749,20782,23031100,2231,77,429,264,4480697,4480602,108,124,75,88,165,6527202,4257984,94,126,3139,327,1382,0,89,0,921,8027662,2911,0,463,8,6,8,2827,23,17,2844,8,7,6,10
7751.58,1625063428219,50.008750532,1,0,0,18,34,1295,16,1494,5,0,0,0,50,65,6453132,0,27,11,160,20161,2236843,22109,1309,3,195554,141674,61998,62606,24130,13866,24138,13575,80,1091,1091,37,43852,20954,22625729,2233,81,425,265,4470759,4470640,112,128,80,94,172,6452713,4248049,94,131,3161,332,1408,0,94,0,923,7905682,2969,0,495,10,6,8,1544,21,13,1557,10,7,6,13
7801.59,1625063485546,50.009571441,1,0,0,19,40,1294,21,1496,6,0,0,0,82,46,6766958,0,28,11,180,21398,2505471,22366,1308,3,196128,141981,60724,61888,23395,13045,24077,13354,90,1096,1096,37,42855,20267,24303253,2243,80,430,260,4516230,4516124,114,129,79,93,172,6766904,4294639,94,131,3147,324,1381,0,93,0,920,8625844,3047,0,534,10,7,15,1555,21,13,1568,10,8,6,14
7851.6,1625063542265,50.009034475,1,0,0,16,30,1293,14,1492,4,0,0,0,8,70,6483283,0,28,9,152,16397,2252365,21845,1309,2,193140,139603,55890,56683,20480,10830,20530,10552,76,1090,1090,33,37095,17568,22698693,2239,72,426,259,4476612,4476514,108,124,71,83,160,6483022,4262034,93,123,2993,320,1163,0,83,0,919,8159504,2763,0,427,10,6,8,1528,18,13,1541,10,7,6,13
7901.61,1625063599543,50.008694285,1,0,0,22,38,1298,16,1495,5,0,0,0,92,45,6697025,0,28,11,158,28299,2451916,23207,1309,3,196545,142356,60599,61358,23941,13168,23939,12819,79,1089,1089,33,43082,20833,23984223,2237,78,430,265,4498656,4498544,110,126,78,90,168,6696617,4277522,93,129,3162,333,1407,0,90,0,917,8509904,3141,0,521,8,6,8,1554,21,14,1568,8,7,6,11
7951.62,1625063656192,50.009201845,1,0,0,22,38,1299,16,1503,5,0,0,0,54,76,6561297,0,31,11,160,16720,2325820,22230,1310,3,196267,142106,61098,61923,24133,13741,24181,13354,80,1089,1089,33,43313,20926,23160578,2237,84,432,265,4489227,4489119,112,128,82,94,172,6561103,4267464,93,133,3165,333,1406,0,95,0,917,8163140,2982,0,516,10,6,8,1544,21,16,1560,10,7,6,13
8001.64,1625063713679,50.021947381,1,0,0,18,34,1295,16,1475,5,0,0,0,22,58,6677794,0,28,11,158,18296,2427382,23702,1310,3,193882,140264,57858,58751,20859,11374,20888,11024,79,1099,1099,37,38090,17803,23785438,2249,79,426,259,4500812,4500716,110,126,77,91,168,6677613,4283919,94,129,3007,320,1174,0,90,0,927,8497738,2862,0,488,10,6,8,1535,18,13,1548,10,7,6,13
8051.65,1625063770484,50.011639616,1,0,0,18,36,1295,18,1495,7,0,0,0,92,59,6653592,0,25,11,168,11982,2411588,22784,1310,3,193142,139865,57347,58157,20714,11560,20761,11118,84,1090,1090,37,37868,17699,23661641,2231,75,428,259,4489813,4489720,114,130,74,87,164,6653366,4274506,94,125,2984,319,1166,0,89,0,919,8424484,3076,0,500,12,11,15,1539,20,20,1559,8,9,6,13
8101.66,1625063827220,50.009198639,1,0,0,15,32,1291,17,1494,5,0,0,0,10,67,6396910,0,26,9,164,13372,2142426,21442,1310,2,194835,141100,61547,62534,23990,13890,24092,13511,82,1091,1091,37,43661,20863,22117153,2233,78,423,265,4506406,4506304,110,126,76,92,168,6396641,4284308,94,127,3154,332,1406,0,89,0,920,7968334,2837,0,489,9,10,15,1552,21,13,1565,9,8,6,13
8151.67,1625063884263,50.008798882,1,0,0,14,28,1291,14,1503,4,0,0,0,6,52,6518426,0,29,9,152,20861,2295863,21780,1308,2,196731,142472,62074,62705,24140,13833,24156,13606,76,1099,1099,37,43833,20959,22987483,2249,81,427,265,4479274,4479169,108,124,80,93,172,6518091,4255361,94,131,3174,334,1414,0,94,0,923,8144524,2945,0,493,9,6,8,1544,21,12,1556,9,7,6,11
8201.68,1625063941383,50.010239472,1,0,0,18,34,1295,16,1484,5,0,0,0,15,73,6602421,0,36,11,160,10036,2378805,23133,1309,3,192820,139407,56793,57381,20731,11465,20731,11244,80,1136,1137,60,37449,17749,23406766,2276,72,425,262,4471826,4471726,112,128,72,85,162,6602084,4256606,94,124,3038,327,1189,11,84,2,957,8166663,2847,0,469,10,6,8,1526,18,13,1539,10,7,6,13
8251.69,1625063998032,50.008686090,1,0,0,24,52,1294,28,1512,11,0,0,0,28,68,6693107,0,36,13,208,13073,2448110,23023,1319,4,191596,138568,57425,57969,20948,10907,20933,10520,104,1085,1085,33,37679,17830,23850014,2229,84,427,259,4492016,4491903,118,134,83,95,172,6692760,4278126,93,135,3003,320,1169,0,95,0,918,8234656,2886,0,500,16,17,19,1521,20,17,1538,8,15,11,18
8301.7,1625064055343,50.008662756,1,0,0,16,36,1291,20,1526,7,0,0,0,20,76,6487427,0,30,11,176,17807,2249190,22111,1311,3,195162,141223,60221,60824,24857,14267,23906,12945,88,1090,1090,33,42933,21741,22706363,2239,75,425,265,4491635,4491524,112,128,74,88,164,6487014,4271348,93,125,3165,333,1404,0,87,0,915,7980997,2867,0,492,15,8,11,1562,23,16,1578,5,9,6,15
8351.71,1625064112589,50.008714551,1,0,0,14,29,2568,15,2905,6,0,0,0,30,73,6665001,0,38,14,156,7716,2401625,23101,2608,2,195813,141807,62952,63526,24038,13642,24044,13292,78,1092,1092,37,43659,20872,23656894,2235,77,426,264,4516972,4516869,106,122,76,89,168,6664621,4293171,94,127,3175,330,1410,0,90,0,923,8213762,2960,0,487,9,7,8,2842,27,18,2860,3,8,6,9
8401.72,1625064169410,50.008810606,1,0,0,16,36,1292,20,1481,6,0,0,0,66,74,6443724,0,29,9,176,9118,2232300,21497,1313,2,193821,140303,57416,58103,20694,11718,20703,11590,88,1096,1096,37,37898,17674,22517049,2243,74,429,259,4461561,4461460,110,126,73,87,164,6443371,4244941,94,125,2996,320,1165,0,88,0,922,7990062,2995,0,499,12,9,16,1532,19,17,1549,4,9,6,12
8451.73,1625064227099,50.008665370,1,0,0,15,31,1291,16,1512,5,0,0,0,26,59,6797992,0,31,9,160,12901,2532099,22870,1310,2,196456,142379,61752,61800,24102,13611,21519,10961,80,1141,1142,64,43719,20958,24445853,2279,77,428,267,4519806,4519697,108,123,76,88,167,6797584,4295930,95,127,3192,333,1419,11,89,2,962,8416917,2975,0,473,12,7,11,1540,19,16,1556,4,8,6,12
8501.74,1625064284157,50.008654170,1,0,0,13,24,1291,11,1495,4,0,0,0,28,47,7038894,0,25,9,140,8672,2756949,22717,1309,2,196580,142370,61617,62020,24033,14144,24008,13607,70,1096,1096,37,43623,20871,25828951,2243,77,431,265,4538169,4538055,108,123,76,87,168,7038473,4314451,94,127,3165,332,1402,0,89,0,928,9082077,2893,0,474,12,6,4,1555,22,16,1571,8,7,6,13
8551.75,1625064340930,50.009166793,1,0,0,19,34,1297,15,1487,5,0,0,0,26,58,6621595,0,28,11,158,8170,2355908,23198,1310,3,196045,141875,60224,60985,23819,13922,23860,13732,79,1094,1094,33,42919,20750,23409191,2247,75,427,265,4518589,4518494,112,128,74,87,164,6621502,4297016,93,125,3175,333,1405,0,86,0,923,8333464,2910,0,509,8,6,8,1554,22,17,1571,8,7,6,10
8601.76,1625064397832,50.012319155,1,0,0,17,33,1294,16,1493,5,0,0,0,22,63,6624377,0,26,11,160,16931,2377697,22206,1310,3,192710,139317,55996,56963,20492,11272,20595,10834,80,1089,1089,33,37154,17584,23466767,2237,73,425,259,4494993,4494902,112,128,72,85,160,6624211,4280654,93,123,2991,320,1161,0,85,0,915,8392388,2828,0,478,9,6,8,1537,18,13,1550,9,7,6,12
8651.77,1625064454538,50.008684223,1,0,0,18,34,1295,16,1495,5,0,0,0,38,58,6406829,0,28,11,160,19701,2185082,22174,1308,3,195680,141633,60162,60631,23793,13702,23793,13512,80,1091,1091,33,42921,20714,22290119,2241,75,427,265,4475316,4475208,112,128,74,86,164,6406493,4254556,93,125,3166,333,1401,0,86,0,917,8035835,2880,0,491,10,6,8,1550,21,13,1563,10,7,6,13
8701.78,1625064511450,50.009153090,1,0,0,18,37,1294,19,1493,6,0,0,0,24,56,6464937,0,33,11,172,22209,2252693,23361,1310,3,196605,142372,62146,63040,24225,13802,24289,13512,86,1142,1143,64,44050,21046,22712459,2281,79,427,266,4469456,4469357,114,130,77,92,170,6464782,4245540,95,128,3210,333,1428,11,90,2,955,8103973,2957,0,498,10,10,15,1553,21,13,1566,10,8,6,14
8751.79,1625064568110,50.009230349,1,0,0,19,35,1296,16,1487,5,0,0,0,24,59,6427355,0,31,11,160,13734,2210435,22353,1309,3,194927,140737,60290,61473,22875,12982,24015,13796,80,1095,1095,37,42334,19732,22418494,2241,80,431,260,4471605,4471499,112,128,79,94,172,6427185,4249904,94,131,3147,326,1378,0,92,0,920,8051665,2900,0,490,8,6,8,1549,22,16,1565,8,7,6,11
8801.8,1625064625180,50.008777642,1,0,0,15,29,1292,14,1477,4,0,0,0,30,53,6687268,0,27,9,152,7025,2427798,21954,1310,2,193945,140327,57825,58449,20781,11437,20774,11276,76,1095,1095,37,38054,17767,23794294,2241,78,427,259,4506726,4506621,108,123,77,90,168,6686911,4289171,94,129,2999,319,1167,0,91,0,926,8236043,2833,0,447,10,6,8,1538,18,14,1552,10,7,6,13
8851.81,1625064681799,50.009219883,1,0,0,18,34,1295,16,1492,5,0,0,0,62,71,6523949,0,30,11,158,12538,2288827,23039,1308,3,195730,141725,60752,61563,26010,15534,27010,16064,79,1089,1089,33,43212,22875,22964969,2237,80,427,267,4489428,4489331,110,126,78,92,168,6523760,4267579,93,129,3165,336,1403,0,91,0,915,8020748,2982,0,491,10,6,8,1565,21,13,1578,10,7,6,13
8901.82,1625064738555,50.010037284,1,0,0,19,38,1295,19,1511,6,0,0,0,15,67,6571604,0,30,11,172,5571,2337553,23021,1309,3,195875,141748,61084,61821,24090,13238,24132,13103,86,1092,1092,33,43281,20919,23226121,2243,83,426,265,4487581,4487472,114,130,82,95,172,6571198,4265430,93,133,3168,334,1402,0,95,0,913,8125231,2907,0,491,11,10,15,1546,21,13,1559,10,8,6,14
8951.83,1625064795557,50.009491635,1,0,0,17,35,1293,18,1508,5,0,0,0,40,62,6862083,0,29,9,168,8007,2596160,21931,1320,2,193919,139950,58765,59870,22974,12564,23765,13102,84,1090,1090,33,41820,19940,24814043,2239,74,426,260,4517519,4517419,110,126,73,86,164,6861885,4298404,93,125,3146,326,1379,0,85,0,913,8410293,2967,0,493,10,11,8,1561,21,13,1574,10,12,11,14
9001.84,1625064852599,50.009172286,1,0,0,16,33,2572,17,2884,5,0,0,0,16,67,6483977,0,46,14,164,18845,2276859,23067,2607,2,193046,139670,59392,60251,20904,11216,20946,10961,82,1137,1138,64,38196,17876,22788985,2271,75,430,260,4456615,4456519,108,123,74,87,166,6483788,4238174,95,126,3040,320,1188,11,87,2,956,8012833,2826,0,441,7,7,12,2820,23,19,2839,3,8,6,7
9051.85,1625064908985,50.009743196,1,0,0,15,32,1292,17,1505,5,0,0,0,18,79,6598800,0,28,9,164,18260,2350414,22616,1308,2,195919,141890,62050,62894,24140,14149,24210,13481,82,1094,1094,37,43855,20957,23342559,2239,82,425,265,4502121,4502022,110,126,80,94,172,6598609,4278634,94,131,3169,332,1407,0,94,0,923,8080260,2970,0,502,13,9,16,1549,22,17,1566,9,9,6,13
9101.86,1625064965987,50.008797270,1,0,0,14,25,1291,11,1470,4,0,0,0,8,68,6377860,0,27,9,140,18630,2157666,21976,1300,2,195618,141641,61513,62158,23978,13578,24011,13701,70,1093,1093,37,43605,20841,22143315,2237,77,424,265,4474530,4474439,108,124,76,89,168,6377676,4251412,94,127,3160,332,1405,0,89,0,924,7853506,2787,0,476,11,4,12,1553,21,13,1566,9,3,1,11
9151.87,1625065023016,50.010828131,1,0,0,16,27,1292,11,1492,4,0,0,0,24,68,6403059,0,28,9,140,12670,2184054,21294,1320,2,193599,139887,56596,58027,20616,11273,23290,13229,70,1094,1094,33,38002,17652,22259828,2247,74,426,260,4466243,4466153,108,124,72,87,163,6402935,4250500,93,124,3017,326,1182,0,84,0,915,7971224,2841,0,476,11,14,5,1550,22,17,1567,9,12,11,11
9201.88,1625065080125,50.009139295,1,0,0,17,33,1294,16,1479,5,0,0,0,70,54,6467003,0,26,11,160,18305,2239501,22950,1312,3,193445,139926,55972,56751,20531,10706,20591,10520,80,1088,1088,33,37126,17588,22608211,2235,71,428,259,4475530,4475432,110,126,71,83,160,6466845,4260957,93,123,2990,320,1161,0,84,0,913,8095512,3001,0,499,8,6,8,1533,19,16,1549,8,7,6,10
9251.89,1625065136674,50.009025426,1,0,0,20,32,1292,12,1545,5,0,0,0,70,85,6513543,0,34,9,144,13395,2302622,22927,1309,2,196338,142189,61343,61947,24159,13266,24140,12977,72,1136,1137,60,43437,20992,22972981,2277,79,429,267,4466826,4466720,106,122,79,91,170,6513084,4244344,94,130,3209,337,1427,11,91,2,953,8068720,3034,0,506,6,6,8,1545,22,17,1562,2,7,6,5
9301.9,1625065193715,50.008797948,1,0,0,19,41,1291,22,1492,8,0,0,0,76,53,6682875,0,29,11,184,6449,2452360,23419,1308,3,196295,142171,60025,61010,23723,13516,23793,13040,92,1095,1095,37,42958,20683,23881462,2243,76,433,264,4485382,4485275,114,129,76,95,163,6682530,4263673,90,126,3173,328,1405,0,90,0,922,8062772,3141,0,541,16,8,15,1540,22,13,1553,10,9,6,18
9351.91,1625065250661,50.010849737,1,0,0,18,37,1295,19,1481,6,0,0,0,1,50,6402388,0,30,11,172,9481,2169894,21462,1309,3,192827,139488,57836,58285,20811,11217,20823,10929,86,1093,1093,37,38036,17783,22188724,2237,78,424,259,4481477,4481371,114,130,77,90,168,6401774,4264782,94,129,2988,321,1163,0,90,0,922,8033138,2756,0,450,13,8,15,1530,20,20,1550,5,9,6,12
9401.92,1625065307677,50.008935925,1,0,0,16,28,1291,12,1500,4,0,0,0,38,61,6359888,0,27,9,144,16837,2159577,21829,1309,2,195709,141772,61542,62312,24016,13546,24017,13355,72,1093,1093,37,43660,20834,22115214,2237,77,425,265,4455138,4455038,108,124,76,92,168,6359692,4232141,94,127,3160,332,1405,0,89,0,920,7788698,2927,0,490,12,10,11,1559,22,16,1575,8,8,6,12
9451.93,1625065364460,50.009054776,1,0,0,14,29,2572,15,2904,4,0,0,0,32,75,6474414,0,34,14,156,18797,2234010,22349,2608,2,196254,142053,62128,62598,23965,13801,23985,13764,78,1093,1093,33,43073,20823,22626032,2245,81,427,266,4496165,4496061,108,123,78,89,168,6474228,4272801,93,129,3180,337,1409,0,92,0,919,7740897,2975,0,482,7,7,12,2843,27,22,2865,3,8,6,6
9501.94,1625065421224,50.009190844,1,0,0,19,36,1292,17,1484,7,0,0,0,16,93,6278540,0,33,11,164,20580,2076164,21492,1308,3,195340,141373,61005,61877,24035,14144,24084,13828,82,1133,1134,60,43281,20916,21626284,2271,77,425,268,4451391,4451298,114,130,75,88,166,6278400,4229760,94,126,3204,340,1431,11,88,2,955,7618768,2890,0,484,12,7,8,1553,23,17,1570,4,8,6,12
9551.95,1625065478013,50.012033416,1,0,0,15,31,1291,16,1481,5,0,0,0,1,69,6792162,0,28,9,160,8489,2525101,20890,1309,2,193014,139509,56044,56830,20456,11179,20538,10961,80,1093,1093,33,37112,17578,24377174,2244,73,429,259,4513393,4513293,108,124,71,84,160,6791896,4298728,93,123,2998,321,1161,0,84,0,920,8582374,2822,0,437,12,7,11,1526,19,16,1542,4,8,6,12
9601.96,1625065534954,50.008837270,1,0,0,18,37,1291,19,1508,8,0,0,0,36,61,6723912,0,29,11,172,12513,2484491,22882,1309,3,194019,140749,59902,59906,23856,13292,21286,10646,86,1081,1081,33,41934,20759,24109463,2221,77,424,265,4490088,4489992,112,128,77,89,165,6723804,4271736,93,128,3024,329,1217,0,89,0,914,8496723,2947,0,469,15,8,11,1531,20,16,1547,5,9,6,15
9651.97,1625065592019,50.008908681,1,0,0,18,32,1294,14,1504,4,0,0,0,62,49,6712954,0,28,9,152,12039,2470112,23029,1311,2,195803,141864,61561,62238,24021,13799,24034,13480,76,1089,1089,37,43667,20876,24068212,2229,76,426,264,4495511,4495409,108,124,76,89,168,6712759,4273103,94,127,3153,329,1400,0,90,0,922,8439054,3017,0,497,6,11,14,1550,22,19,1569,2,8,6,6
9701.98,1625065648773,50.008748820,1,0,0,15,28,1288,13,1512,6,0,0,0,2,58,6283479,0,29,9,148,9478,2092306,23523,1309,2,196351,142161,61666,62300,24014,14049,24022,13952,74,1096,1096,37,43626,20864,21683095,2243,76,426,265,4447290,4447185,108,124,76,90,168,6283141,4223939,94,127,3168,332,1402,0,89,0,927,7622775,2800,0,467,9,10,11,1535,22,13,1548,3,8,6,9
9751.99,1625065705686,50.009347070,1,0,0,18,37,1291,19,1470,7,0,0,0,6,62,6550600,0,27,11,172,18248,2288042,21726,1309,3,193729,140132,57433,58137,20705,11337,20749,11275,86,1097,1097,37,37820,17703,22973455,2245,74,426,259,4511249,4511154,114,130,73,86,164,6550435,4294378,94,125,2997,319,1162,0,86,0,917,8110932,2767,0,447,15,8,11,1539,20,16,1555,5,9,6,15
9802,1625065762808,50.010689916,1,0,0,19,30,1291,11,1526,6,0,0,0,74,66,6587132,0,56,11,138,25284,2341544,23187,1310,3,196560,142342,61475,61961,24187,13521,24164,13417,69,1136,1137,60,43453,21005,23254433,2277,80,434,268,4499226,4499124,108,124,79,94,170,6586714,4277050,94,130,3230,340,1427,11,92,2,955,8186366,3149,0,518,14,6,4,1551,22,16,1567,8,7,6,13
9852.01,1625065819956,50.009169807,1,0,0,17,33,1294,16,1502,5,0,0,0,2,52,6728427,0,29,11,160,13793,2449345,24625,1308,3,196120,141908,61145,62026,24063,14338,24144,13795,80,1093,1093,33,43315,20908,24009690,2244,84,426,265,4532087,4531984,110,125,82,95,172,6728268,4310209,93,133,3176,333,1406,0,95,0,925,8549857,2850,0,482,8,6,8,1562,22,16,1578,8,7,6,10
9902.02,1625065876494,50.008847931,1,0,0,19,32,1292,13,1512,5,0,0,0,26,72,6296501,0,28,9,148,10343,2119315,21325,1311,2,195965,141819,60656,61339,23957,13767,23983,13795,74,1092,1092,33,43103,20830,21782244,2242,79,426,265,4432198,4432091,106,122,78,90,168,6296189,4210894,93,129,3168,333,1402,0,91,0,915,7833069,2873,0,483,6,6,8,1543,22,17,1560,2,7,6,6
9952.03,1625065933614,50.009132722,1,0,0,15,32,1291,17,1475,6,0,0,0,58,48,6768712,0,35,9,164,11573,2513706,23293,1311,2,193770,140234,57323,58211,20668,11025,20734,10930,82,1093,1093,37,37878,17684,24288781,2237,76,428,258,4503647,4503553,110,125,73,88,164,6768525,4287340,94,125,3001,319,1166,0,86,0,923,8385025,2952,0,498,12,10,14,1538,19,16,1554,4,9,6,12
10002,1625065990689,50.009176604,1,0,0,16,24,1291,8,1488,4,0,0,0,2,78,6632124,0,26,9,128,16402,2366981,21940,1308,2,194663,140957,61521,62384,23990,13923,24057,13638,64,1089,1089,37,43675,20871,23490008,2229,77,421,265,4515025,4514929,106,122,76,90,168,6631962,4293245,94,127,3150,332,1403,0,90,0,917,8276444,2850,0,476,13,6,4,1560,22,16,1576,7,7,6,12
10052,1625066047396,50.008764197,1,0,0,16,32,1291,16,1499,5,0,0,0,26,48,6509920,0,34,9,160,5174,2253587,24126,1308,2,196431,142277,62717,63507,24354,14308,24408,13858,80,1140,1141,64,44194,21106,22774895,2277,82,426,267,4514569,4514453,110,126,81,95,174,6509498,4290303,95,132,3208,336,1431,11,94,2,955,7889827,2952,0,505,10,10,15,1561,21,13,1574,10,8,6,14
10102,1625066103918,50.015011855,1,0,0,16,31,2571,15,2897,5,0,0,0,4,56,6398908,0,29,14,156,23896,2145523,21968,2610,2,195202,141265,62172,63009,23977,14115,24014,13481,78,1092,1092,33,43145,20864,22160067,2243,80,423,266,4503536,4503440,110,126,79,91,168,6398656,4281148,93,129,3175,336,1410,0,92,0,916,7778973,2864,0,503,11,7,11,2832,26,17,2848,9,8,6,14
10152,1625066161047,50.009106443,1,0,0,19,39,1293,20,1484,8,0,0,0,18,71,6613042,0,39,11,176,16936,2373998,22018,1307,3,192830,139403,56019,56839,20535,11146,20574,11118,88,1092,1092,33,37101,17576,23417101,2243,73,426,259,4485115,4485012,114,130,71,83,160,6612933,4270958,93,123,3001,329,1161,0,83,0,919,8148803,2792,0,456,12,9,13,1527,20,18,1545,4,9,6,12
10202,1625066218215,50.009232637,1,0,0,18,37,1291,19,1507,8,0,0,0,6,65,6419921,0,30,11,172,14698,2216008,23120,1312,3,195200,141270,62393,63385,24362,13932,24476,13355,86,1089,1089,33,43877,21098,22465730,2236,88,424,265,4456435,4456318,114,129,86,102,179,6419810,4234609,95,138,3165,336,1405,0,99,0,911,7928419,2824,0,489,13,8,11,1549,23,16,1565,5,9,6,13
10252,1625066275359,50.009553511,1,0,0,20,37,1291,17,1511,8,0,0,0,0,70,6534034,0,29,11,164,10089,2301247,23301,1309,3,196118,141853,60039,61051,23763,13070,23932,13103,82,1090,1090,33,42914,20717,22999883,2238,76,427,264,4486579,4486485,114,129,74,92,164,6533748,4265385,93,125,3163,330,1398,0,86,0,910,8077028,2788,0,457,15,8,11,1544,23,16,1560,5,9,6,15
10302,1625066332308,50.009139216,1,0,0,19,37,1294,18,1482,7,0,0,0,70,67,6457762,0,34,11,168,18872,2229770,21695,1307,3,194258,140615,57981,58996,20847,11122,20918,10867,84,1143,1144,65,38253,17867,22551172,2281,76,430,260,4479246,4479145,110,126,74,88,166,6457617,4261976,95,126,3035,320,1184,11,88,2,957,7867768,3005,0,469,12,12,14,1530,20,19,1549,4,9,6,12
10352,1625066389671,50.009087358,1,0,0,18,30,1290,12,1507,6,0,0,0,48,63,6545311,0,25,9,144,20199,2306941,22617,1310,2,195674,141824,61472,61672,24052,13644,21532,10929,72,1089,1089,37,43614,20881,23082336,2229,80,429,265,4491612,4491508,108,124,79,92,169,6545170,4269343,94,130,3144,329,1392,0,93,0,914,8113353,2945,0,457,9,8,9,1540,19,15,1555,3,8,6,9
10402,1625066446144,50.009443916,1,0,0,15,32,1291,17,1505,6,0,0,0,2,71,6333779,0,26,9,164,18855,2110636,23426,1309,2,195825,141788,61682,62504,23975,13958,24032,13733,82,1096,1096,37,43605,20824,21872571,2243,77,424,266,4480548,4480456,110,126,76,90,168,6333606,4257383,94,127,3168,336,1407,0,91,0,926,7795394,2787,0,444,12,10,14,1543,22,16,1559,4,9,6,12
10452,1625066503400,50.009136230,1,0,0,15,31,1291,15,1488,5,0,0,0,40,54,6875621,0,27,9,150,8727,2602982,22715,1310,2,196369,142133,60300,61035,24797,14204,23885,13134,75,1093,1093,33,42928,21687,24880015,2245,75,428,266,4525695,4525598,106,123,74,87,164,6875237,4304328,93,125,3171,336,1405,0,86,0,925,8763938,2944,0,463,12,7,11,1553,22,16,1569,4,8,6,12
10502,1625066560070,50.009282318,1,0,0,16,28,1291,12,1488,4,0,0,0,6,60,6357906,0,27,9,144,23739,2126919,21578,1311,2,193198,139658,56456,57402,20670,11181,20757,10835,72,1090,1090,33,37391,17689,21966370,2239,77,426,259,4477667,4477573,108,125,75,88,164,6357738,4262438,93,127,2998,320,1171,0,87,0,916,7977779,2733,0,425,12,10,11,1532,19,16,1548,8,8,6,12
10552,1625066617193,50.008963308,1,0,0,15,28,1291,13,1486,4,0,0,0,26,64,6439650,0,30,9,148,13234,2196603,22093,1308,2,195647,141614,60189,60933,23810,13953,23864,13637,74,1088,1088,33,42964,20748,22430964,2235,75,426,265,4491232,4491133,108,124,74,86,164,6439413,4270185,93,125,3159,335,1407,0,86,0,912,7919191,2839,0,468,10,6,8,1543,21,13,1556,9,7,6,12
10602,1625066674267,50.008477460,1,0,0,19,34,1295,15,1489,5,0,0,0,68,59,6860628,0,44,11,156,19989,2599127,23494,1309,3,196791,142587,61590,61978,23971,13579,23985,13260,78,1098,1098,37,43671,20841,24860303,2247,77,434,264,4518030,4517922,112,128,76,90,168,6860239,4295218,94,127,3187,329,1404,0,90,0,920,8774394,3089,0,530,10,6,8,1555,21,13,1568,10,7,6,13
10652,1625066731202,50.009475747,1,0,0,18,34,1295,16,1495,5,0,0,0,6,63,6395188,0,28,11,158,6713,2181040,23552,1312,3,195930,141760,60952,62192,23574,13427,24121,13512,79,1099,1099,37,43047,20421,22225390,2249,81,426,260,4470456,4470357,110,126,79,95,172,6395042,4248166,94,131,3159,324,1392,0,93,0,927,7992531,2850,0,497,10,6,8,1551,21,13,1564,10,7,6,13
10702,1625066787774,50.009419242,1,0,0,18,35,1293,17,1525,5,0,0,0,44,55,6715001,0,29,9,162,13850,2460385,22439,1319,2,193721,140195,57819,58869,20829,10935,20866,10803,81,1095,1095,37,38102,17767,23978698,2241,78,427,259,4500726,4500620,108,123,77,91,168,6714775,4284095,94,129,2995,319,1169,0,91,0,924,8541652,2918,0,490,10,11,8,1542,18,13,1555,10,12,11,14
10752,1625066844539,50.008545682,1,0,0,14,28,2571,14,2915,4,0,0,0,56,63,6559189,0,28,14,150,25497,2318562,22514,2607,2,193575,140487,60149,60263,23118,13261,21058,11150,75,1086,1086,33,40119,20046,23141122,2231,77,424,266,4489342,4489227,106,122,76,87,164,6558705,4271458,93,127,3004,331,1192,0,88,0,916,8040612,2947,0,481,10,6,8,2832,23,17,2849,9,7,6,12
10802,1625066900957,50.008519548,1,0,0,19,34,1295,15,1502,5,0,0,0,86,64,6646330,0,30,11,156,20226,2413630,22908,1310,3,196317,142167,60149,60598,23848,13766,23831,13701,78,1092,1092,33,42886,20732,23686241,2243,75,430,265,4485366,4485254,112,128,74,86,164,6645932,4264641,93,125,3169,333,1407,0,86,0,919,8335761,3094,0,532,10,6,8,1548,21,13,1561,10,7,6,13
10852,1625066957524,50.008694206,1,0,0,18,37,1294,19,1494,6,0,0,0,2,58,6667962,0,35,11,172,11898,2409057,23173,1309,3,194824,140977,60831,61488,24020,14492,24008,13953,86,1133,1134,60,43284,20908,23714577,2271,76,428,267,4510913,4510813,114,130,75,88,166,6667608,4290034,94,126,3201,338,1430,11,88,2,959,8419375,2878,0,479,9,10,15,1549,21,13,1562,9,8,6,13
10902,1625067014614,50.011363094,1,0,0,18,35,1293,17,1503,5,0,0,0,27,71,6510532,0,29,9,164,10507,2261758,22301,1318,2,194006,140375,58242,58940,20937,11504,20938,11149,82,1098,1098,37,38324,17871,22780254,2247,82,427,258,4498197,4498088,110,126,81,95,172,6510160,4280948,94,133,3006,317,1170,0,95,0,921,8009380,2834,0,484,10,11,8,1529,18,13,1542,10,12,11,14
10952,1625067071679,50.015558494,1,0,0,16,28,1291,12,1494,4,0,0,0,0,61,6524648,0,27,9,144,18040,2285614,21076,1312,2,195693,141968,59855,60285,22781,13013,21132,11653,72,1099,1099,37,40388,19647,22925006,2249,80,426,264,4491951,4491859,108,122,79,90,168,6524490,4271867,94,129,3022,324,1194,0,92,0,929,7941903,2751,0,441,10,10,12,1529,18,14,1543,8,8,6,10
11002,1625067128625,50.010688561,1,0,0,20,37,1298,17,1503,5,0,0,0,68,52,6850630,0,30,11,164,5516,2592912,23875,1309,3,196889,142666,61994,62788,24130,13768,24177,13511,82,1097,1097,37,43873,20936,24793172,2245,82,429,265,4515161,4515057,112,128,80,94,172,6850400,4291640,94,131,3169,333,1411,0,93,0,923,8494738,3022,0,529,11,7,11,1553,23,23,1576,9,8,6,11
11052,1625067185891,50.010210175,1,0,0,24,48,1299,24,1524,7,0,0,0,14,78,6551748,0,28,13,192,15459,2293833,22513,1320,4,196135,142044,61792,62505,26052,15594,27034,16158,96,1100,1100,37,43669,22889,23043712,2251,77,426,267,4512436,4512334,118,133,76,91,168,6551318,4289011,94,127,3179,336,1415,0,90,0,925,8045744,2927,0,511,11,12,15,1562,22,17,1579,9,13,11,14
11102,1625067243490,50.009251150,1,0,0,13,23,1291,10,1453,3,0,0,0,52,55,6585078,0,33,9,136,23157,2368012,22498,1299,2,193813,140201,56735,57547,20724,11624,20756,11276,68,1137,1138,60,37516,17756,23355189,2279,74,429,262,4465245,4465152,106,122,72,84,162,6584925,4249548,94,124,3038,327,1195,11,85,2,955,8338425,2924,0,477,9,1,8,1527,18,13,1540,9,2,1,11
11152,1625067300243,50.009036296,1,0,0,18,34,1295,16,1497,5,0,0,0,0,62,6634307,0,28,11,160,14820,2401462,22288,1309,3,196031,141844,60667,61300,24002,14398,24008,14110,80,1090,1090,33,43114,20823,23623676,2239,79,430,265,4487042,4486940,112,128,78,91,168,6634146,4265180,93,129,3171,335,1414,0,91,0,925,8457529,2785,0,468,8,6,8,1559,21,13,1572,8,7,6,10
11202,1625067357377,50.009142770,1,0,0,14,28,1291,14,1496,4,0,0,0,20,93,6455614,0,29,9,152,9894,2207369,22460,1308,2,195920,141775,60485,61440,23967,13768,24065,13512,76,1090,1090,33,43133,20831,22465124,2239,80,427,264,4501986,4501888,108,124,78,94,168,6455443,4280768,93,129,3163,329,1405,0,91,0,916,8094396,2856,0,500,10,6,8,1555,21,12,1567,10,7,6,13
11252,1625067413722,50.010143965,1,0,0,18,34,1295,16,1484,5,0,0,0,16,58,6595535,0,28,11,160,13111,2336804,22810,1311,3,194458,140365,58886,60402,21276,11814,23788,13669,80,1097,1097,37,39768,18198,23259700,2245,79,426,258,4511008,4510908,112,128,78,92,171,6595436,4291479,94,130,3149,321,1383,0,91,0,919,8343831,2808,0,500,10,6,8,1557,21,13,1570,10,7,6,13
11302,1625067470221,50.008557088,1,0,0,18,37,1294,19,1483,6,0,0,0,4,58,6625834,0,28,11,172,6535,2362857,21208,1310,3,193582,140029,57361,57988,20665,11716,20713,11401,86,1096,1096,37,37854,17658,23387846,2243,74,426,259,4511132,4511025,114,130,73,86,164,6625494,4294579,94,125,2995,319,1168,0,87,0,924,8289082,2776,0,471,10,10,15,1532,18,13,1545,10,8,6,14
11352,1625067526557,50.008792081,1,0,0,17,35,1293,18,1527,5,0,0,0,24,56,6577242,0,27,9,168,19659,2349428,22197,1322,2,196008,141952,59100,59404,23501,13320,20960,10583,84,1100,1100,37,42562,20502,23282388,2251,72,427,266,4482139,4482036,110,126,71,85,156,6576817,4261364,90,121,3163,332,1394,0,83,0,922,8112774,2885,0,472,10,11,8,1538,18,13,1551,10,12,11,14
11402,1625067582999,50.009308901,1,0,0,15,29,2572,14,2886,4,0,0,0,32,62,6605921,0,42,14,152,7492,2344071,24150,2610,2,196111,141951,61657,62488,23817,13135,23873,12945,76,1094,1094,33,42917,20746,23304663,2247,76,431,266,4516131,4516041,108,124,74,87,164,6605808,4293560,93,125,3189,336,1410,0,87,0,915,8099734,2962,0,500,10,6,8,2832,26,19,2851,9,7,6,12
11452,1625067639776,50.009890394,1,0,0,17,33,1294,16,1509,5,0,0,0,2,46,6512604,0,28,11,160,3377,2236701,20371,1308,3,196425,142105,60566,61404,23921,13925,23979,13386,80,1094,1094,33,43093,20814,22701231,2247,80,427,265,4529146,4529051,112,128,78,90,168,6512460,4307405,93,129,3172,334,1401,0,90,0,916,8094616,2870,0,498,10,6,8,1541,21,13,1554,10,7,6,13
11502,1625067696686,50.009026115,1,0,0,19,38,1295,19,1474,6,0,0,0,42,53,6597663,0,26,11,172,11738,2348472,22490,1309,3,192504,139193,55764,56453,20507,10893,20496,10646,86,1086,1086,33,37127,17570,23295996,2231,72,426,258,4495823,4495733,114,130,71,83,160,6597524,4282427,93,123,2981,317,1157,0,83,0,915,8235576,2881,0,479,9,10,15,1517,18,13,1530,9,8,6,13
11552,1625067753386,50.008605191,1,0,0,17,35,1293,18,1507,5,0,0,0,86,67,6535870,0,52,9,168,19586,2293642,22061,1317,2,192890,140116,60240,60364,23408,13263,21113,10867,84,1081,1081,37,41759,20335,23012592,2213,76,423,264,4484080,4483975,110,126,75,86,165,6535408,4266740,94,126,3016,332,1200,0,88,0,915,7991916,3035,0,505,10,11,8,1538,18,13,1551,10,12,11,14
11602,1625067810407,50.014290911,1,0,0,18,34,1295,16,1487,5,0,0,0,2,35,6577301,0,37,11,160,26522,2298759,21509,1309,3,196548,142285,61650,62456,24016,13296,24040,13009,80,1098,1098,37,43731,20853,23121887,2247,78,426,276,4535592,4535488,112,128,76,90,168,6577270,4312018,94,127,3174,341,1405,0,90,0,917,7924418,2845,0,483,9,6,8,1556,21,13,1569,9,7,6,12
11652,1625067866956,50.011941866,1,0,0,23,42,1298,19,1518,6,0,0,0,47,88,6518492,0,46,11,172,26224,2280168,22527,1320,3,196681,142495,62457,63223,24230,13802,24282,13639,86,1146,1147,64,43989,21037,22914801,2289,79,433,268,4496538,4496424,114,131,77,91,170,6518216,4272494,95,128,3222,349,1439,11,90,2,962,7992830,3007,0,498,11,14,11,1562,22,19,1581,9,13,11,13
11702,1625067923370,50.008915707,1,0,0,15,31,1291,16,1485,5,0,0,0,62,67,6484872,0,33,9,160,22074,2248741,22592,1311,2,193531,140023,56983,57889,20811,11344,20906,11024,80,1095,1095,33,37556,17777,22698865,2249,80,428,260,4485325,4485226,108,124,79,94,168,6484643,4270174,93,131,3015,323,1175,0,92,0,916,8062208,2933,0,480,12,7,11,1535,19,16,1551,4,8,6,12
11752,1625067979939,50.009194487,1,0,0,15,31,1291,16,1495,5,0,0,0,34,60,6668167,0,29,9,158,14628,2407427,21298,1309,2,196284,142107,60634,61432,23932,13893,24010,13544,79,1094,1094,33,43084,20832,23718813,2247,80,428,265,4513874,4513757,106,122,78,90,168,6668031,4292223,93,129,3171,335,1410,0,90,0,921,8413522,2905,0,478,12,7,11,1542,22,16,1558,4,8,6,12
11802,1625068036559,50.009198634,1,0,0,17,33,1291,16,1494,7,0,0,0,52,80,6585882,0,27,11,158,13122,2355291,22670,1311,3,195780,141745,60144,61010,23807,13481,23860,13512,79,1088,1088,33,42898,20740,23302980,2235,75,427,264,4484850,4484756,110,126,74,88,164,6585685,4264321,93,125,3158,329,1404,0,88,0,913,7964882,2997,0,520,17,7,8,1546,23,16,1562,9,8,6,16
11852,1625068093259,50.009204505,1,0,0,14,29,2568,15,2875,6,0,0,0,40,66,6602032,0,42,14,154,13578,2361129,22570,2608,2,196418,142302,63013,63848,23971,14052,24049,13544,77,1096,1096,37,43644,20835,23414651,2243,78,427,264,4494510,4494412,104,120,76,90,168,6601862,4270100,94,127,3165,344,1412,0,90,0,917,8073553,2934,0,495,9,7,8,2841,27,18,2859,3,8,6,9
11902,1625068150127,50.009233003,1,0,0,17,35,1291,18,1483,6,0,0,0,12,53,6407723,0,35,9,166,20488,2166835,21694,1309,2,191293,138373,56119,56945,20485,11934,20533,11623,83,1131,1132,64,37353,17593,22198780,2259,72,422,261,4485674,4485577,108,122,70,82,157,6407562,4271362,92,122,3013,325,1188,11,82,2,953,7982038,2770,0,437,12,11,18,1526,19,16,1542,4,9,6,12
11952,1625068206304,50.009289114,1,0,0,15,31,1291,16,1474,5,0,0,0,12,58,6653992,0,27,9,160,25710,2403023,22364,1310,2,191686,138604,56600,57502,20669,11276,20734,11244,80,1086,1086,33,37338,17679,23662418,2231,77,422,260,4493293,4493197,108,124,75,88,164,6653795,4279374,93,127,2993,323,1167,0,87,0,913,8218105,2766,0,450,12,7,11,1518,19,16,1534,4,8,6,12
12002,1625068262665,50.009329097,1,0,0,18,37,1291,19,1496,8,0,0,0,50,40,6797155,0,28,11,172,16178,2543402,22540,1309,3,196263,142072,60299,61152,23837,13669,23904,13355,86,1091,1091,33,42898,20760,24505190,2241,76,428,266,4508196,4508100,114,130,74,87,164,6796982,4286939,93,125,3166,336,1402,0,86,0,920,8379740,2951,0,491,15,8,11,1556,23,16,1572,5,9,6,15
12052,1625068319841,50.009216453,1,0,0,15,28,1291,13,1496,4,0,0,0,36,60,6559601,0,29,9,148,4946,2326869,22789,1308,2,196357,142121,60693,61470,23963,13580,24021,13197,74,1094,1094,33,43092,20836,23172988,2247,80,428,265,4482905,4482801,108,125,78,94,168,6559349,4261252,93,129,3174,333,1402,0,91,0,924,8014906,2951,0,486,9,10,11,1549,22,16,1565,3,8,6,8
12102,1625068376849,50.009273980,1,0,0,19,42,1291,23,1488,9,0,0,0,42,45,6617335,0,28,11,188,11650,2383266,21757,1320,3,193099,139625,56373,57190,20641,11434,20700,11213,94,1087,1087,33,37338,17662,23461828,2232,77,427,258,4481472,4481377,112,128,75,88,164,6617164,4267162,93,127,2984,316,1156,0,89,0,912,8215558,2916,0,500,12,12,8,1536,20,16,1552,4,13,11,12
12152,1625068433798,50.010009252,1,0,0,17,35,1294,18,1491,6,0,0,0,10,68,6187919,0,35,11,168,17353,1990133,21638,1309,3,195539,141865,59660,60212,22069,12224,21165,11307,84,1143,1144,64,39711,18986,21100600,2283,77,427,265,4447376,4447271,114,130,75,92,166,6187724,4227345,95,126,3059,329,1209,11,88,2,952,7600160,2787,0,449,10,10,15,1532,20,19,1551,4,9,6,9
12202,1625068490826,50.008683812,1,0,0,19,37,1291,18,1496,8,0,0,0,0,41,6503168,0,46,11,168,22695,2260993,22568,1310,3,195603,141645,62187,62791,24153,13992,24166,13889,84,1093,1093,37,43828,20939,22814472,2237,81,428,265,4497224,4497119,114,130,80,93,172,6502815,4274216,94,131,3183,333,1409,0,94,0,921,7837655,2890,0,506,16,8,11,1557,23,16,1573,5,9,6,14
12252,1625068547560,50.009165035,1,0,0,18,33,1294,15,1502,5,0,0,0,48,57,6702698,0,26,11,154,19984,2447620,22832,1308,3,195953,141975,61755,62557,23987,13419,24040,13292,77,1092,1092,37,43578,20846,23945392,2235,78,426,266,4508571,4508471,108,124,76,89,168,6702477,4285753,94,127,3165,336,1410,0,89,0,923,8439356,2996,0,511,10,6,8,1555,22,16,1571,8,7,6,10
12302,1625068604679,50.009000087,1,0,0,14,25,2572,11,2875,4,0,0,0,44,59,6542182,0,26,14,140,17377,2311582,22486,2610,2,193093,139645,57470,58208,20467,11680,20484,11118,70,1089,1089,33,37113,17559,23044344,2237,72,427,260,4480174,4480083,108,124,71,86,160,6541983,4264595,93,123,2990,323,1161,0,83,0,917,8115580,2885,0,486,9,6,8,2828,24,22,2850,9,7,6,12
12352,1625068662044,50.008685957,1,0,0,18,33,1294,15,1487,5,0,0,0,34,49,6542512,0,29,11,156,9346,2314038,22637,1307,3,195447,141466,60264,60936,23817,13889,23821,13607,78,1088,1088,33,42855,20729,23083718,2235,75,426,266,4481715,4481612,112,128,74,87,164,6542123,4260988,93,125,3163,338,1405,0,86,0,917,8245395,2921,0,512,11,6,8,1545,21,13,1558,10,7,6,13
12402,1625068719241,50.010621519,1,0,0,20,41,1295,21,1491,6,0,0,0,71,61,6587183,0,28,11,180,17399,2343594,23205,1308,3,195042,141213,60087,60941,23817,13858,23876,13449,90,1085,1085,33,42894,20738,23287226,2229,76,427,264,4496809,4496714,114,130,74,91,164,6587067,4277173,93,125,3151,330,1398,0,88,0,907,8144577,3041,0,532,10,7,15,1551,21,13,1564,10,8,6,14
12452,1625068776204,50.009124861,1,0,0,18,35,1293,17,1503,5,0,0,0,98,52,6607363,0,54,9,164,13822,2367260,23319,1319,2,192754,139601,58108,59064,20890,11310,20995,10991,82,1134,1135,64,38276,17866,23407486,2265,76,432,260,4487112,4487017,110,126,74,90,166,6607211,4271228,95,126,3037,332,1198,11,88,2,953,8230995,3128,0,519,10,11,8,1536,18,13,1549,10,12,11,14
12502,1625068832951,50.009118243,1,0,0,21,37,1297,16,1478,5,0,0,0,6,66,6428042,0,29,11,160,17157,2200439,22283,1310,3,193744,140157,57800,58668,20786,10995,20860,10929,80,1098,1098,37,38070,17785,22374882,2246,79,426,258,4473388,4473284,112,128,77,90,168,6427851,4256476,94,129,3007,316,1171,0,90,0,921,8047474,2776,0,486,9,6,8,1523,18,13,1536,9,7,6,12
12552,1625068889761,50.011571794,1,0,0,18,33,1294,15,1497,5,0,0,0,31,74,6600645,0,31,11,156,9735,2379906,22415,1309,3,196589,142420,62689,63503,24277,13176,24338,13040,78,1101,1101,37,44032,21033,23458953,2253,84,427,266,4476854,4476743,112,127,84,97,176,6600283,4252795,94,135,3185,336,1408,0,98,0,919,8087097,2932,0,524,9,6,8,1544,21,13,1557,9,7,6,12
12602,1625068946661,50.008817314,1,0,0,18,34,1295,16,1503,5,0,0,0,8,92,6224775,0,30,11,160,17626,2017756,21518,1309,3,195158,141224,60350,60909,24762,14046,23806,12818,80,1090,1090,33,42871,21673,21286238,2239,74,424,266,4460727,4460627,112,127,74,86,164,6224393,4239719,93,125,3168,337,1405,0,86,0,915,7685182,2786,0,463,10,6,8,1543,21,13,1556,10,7,6,13
12652,1625069002950,50.012644523,1,0,0,19,37,1294,18,1482,6,0,0,0,2,40,6857017,0,29,11,168,15885,2605871,22243,1309,3,193738,139995,57193,58635,20762,11561,23387,14079,84,1095,1095,33,37658,17750,24835857,2249,78,426,260,4500133,4500027,114,130,76,91,167,6856858,4283869,93,128,3017,326,1186,0,89,0,917,8788139,2819,0,474,10,10,15,1547,21,13,1560,10,8,6,14
12702,1625069059661,50.011790947,1,0,0,20,35,1296,15,1473,5,0,0,0,2,64,6626942,0,35,11,156,11055,2386393,22396,1309,3,193233,139679,56611,57515,20694,11276,20755,10898,78,1135,1136,60,37569,17754,23498754,2275,74,430,260,4487072,4486982,112,128,73,85,162,6626715,4271686,94,124,3032,322,1188,11,85,2,948,8469667,2799,0,462,8,6,8,1537,19,16,1553,8,7,6,11
12752,1625069116017,50.009315159,1,0,0,15,29,1292,14,1515,4,0,0,0,32,49,6745652,0,29,9,152,18385,2490505,22979,1311,2,196457,142337,62505,63292,24313,14402,24358,14329,76,1094,1094,37,44108,21047,24194264,2238,86,426,264,4511743,4511638,108,124,84,97,176,6745574,4287844,94,135,3168,330,1415,0,98,0,919,8400051,2945,0,503,9,6,8,1551,21,14,1565,9,7,6,11
12802,1625069173463,50.009113864,1,0,0,18,33,1294,15,1510,5,0,0,0,60,50,6603674,0,27,11,156,9514,2364505,22809,1309,3,196718,142545,62038,62819,24148,14054,24218,13764,78,1096,1096,37,43877,20971,23391005,2243,81,429,264,4496542,4496441,112,128,80,94,172,6603465,4272996,94,131,3169,329,1410,0,93,0,920,7938694,2991,0,521,10,6,8,1560,21,13,1573,10,7,6,13
12852,1625069230481,50.009640683,1,0,0,19,38,1295,19,1484,6,0,0,0,14,77,6377959,0,30,11,170,16789,2147104,21673,1310,3,192662,139390,57456,58396,20713,11527,20799,11150,85,1099,1099,37,37900,17681,22057712,2249,75,424,260,4475696,4475604,112,128,73,87,164,6377764,4259935,94,125,3004,323,1169,0,86,0,919,7909549,2807,0,482,10,10,15,1534,18,13,1547,10,8,6,14
12902,1625069287173,50.009545549,1,0,0,18,35,1293,17,1493,5,0,0,0,42,53,6527137,0,28,9,164,24178,2310949,21735,1319,2,192681,139453,57492,58418,20677,11022,20762,10961,82,1091,1091,37,37851,17687,23018973,2233,74,424,260,4462410,4462321,110,126,73,87,164,6527026,4246671,94,125,2988,324,1170,0,86,0,913,8114937,2834,0,463,10,11,8,1543,18,13,1556,10,12,11,14
12952,1625069343823,50.008824319,1,0,0,16,29,2572,13,2879,4,0,0,0,6,66,6442827,0,36,14,148,14925,2193515,21954,2609,2,195415,141415,62369,63106,24069,14083,24070,13733,74,1134,1135,60,43302,20928,22416841,2273,76,424,268,4501733,4501640,108,125,75,91,166,6442609,4278939,94,126,3203,342,1429,11,88,2,952,7938188,2859,0,491,9,6,8,2853,26,18,2871,9,7,6,12
13002,1625069400568,50.008733890,1,0,0,17,33,1294,16,1508,5,0,0,0,12,75,6498252,0,45,11,160,3894,2271073,22306,1310,3,196004,141811,60544,60865,23940,13200,23942,13543,80,1092,1092,33,43114,20820,22788315,2243,79,426,264,4481630,4481524,112,128,78,90,168,6498012,4260636,93,129,3188,329,1402,0,90,0,912,8021107,2927,0,499,9,6,8,1551,21,13,1564,9,7,6,12
13052,1625069457421,50.009143615,1,0,0,20,38,1295,18,1469,6,0,0,0,34,54,6654801,0,26,11,168,14548,2427724,22304,1308,3,191909,138750,55803,56668,20508,11083,20579,10898,84,1080,1080,33,37166,17571,23730527,2219,73,424,258,4471642,4471553,114,131,71,84,160,6654720,4258628,93,123,2971,316,1155,0,84,0,911,8281697,2836,0,466,10,10,15,1521,18,13,1534,10,8,6,14
13102,1625069514429,50.009197719,1,0,0,15,29,1292,14,1483,4,0,0,0,60,36,6773107,0,27,9,152,10572,2531226,22812,1309,2,193742,140215,57229,58044,20700,11085,20744,10834,76,1093,1093,37,37870,17691,24369787,2237,74,428,258,4491019,4490923,108,124,73,86,164,6772937,4274986,94,125,2988,316,1160,0,86,0,920,8505722,2946,0,501,10,6,8,1514,18,13,1527,10,7,6,13
13152,1625069571033,50.009264693,1,0,0,19,35,1296,16,1488,5,0,0,0,20,58,6513095,0,30,11,160,16407,2293170,22053,1310,3,195784,141786,61638,62475,23966,14111,24033,13701,80,1094,1094,37,43684,20853,22956750,2239,77,425,266,4473284,4473184,112,128,76,89,168,6512942,4250379,94,127,3170,337,1408,0,89,0,916,8161102,2831,0,485,9,6,8,1555,22,16,1571,8,7,6,11
13202,1625069628185,50.008620034,1,0,0,23,38,1299,15,1497,5,0,0,0,42,81,6694083,0,27,11,156,18460,2444669,23106,1309,3,195859,141901,61747,62392,26071,16101,27014,16851,78,1095,1095,37,43684,22882,23916775,2241,77,425,267,4504059,4503946,112,130,76,92,168,6693687,4281192,94,127,3167,336,1415,0,91,0,923,8474501,2981,0,524,10,6,8,1568,21,17,1585,10,7,6,13
13252,1625069685558,50.009064428,1,0,0,17,33,1294,16,1480,5,0,0,0,66,67,6685254,0,51,11,160,17037,2449109,22645,1309,3,192839,139542,57199,58101,20860,10904,20940,10677,80,1135,1136,60,37751,17858,23858502,2275,78,431,262,4484834,4484733,112,129,76,90,166,6685084,4269933,94,128,3050,336,1201,11,89,2,956,8259930,3063,0,511,10,6,8,1535,18,13,1548,10,7,6,13
13302,1625069742220,50.008850821,1,0,0,20,38,1295,18,1504,6,0,0,0,40,46,6594821,0,27,11,166,14859,2355390,22213,1309,3,195625,141735,59566,59323,23709,13511,21114,10993,83,1092,1092,33,41666,20655,23342231,2243,74,427,266,4492479,4492381,112,129,73,85,161,6594383,4272802,93,124,3127,332,1349,0,86,0,917,8039173,2885,0,474,10,10,15,1529,18,13,1542,10,8,6,14
13352,1625069799345,50.009220033,1,0,0,17,30,1293,13,1519,4,0,0,0,12,53,6670049,0,28,9,148,24685,2414891,21908,1310,2,194473,140754,61732,62541,24246,14056,24309,13670,74,1081,1081,33,43639,21022,23760838,2221,84,422,264,4506606,4506506,108,125,82,95,175,6669938,4285993,95,134,3148,332,1408,0,95,0,912,8139677,2861,0,490,9,6,8,1554,21,13,1567,9,7,6,12
13402,1625069856194,50.009313901,1,0,0,15,29,2572,14,2883,4,0,0,0,20,85,6625711,0,26,14,152,14139,2370790,22581,2608,2,195428,141413,61651,62903,23454,13166,23996,13198,76,1095,1095,37,42804,20348,23478496,2241,76,425,259,4509999,4509894,108,124,75,89,168,6625504,4287316,94,127,3142,322,1386,0,88,0,913,7980626,2879,0,467,10,6,8,2842,26,18,2860,9,7,6,11
13452,1625069913023,50.008776391,1,0,0,23,48,1294,25,1494,8,0,0,0,4,54,6297898,0,27,11,196,18626,2056844,21720,1319,3,193543,139991,57316,57968,20649,11058,20657,10930,98,1098,1098,37,37840,17668,21574733,2247,74,427,258,4482991,4482893,114,130,73,87,164,6297541,4266491,94,125,2999,316,1165,0,88,0,920,7711557,2779,0,457,13,13,18,1533,19,16,1549,5,14,11,13
13502,1625069970053,50.008865566,1,0,0,15,31,1291,16,1496,5,0,0,0,78,50,6516137,0,35,9,160,28626,2283597,22760,1307,2,196517,142438,62837,63463,24371,13428,24370,13670,80,1140,1141,65,44244,21130,22934522,2275,82,432,268,4487856,4487747,108,124,81,95,174,6515751,4263828,95,132,3207,340,1432,11,94,2,956,8053627,3097,0,490,12,7,11,1561,22,16,1577,4,8,6,12
13552,1625070027428,50.009107407,1,0,0,14,24,1291,10,1498,4,0,0,0,50,68,6733518,0,50,9,136,14651,2483420,23123,1307,2,195453,141515,61213,61988,24098,13680,24150,13386,68,1088,1088,33,43288,20925,24141363,2235,83,425,266,4503089,4502978,106,123,82,95,172,6733332,4281835,93,133,3182,348,1412,0,95,0,918,8311735,2988,0,499,14,6,4,1553,22,16,1569,8,7,6,13
