time,timestamp,seconds,connectivity,cpuUser,cpuSystem,cpuNice,cpuIdle,cpuIowait,cpuHardIrq,cpuSoftIrq,tasks,tasksRunning,tasksSleeping,tasksStopped,tasksZombie,ramFree,ramUsed,ramCache,memAvail,iface0RX,iface0TX,iface1RX,iface1TX,numEncrypted,alarmtimer:alarmtimer_fired,alarmtimer:alarmtimer_start,block:block_bio_backmerge,block:block_bio_remap,block:block_dirty_buffer,block:block_getrq,block:block_touch_buffer,block:block_unplug,cachefiles:cachefiles_create,cachefiles:cachefiles_lookup,cachefiles:cachefiles_mark_active,clk:clk_set_rate,cpu-migrations,cs,dma_fence:dma_fence_init,fib:fib_table_lookup,filemap:mm_filemap_add_to_page_cache,gpio:gpio_value,ipi:ipi_raise,irq:irq_handler_entry,irq:softirq_entry,jbd2:jbd2_handle_start,jbd2:jbd2_start_commit,kmem:kfree,kmem:kmalloc,kmem:kmem_cache_alloc,kmem:kmem_cache_free,kmem:mm_page_alloc,kmem:mm_page_alloc_zone_locked,kmem:mm_page_free,kmem:mm_page_pcpu_drain,mmc:mmc_request_start,net:net_dev_queue,net:net_dev_xmit,net:netif_rx,page-faults,pagemap:mm_lru_insertion,preemptirq:irq_enable,qdisc:qdisc_dequeue,random:get_random_bytes,random:mix_pool_bytes_nolock,random:urandom_read,raw_syscalls:sys_enter,raw_syscalls:sys_exit,rpm:rpm_resume,rpm:rpm_suspend,sched:sched_process_exec,sched:sched_process_free,sched:sched_process_wait,sched:sched_switch,sched:sched_wakeup,signal:signal_deliver,signal:signal_generate,skb:consume_skb,skb:kfree_skb,skb:skb_copy_datagram_iovec,sock:inet_sock_set_state,task:task_newtask,tcp:tcp_destroy_sock,tcp:tcp_probe,timer:hrtimer_start,timer:timer_start,udp:udp_fail_queue_rcv_skb,workqueue:workqueue_activate_work,writeback:global_dirty_state,writeback:sb_clear_inode_writeback,writeback:wbc_writepage,writeback:writeback_dirty_inode,writeback:writeback_dirty_inode_enqueue,writeback:writeback_dirty_page,writeback:writeback_mark_inode_dirty,writeback:writeback_pages_written,writeback:writeback_single_inode,writeback:writeback_write_inode,writeback:writeback_written
5.00956,1658764385146,5.009558402,1,0.6,16.3,0.0,83.1,0.0,0.0,0.0,126,1,72,0,2,833000,114216,965156,1494968,23302,239609,378,378,0,0,0,0,0,0,0,0,0,0,0,0,2,8,650444,0,12,0,10,2989,235964,2353,0,0,18352,13258,5033,5519,850,271,860,220,5,123,123,2,1523,547,2304588,252,5,42,7,437243,437218,10,12,5,7,18,650025,417446,11,15,293,32,83,7,7,2,115,801826,322,0,49,1,0,0,16,0,0,16,1,0,0,1
10.0194,1658764398357,5.009851880,1,8.0,15.9,0.0,76.1,0.0,0.0,0.0,124,1,70,0,2,834828,112392,965152,1496796,24005,243802,168,168,0,0,0,5,7,5,2,0,1,0,0,0,12,7,684521,0,13,0,18,559,268089,2678,0,1,18480,13288,5907,6728,1315,558,1366,252,9,126,126,3,2268,985,2504122,261,9,43,44,440336,440321,14,16,8,10,21,684416,419589,11,17,306,36,95,7,10,2,118,866151,341,0,56,1,0,0,27,0,1,28,1,0,0,1
15.032,1658764411652,5.012565534,1,2.8,18.2,0.0,79.1,0.0,0.0,0.0,125,1,70,0,2,835544,111668,965160,1497520,23427,236242,168,168,0,0,0,6,9,6,3,0,2,0,0,0,1,8,635330,0,14,1,22,2992,214809,2547,1,1,17966,12905,4364,4431,740,336,585,315,11,131,131,3,1297,561,2188946,266,3,43,9,442488,442470,16,17,2,6,9,635053,423784,7,10,322,27,126,9,4,2,126,809693,325,0,52,1,1,0,13,0,0,13,1,2,2,2
20.0429,1658764424630,5.010913400,1,2.5,15.1,0.0,82.4,0.0,0.0,0.0,126,1,72,0,2,834156,113052,965164,1496132,23703,237182,378,378,0,0,0,5,7,5,2,0,1,0,0,0,3,3,657421,0,14,0,18,2422,238106,2579,0,1,18329,13247,6065,6246,954,339,908,378,9,125,125,3,1855,638,2332041,259,7,43,9,442531,442513,14,15,6,7,17,657306,422539,11,15,291,28,96,9,9,2,119,818177,330,0,55,1,0,0,14,0,3,17,1,0,0,1
25.0523,1658764437681,5.009425614,1,7.8,19.3,0.0,72.9,0.0,0.0,0.0,124,1,70,0,2,834380,112824,965168,1496360,22982,232944,168,168,0,0,0,5,7,5,2,0,1,0,0,0,6,6,666993,0,15,1,18,2036,251742,3045,0,1,18200,13138,9644,11546,1972,411,2366,535,132,130,130,2,3596,1412,2421545,266,14,44,46,441617,441594,87,15,13,19,41,666858,418805,18,31,397,42,156,15,17,4,123,801081,522,0,105,1,0,0,41,0,1,42,1,0,0,1
30.0618,1658764450956,5.009546892,1,3.2,17.6,0.0,79.2,0.0,0.0,0.0,127,1,73,0,2,834872,112312,965188,1496868,25330,240932,350,350,0,0,0,5,9,5,4,0,2,0,0,0,10,9,672089,0,21,2,26,2665,255306,2911,0,1,18664,13556,6959,8021,1084,497,1200,441,13,147,147,6,2252,786,2435687,297,6,43,11,441924,441905,16,18,5,14,20,671969,419632,10,17,378,41,166,14,8,4,133,819093,399,0,58,1,3,7,22,1,5,27,1,1,0,2
35.0748,1658764464130,5.013042587,1,2.4,26.8,0.0,70.8,0.0,0.0,0.0,127,1,73,0,2,833752,113436,965184,1495744,10600,104026,84,84,0,0,0,5,7,5,2,0,1,0,0,0,8,5,666814,0,11,0,18,2968,261704,2533,0,1,18189,13131,4833,5240,816,20,804,0,9,122,122,3,1488,535,2432586,253,5,43,7,427259,427237,14,16,5,8,17,665989,407980,11,15,288,25,82,7,8,2,117,854129,338,0,59,1,0,0,14,0,1,15,1,0,0,1
40.0881,1658764471081,5.013333176,1,2.5,22.6,0.0,74.9,0.0,0.0,0.0,125,1,71,0,2,834916,112260,965196,1496920,10545,103817,266,266,0,0,0,5,7,5,2,0,1,0,0,0,0,7,662828,0,10,1,18,494,264680,2684,0,1,18488,13386,4354,5766,602,270,908,346,9,135,135,6,1382,423,2435360,266,3,42,8,421203,421179,14,15,3,7,18,661848,400797,9,16,320,30,100,10,5,3,130,842319,329,0,48,1,0,0,16,0,0,16,1,0,0,1
45.1002,1658764477699,5.012114587,1,4.5,22.8,0.0,72.7,0.0,0.0,0.0,127,1,73,0,2,835004,112172,965196,1497008,11587,105386,84,84,0,0,0,5,7,5,2,0,1,0,0,0,0,12,606970,0,12,0,18,1569,207420,2820,0,1,18654,13469,8300,9577,1809,281,2020,189,9,132,132,3,3225,1312,2118288,268,12,42,44,424725,424696,14,15,12,17,36,606339,401861,16,26,345,37,133,9,15,2,125,725769,337,0,54,1,0,0,40,0,0,40,1,0,0,1
50.1148,1658764484323,5.014559154,1,9.3,17.8,0.0,72.7,0.0,0.0,0.3,125,2,70,0,2,834728,112448,965196,1496732,9596,103326,84,84,0,0,0,5,8,5,3,0,2,0,0,0,0,6,666076,0,13,0,22,731,266935,2754,0,1,18190,13101,4589,5760,712,82,1070,252,11,125,125,3,1359,455,2452730,258,5,42,7,421031,421002,16,17,5,9,22,665023,401901,12,19,303,25,86,10,7,3,118,839335,332,0,54,1,3,6,18,1,5,23,1,1,0,2
55.127,1658764491027,5.012150700,1,2.7,22.4,0.0,74.9,0.0,0.0,0.0,127,1,73,0,2,833360,113808,965204,1495368,11108,104713,266,266,0,0,0,5,7,5,2,0,1,0,0,0,0,8,643343,0,10,0,16,2818,255458,2656,0,1,18386,13333,4309,4897,578,270,624,126,8,132,132,6,1369,410,2357907,267,3,42,8,410991,410972,12,13,3,5,13,642711,390775,8,12,301,28,88,7,5,2,129,817859,335,0,48,1,0,0,13,0,1,14,1,1,1,2
60.1374,1658764497596,5.010410826,1,2.6,20.8,0.0,76.6,0.0,0.0,0.0,123,1,71,0,2,833600,113576,965196,1495600,9333,101768,56,56,0,0,0,6,10,6,3,3,2,0,0,0,0,10,596011,0,12,1,22,541,206451,2729,2,1,18643,13464,7963,8325,1694,90,1729,189,11,120,120,2,3078,1217,2091711,246,12,42,44,414907,414878,16,17,12,17,31,595250,392447,15,22,295,37,94,7,15,2,114,727281,343,0,53,1,1,0,35,0,1,36,1,1,1,2
65.1512,1658764504165,5.013751486,1,5.5,29.1,0.0,65.4,0.0,0.0,0.0,126,2,73,0,1,834732,112436,965204,1496736,9278,102674,84,84,0,0,0,5,7,5,2,0,1,0,0,0,0,3,653111,0,11,0,18,3240,257378,2926,0,1,18766,13333,5053,5545,825,280,851,0,223,120,120,3,1484,549,2391347,249,5,47,7,420218,420191,153,15,5,7,17,652225,399183,12,16,559,26,317,7,8,2,115,812834,587,0,141,1,0,0,19,0,0,19,1,0,0,1
70.1631,1658764511030,5.011931224,1,2.4,18.6,0.0,79.1,0.0,0.0,0.0,125,1,72,0,2,834780,112364,965228,1496800,31228,253176,9329,9329,0,0,0,5,10,5,5,0,2,0,0,0,3,11,666632,0,21,0,30,2355,266031,3224,2,1,19357,13581,11675,13844,2384,1049,2744,1322,15,147,147,6,5265,1692,2473953,297,17,43,11,429441,429402,16,17,17,28,46,665934,403757,17,39,376,37,160,16,25,4,135,798979,395,0,55,3,4,7,52,1,5,57,1,3,2,3
75.1744,1658764524707,5.011328923,1,1.7,13.1,0.0,85.2,0.0,0.0,0.0,123,1,70,0,2,835140,112012,965220,1497152,25661,249770,406,406,0,0,0,5,8,5,3,0,2,0,0,0,0,7,684061,0,15,0,22,2958,277243,2767,1,1,18282,13215,6567,6625,1162,151,1010,125,11,136,136,2,2142,830,2526327,282,7,42,9,430742,430726,14,16,6,7,17,683956,410108,11,15,345,28,145,10,9,3,126,854751,348,0,53,3,1,0,21,1,5,26,1,2,2,3
80.1856,1658764538180,5.011208834,1,7.4,13.6,0.0,79.0,0.0,0.0,0.0,123,1,70,0,2,835612,111528,965232,1497632,25491,236271,168,168,0,0,0,5,7,5,2,0,1,0,0,0,0,11,630819,0,19,0,18,2760,222518,2902,0,1,18780,13591,9728,9688,2051,411,1864,346,9,132,132,3,3723,1497,2231758,273,14,43,46,435371,435344,14,16,13,15,30,630697,411716,15,22,335,40,141,11,17,3,125,751934,358,0,55,1,0,0,34,1,5,39,1,0,0,1
