time,timestamp,seconds,connectivity,cpuUser,cpuSystem,cpuNice,cpuIdle,cpuIowait,cpuHardIrq,cpuSoftIrq,tasks,tasksRunning,tasksSleeping,tasksStopped,tasksZombie,ramFree,ramUsed,ramCache,memAvail,iface0RX,iface0TX,iface1RX,iface1TX,numEncrypted,alarmtimer:alarmtimer_fired,alarmtimer:alarmtimer_start,block:block_bio_backmerge,block:block_bio_remap,block:block_dirty_buffer,block:block_getrq,block:block_touch_buffer,block:block_unplug,cachefiles:cachefiles_create,cachefiles:cachefiles_lookup,cachefiles:cachefiles_mark_active,clk:clk_set_rate,cpu-migrations,cs,dma_fence:dma_fence_init,fib:fib_table_lookup,filemap:mm_filemap_add_to_page_cache,gpio:gpio_value,ipi:ipi_raise,irq:irq_handler_entry,irq:softirq_entry,jbd2:jbd2_handle_start,jbd2:jbd2_start_commit,kmem:kfree,kmem:kmalloc,kmem:kmem_cache_alloc,kmem:kmem_cache_free,kmem:mm_page_alloc,kmem:mm_page_alloc_zone_locked,kmem:mm_page_free,kmem:mm_page_pcpu_drain,mmc:mmc_request_start,net:net_dev_queue,net:net_dev_xmit,net:netif_rx,page-faults,pagemap:mm_lru_insertion,preemptirq:irq_enable,qdisc:qdisc_dequeue,random:get_random_bytes,random:mix_pool_bytes_nolock,random:urandom_read,raw_syscalls:sys_enter,raw_syscalls:sys_exit,rpm:rpm_resume,rpm:rpm_suspend,sched:sched_process_exec,sched:sched_process_free,sched:sched_process_wait,sched:sched_switch,sched:sched_wakeup,signal:signal_deliver,signal:signal_generate,skb:consume_skb,skb:kfree_skb,skb:skb_copy_datagram_iovec,sock:inet_sock_set_state,task:task_newtask,tcp:tcp_destroy_sock,tcp:tcp_probe,timer:hrtimer_start,timer:timer_start,udp:udp_fail_queue_rcv_skb,workqueue:workqueue_activate_work,writeback:global_dirty_state,writeback:sb_clear_inode_writeback,writeback:wbc_writepage,writeback:writeback_dirty_inode,writeback:writeback_dirty_inode_enqueue,writeback:writeback_dirty_page,writeback:writeback_mark_inode_dirty,writeback:writeback_pages_written,writeback:writeback_single_inode,writeback:writeback_write_inode,writeback:writeback_written
5.01152,1658759735540,5.011519412,1,2.1,17.7,0.0,80.2,0.0,0.0,0.0,129,1,74,0,2,833808,118012,960552,1487336,88866,1141703,1414,1414,0,0,0,6,8,16,2,84,1,0,0,0,7,7,678877,0,15,1,45,3069,272749,2789,0,1,19741,13540,10178,10983,2216,515,2304,441,70,114,114,2,4670,1507,2529582,234,22,43,7,434369,434319,35,5,22,31,41,677554,408828,18,35,426,37,215,3,29,1,104,839523,409,0,71,1,3,0,37,1,16,53,1,0,0,1
10.0237,1658759794822,5.012204191,1,1.3,15.5,0.0,83.2,0.0,0.0,0.0,129,1,74,0,2,834228,117588,960556,1487760,17366,228167,168,168,0,0,0,5,7,5,2,0,1,0,0,0,0,5,614290,0,4,1,18,2452,207728,1916,0,1,17911,12847,1191,1999,100,9,160,63,9,111,111,3,68,24,2103053,231,1,42,6,426440,426423,14,16,0,1,3,614018,409481,6,6,237,31,20,0,0,0,106,793792,269,0,42,1,0,0,3,0,0,3,1,0,0,1
15.0333,1658759807728,5.009612032,1,8.5,11.1,0.0,80.3,0.0,0.0,0.0,129,1,74,0,2,834660,117156,960556,1488192,18598,239952,378,378,0,0,0,5,7,5,2,0,1,0,0,0,6,11,615407,0,3,0,16,2972,208494,2553,0,1,18824,13648,5785,6650,1152,335,1220,189,8,115,115,6,2426,825,2135641,228,10,43,42,432434,432410,12,14,9,11,21,615186,410210,11,15,251,34,39,0,11,0,113,765293,333,0,48,1,0,0,20,0,1,21,1,1,1,2
20.0432,1658759821349,5.009947078,1,2.1,12.0,0.0,85.9,0.0,0.0,0.0,129,1,74,0,2,834896,116888,960588,1488452,17224,237708,378,378,0,0,0,5,7,5,2,0,1,0,0,0,0,4,683736,0,4,1,16,2396,274144,2306,0,1,18125,13053,3111,4075,505,139,575,126,8,109,109,3,935,294,2515239,222,5,42,5,431215,431202,12,14,4,5,12,683579,412879,10,11,226,22,12,0,5,0,106,905643,276,0,48,1,0,0,8,1,5,13,1,0,0,1
25.0566,1658759834732,5.013438859,1,1.4,19.7,0.0,78.8,0.0,0.0,0.0,129,1,74,0,2,834960,116824,960588,1488516,16498,230904,168,168,0,0,0,5,7,5,2,0,1,0,0,0,13,2,688626,0,5,0,16,2945,276688,2446,0,1,18339,13254,3361,4218,518,13,595,0,8,110,110,3,938,267,2536122,229,4,43,6,433922,433906,12,13,4,5,12,688330,415189,10,11,233,32,17,0,5,0,106,909877,309,0,46,1,0,0,9,0,1,10,1,0,0,1
30.0677,1658759847901,5.011103455,1,8.5,14.8,0.0,76.6,0.0,0.0,0.0,129,1,74,0,2,834760,117028,960584,1488316,17518,233693,378,378,0,0,0,5,7,5,2,0,1,0,0,0,7,3,646858,0,4,1,18,1881,243902,2475,0,1,18882,13697,5784,6655,1135,145,1211,283,9,117,117,6,2431,816,2331574,232,10,43,42,428495,428479,14,16,9,11,21,646790,406282,11,15,247,36,31,0,11,0,114,819662,324,0,49,1,0,0,21,0,1,22,1,1,1,2
35.0773,1658759861141,5.009634885,1,1.6,16.9,0.0,81.5,0.0,0.0,0.0,128,1,74,0,2,835024,116756,960592,1488588,17648,238923,378,378,0,0,0,5,7,5,2,0,1,0,0,0,10,2,622648,0,4,1,18,2950,209887,2148,0,1,18188,13120,3126,4024,495,76,556,0,9,110,110,3,936,277,2136984,224,5,43,5,434620,434607,14,16,4,6,12,622539,416289,10,11,228,22,12,0,5,0,107,796336,313,0,49,1,0,0,10,1,5,15,1,0,0,1
40.0902,1658759874601,5.012923949,1,1.1,14.4,0.0,84.5,0.0,0.0,0.0,128,1,74,0,2,834728,117056,960588,1488288,15869,218229,168,168,0,0,0,5,7,5,2,0,1,0,0,0,8,1,691437,0,5,1,18,2924,278899,2104,0,1,18287,13215,3340,3726,516,14,541,0,9,109,109,3,894,268,2547794,227,4,43,6,434140,434120,14,16,4,5,12,690718,415377,10,11,231,32,16,0,5,0,106,902596,299,0,45,1,0,0,10,0,0,10,1,0,0,1
45.0997,1658759887017,5.009490268,1,6.7,13.4,0.0,79.8,0.0,0.0,0.0,129,3,74,0,1,834600,117160,960612,1488176,17350,239739,378,378,0,0,0,5,7,5,2,0,1,0,0,0,0,3,676244,0,4,0,18,552,266216,2841,0,1,18837,13648,5768,6615,1143,209,1204,189,9,116,116,7,2423,828,2482195,233,9,42,42,435129,435106,14,16,9,13,20,676054,412908,11,15,244,34,31,0,11,0,113,850458,319,0,47,1,0,0,21,0,0,21,1,0,0,1
50.1119,1658759900547,5.012185380,1,2.3,18.1,0.0,79.5,0.0,0.0,0.0,128,1,74,0,2,835016,116748,960608,1488592,17121,235580,378,378,0,0,0,5,7,5,2,0,1,0,0,0,10,4,688146,0,4,1,18,508,276048,2420,0,1,18140,13088,3100,3796,494,107,559,188,9,107,107,3,942,281,2526142,223,4,43,5,433635,433610,14,15,4,5,13,687823,415355,10,11,222,22,11,0,5,0,104,894479,307,0,50,1,0,0,10,1,5,15,1,0,0,1
