time,timestamp,seconds,connectivity,cpuUser,cpuSystem,cpuNice,cpuIdle,cpuIowait,cpuHardIrq,cpuSoftIrq,tasks,tasksRunning,tasksSleeping,tasksStopped,tasksZombie,ramFree,ramUsed,ramCache,memAvail,iface0RX,iface0TX,iface1RX,iface1TX,numEncrypted,alarmtimer:alarmtimer_fired,alarmtimer:alarmtimer_start,block:block_bio_backmerge,block:block_bio_remap,block:block_dirty_buffer,block:block_getrq,block:block_touch_buffer,block:block_unplug,cachefiles:cachefiles_create,cachefiles:cachefiles_lookup,cachefiles:cachefiles_mark_active,clk:clk_set_rate,cpu-migrations,cs,dma_fence:dma_fence_init,fib:fib_table_lookup,filemap:mm_filemap_add_to_page_cache,gpio:gpio_value,ipi:ipi_raise,irq:irq_handler_entry,irq:softirq_entry,jbd2:jbd2_handle_start,jbd2:jbd2_start_commit,kmem:kfree,kmem:kmalloc,kmem:kmem_cache_alloc,kmem:kmem_cache_free,kmem:mm_page_alloc,kmem:mm_page_alloc_zone_locked,kmem:mm_page_free,kmem:mm_page_pcpu_drain,mmc:mmc_request_start,net:net_dev_queue,net:net_dev_xmit,net:netif_rx,page-faults,pagemap:mm_lru_insertion,preemptirq:irq_enable,qdisc:qdisc_dequeue,random:get_random_bytes,random:mix_pool_bytes_nolock,random:urandom_read,raw_syscalls:sys_enter,raw_syscalls:sys_exit,rpm:rpm_resume,rpm:rpm_suspend,sched:sched_process_exec,sched:sched_process_free,sched:sched_process_wait,sched:sched_switch,sched:sched_wakeup,signal:signal_deliver,signal:signal_generate,skb:consume_skb,skb:kfree_skb,skb:skb_copy_datagram_iovec,sock:inet_sock_set_state,task:task_newtask,tcp:tcp_destroy_sock,tcp:tcp_probe,timer:hrtimer_start,timer:timer_start,udp:udp_fail_queue_rcv_skb,workqueue:workqueue_activate_work,writeback:global_dirty_state,writeback:sb_clear_inode_writeback,writeback:wbc_writepage,writeback:writeback_dirty_inode,writeback:writeback_dirty_inode_enqueue,writeback:writeback_dirty_page,writeback:writeback_mark_inode_dirty,writeback:writeback_pages_written,writeback:writeback_single_inode,writeback:writeback_write_inode,writeback:writeback_written
5.00924,1658763702303,5.009238138,1,4.5,16.4,0.0,79.1,0.0,0.0,0.0,127,1,74,0,2,870984,80308,961080,1532712,23431,242917,350,350,0,0,0,0,0,0,0,0,0,0,0,0,12,3,714308,0,15,0,10,1129,287953,2521,0,0,18351,13279,6300,6157,1061,339,886,189,5,125,125,2,1971,707,2633324,261,6,43,9,449629,449606,10,12,6,8,17,713941,429458,11,15,299,28,108,11,9,3,120,911500,360,0,45,1,0,0,17,0,0,17,1,0,0,1
10.0197,1658763715651,5.010430397,1,2.8,21.3,0.0,75.6,0.0,0.0,0.3,124,1,72,0,2,869712,81580,961080,1531440,9541,104167,84,84,0,0,0,5,7,5,2,0,1,0,0,0,0,4,539094,0,12,1,18,498,142462,2017,0,1,18380,13216,5832,6174,1266,211,1212,126,9,126,126,3,2210,979,1712174,256,8,42,44,420133,420106,14,16,8,4,22,538383,399363,11,17,316,36,105,7,10,2,117,622130,328,0,45,1,0,0,28,0,0,28,1,1,1,2
15.0301,1658763722187,5.010430195,1,1.4,22.8,0.0,75.8,0.0,0.0,0.0,125,1,72,0,2,870908,80380,961084,1532640,9536,103895,84,84,0,0,0,5,7,5,2,0,1,0,0,0,0,4,631597,0,12,0,18,2935,214186,2060,0,1,18285,13194,4741,5229,812,273,849,63,9,124,124,3,1475,546,2176642,257,5,42,7,439860,439836,14,15,5,7,17,630856,420419,11,15,291,25,79,7,8,2,117,777422,325,0,45,1,0,0,16,1,5,21,1,1,1,2
20.0402,1658763728753,5.010147257,1,2.8,16.0,0.0,80.6,0.0,0.0,0.6,127,1,74,0,2,870480,80808,961084,1532208,10612,102837,266,266,0,0,0,5,8,5,3,0,2,0,0,0,6,3,673020,0,10,1,20,3057,260897,3251,1,1,19348,14129,9812,10064,1969,694,1937,315,10,135,135,6,3971,1429,2467835,273,14,43,44,440569,440527,14,15,14,18,35,672230,415129,16,24,325,40,115,7,18,2,129,808411,391,0,56,1,1,0,36,0,1,37,1,1,1,2
25.0505,1658763735309,5.010328219,1,5.5,22.2,0.0,72.0,0.0,0.0,0.3,126,1,74,0,2,869772,81500,961100,1531516,9257,102599,84,84,0,0,0,6,9,6,3,2,2,0,0,0,0,0,613770,0,11,2,22,2936,209292,1986,2,1,17955,12915,2776,2417,398,140,179,0,11,120,120,3,598,272,2106553,244,1,42,8,425669,425652,16,17,1,0,4,613051,407760,6,6,272,34,69,4,2,1,115,776318,289,0,47,1,1,0,7,0,2,9,1,1,1,2
30.0634,1658763741883,5.012941171,1,1.0,31.5,0.0,67.2,0.0,0.0,0.3,124,1,72,0,2,870544,80724,961104,1532292,10641,103975,84,84,0,0,0,5,7,5,2,0,1,0,0,0,8,9,644471,0,19,1,18,552,233793,2801,0,1,18383,13289,6517,7000,1156,277,1184,189,9,137,137,3,2064,794,2280585,278,6,43,9,434020,433990,14,16,6,9,22,643494,413398,12,19,359,28,151,12,9,3,124,789593,367,0,59,1,0,0,23,0,0,23,1,0,0,1
35.0739,1658763748464,5.010499200,1,2.1,22.1,0.0,75.8,0.0,0.0,0.0,125,1,72,0,2,869408,81852,961112,1531164,9765,103443,266,266,0,0,0,5,7,5,2,0,1,0,0,0,0,7,612671,0,8,1,16,2227,211912,3062,0,1,19833,14270,9882,10359,1890,576,1930,189,240,129,129,6,3839,1337,2150335,261,14,48,44,431094,431060,167,14,14,18,34,611923,404580,18,26,576,39,316,5,20,1,125,725046,630,0,147,1,0,0,34,0,0,34,1,0,0,1
40.0859,1658763755052,5.011957507,1,9.1,23.9,0.0,66.7,0.0,0.0,0.3,127,2,73,0,2,869880,81376,961116,1531640,11209,103597,56,56,0,0,0,5,7,5,2,0,1,0,0,0,0,5,671047,0,15,1,18,2939,270592,2570,0,1,17971,12948,4515,4181,727,20,526,0,9,131,131,2,1185,551,2467501,268,2,42,10,422189,422170,14,16,2,2,9,670186,403186,7,10,325,37,130,9,4,2,124,862128,322,0,53,1,0,0,13,0,0,13,1,0,0,1
45.1023,1658763761646,5.016374741,1,3.9,16.7,0.0,78.9,0.0,0.0,0.6,127,1,73,0,2,869372,81872,961128,1531140,24362,243569,378,378,0,0,0,5,7,5,2,0,1,0,0,0,7,10,643113,0,17,2,18,3456,234139,2663,0,1,19085,13315,10316,11161,2245,416,2327,189,9,126,126,3,4764,1576,2306832,256,18,43,8,435563,435519,14,16,18,26,40,642140,411925,18,34,296,29,80,9,25,3,117,779634,363,0,55,1,0,0,42,1,5,47,1,0,0,1
50.1112,1658763774951,5.008931198,1,2.5,15.2,0.0,82.0,0.0,0.0,0.3,125,1,71,0,2,871220,80024,961128,1532988,22933,239092,168,168,0,0,0,6,10,6,4,2,2,0,0,0,12,3,697584,0,10,2,26,2993,281482,2704,2,1,18179,13063,3224,4579,547,109,759,346,13,128,128,2,787,381,2570094,267,1,43,8,437746,437724,16,18,1,4,14,697186,419300,8,14,325,34,114,10,2,3,121,880485,366,0,57,1,1,0,18,0,2,20,1,1,1,2
55.1218,1658763788080,5.010620188,1,8.9,15.2,0.0,75.9,0.0,0.0,0.0,125,2,70,0,2,870872,80356,961144,1532656,23624,237866,378,378,0,0,0,5,7,5,2,0,1,0,0,0,12,1,691817,0,12,2,16,566,279387,2769,0,1,19000,13805,7537,8194,1477,183,1488,220,8,136,136,7,3009,1095,2564149,273,10,43,44,439122,439093,12,14,10,13,25,691506,415862,12,19,319,37,100,7,13,2,129,853818,386,0,56,1,0,0,31,0,0,31,1,1,1,2
60.1314,1658763801238,5.009551081,1,5.7,14.9,0.0,79.3,0.0,0.0,0.0,127,1,73,0,2,870516,80708,961148,1532300,24662,252994,378,378,0,0,0,5,7,5,2,0,1,0,0,0,10,3,682835,0,10,0,18,2982,264477,2532,0,1,18298,13214,4870,5778,835,335,911,189,9,121,121,2,1540,555,2479470,248,6,43,7,441299,441281,14,15,5,8,18,682673,421770,11,15,286,27,80,7,7,2,116,845917,347,0,57,1,0,0,16,1,5,21,1,0,0,1
65.141,1658763815078,5.009588213,1,3.6,11.0,0.0,85.1,0.3,0.0,0.0,125,1,71,0,2,872340,78876,961156,1534132,24894,230044,140,140,0,0,0,5,7,5,2,6,1,0,0,0,8,9,676460,0,20,2,16,1524,261099,2671,0,1,18271,13160,5212,6082,902,118,966,63,8,138,138,2,1479,630,2453095,282,7,43,10,438458,438443,12,14,6,8,18,676271,418706,8,18,372,38,160,13,8,4,125,835164,370,0,56,1,0,0,22,0,0,22,1,0,0,1
70.152,1658763827662,5.010979764,1,7.5,17.8,0.0,74.7,0.0,0.0,0.0,125,2,70,0,2,870960,80240,961172,1532760,24882,249522,378,378,0,0,0,0,0,0,0,0,0,0,0,0,10,7,650512,0,12,0,10,560,236807,2690,0,0,19056,13837,7521,8506,1481,594,1596,472,5,134,134,7,3032,1102,2317017,264,11,43,44,440645,440624,10,12,10,13,26,650436,417266,12,19,318,37,106,7,13,2,130,803043,358,0,52,1,0,0,32,0,0,32,1,1,1,2
75.1615,1658763841279,5.009518720,1,3.6,16.2,0.0,80.2,0.0,0.0,0.0,127,1,73,0,2,870520,80672,961180,1532328,22198,240228,378,378,0,0,0,5,7,5,2,0,1,0,0,0,10,4,669936,0,11,2,18,526,256483,2486,0,1,18296,13210,4867,5737,833,271,889,126,9,122,122,3,1532,554,2421816,248,6,43,7,436306,436294,14,16,5,7,18,669790,416862,11,15,287,25,80,7,7,2,117,847639,349,0,59,1,0,0,16,1,5,21,1,0,0,1
80.1721,1658763854609,5.010587759,1,3.5,16.5,0.0,80.1,0.0,0.0,0.0,127,1,73,0,2,870492,80696,961184,1532304,23796,243946,168,168,0,0,0,5,7,5,2,0,1,0,0,0,12,0,695928,0,10,1,16,514,281901,2644,0,1,18071,12999,2969,3595,445,77,460,126,8,128,128,2,665,289,2562393,266,1,43,8,435480,435466,12,13,1,2,8,695605,417438,7,10,317,34,102,7,2,2,119,894749,352,0,52,1,0,0,12,0,0,12,1,0,0,1
85.1822,1658763868033,5.010099937,1,8.4,13.4,0.0,78.2,0.0,0.0,0.0,124,1,71,0,2,870496,80684,961192,1532316,24211,239233,378,378,0,0,0,0,0,0,0,0,0,0,0,0,0,6,631147,0,11,0,8,618,213292,2794,0,0,19016,13780,7771,8798,1579,216,1652,346,4,139,139,7,3167,1191,2185633,274,11,43,44,444886,444867,8,9,10,15,25,630948,421155,12,19,346,37,127,6,13,2,129,739664,359,0,47,1,0,0,33,0,0,33,1,1,1,2
90.1912,1658763881162,5.008959295,1,2.4,16.7,0.0,81.0,0.0,0.0,0.0,125,1,71,0,2,871348,79816,961208,1533180,24009,244462,378,378,0,0,0,5,7,5,2,0,1,0,0,0,8,2,697271,0,13,2,18,507,282247,2533,0,1,18266,13189,4862,5455,833,240,862,126,9,126,126,2,1515,548,2572891,258,5,43,7,437690,437659,14,15,5,7,18,696908,418266,11,15,297,25,81,7,7,2,117,885399,333,0,50,1,0,0,15,1,5,20,1,0,0,1
95.2019,1658763894596,5.010745616,1,8.8,22.9,0.0,68.3,0.0,0.0,0.0,127,1,74,0,2,870124,81036,961212,1531960,11064,105507,56,56,0,0,0,5,7,5,2,1,1,0,0,0,5,20,662707,0,26,2,18,3437,249013,2867,0,1,18778,13904,9522,8882,1447,703,1269,440,9,138,138,2,2678,1063,2394323,287,7,43,12,440048,440022,14,16,7,8,20,662502,417327,11,17,364,41,174,17,10,5,125,826883,356,0,53,1,0,0,24,0,1,25,1,0,0,1
100.214,1658763901237,5.011997946,1,2.1,20.2,0.0,77.4,0.0,0.0,0.3,125,1,72,0,2,869400,81760,961212,1531236,9212,100612,84,84,0,0,0,6,10,6,4,2,2,0,0,0,5,7,665729,0,10,0,26,1246,261645,2660,2,1,18145,13100,4756,5304,814,82,852,126,13,120,120,2,1485,541,2429901,246,5,42,7,426340,426320,16,18,5,7,18,665087,407071,11,15,283,25,79,7,7,2,115,845272,333,0,55,1,1,0,17,0,2,19,1,1,1,2
105.229,1658763907843,5.015018557,1,7.1,25.1,0.0,67.7,0.0,0.0,0.0,125,2,71,0,2,869292,81868,961212,1531128,10342,102111,294,294,0,0,0,5,7,5,2,0,1,0,0,0,0,16,623974,0,9,2,18,804,228733,3058,0,1,18774,13625,7431,8022,1449,467,1482,472,9,133,133,7,2963,1088,2232607,262,10,43,44,420543,420507,14,16,10,13,25,623045,397338,12,19,311,39,101,4,13,0,126,746427,333,0,48,1,0,0,30,0,0,30,1,1,1,2
110.243,1658763914511,5.013532975,1,10.8,19.1,0.0,69.9,0.0,0.0,0.3,127,1,74,0,2,869760,81388,961224,1531608,10703,107110,3996,3996,0,0,0,5,10,5,5,0,2,0,0,0,0,1,533340,0,14,1,30,1222,138829,2608,0,1,18040,13002,4585,4436,707,210,686,63,15,153,154,19,1223,490,1630793,283,3,43,10,414865,414840,16,17,3,3,11,532604,395751,8,11,328,39,128,16,5,4,143,612204,335,0,52,1,3,8,11,1,5,16,1,1,0,2
115.256,1658763921095,5.013170390,1,1.6,16.1,0.0,82.0,0.0,0.0,0.3,125,1,72,0,2,869944,81188,961240,1531804,10555,102818,56,56,0,0,0,5,7,5,2,0,1,0,0,0,2,4,643332,0,10,1,16,2302,235885,2522,0,1,18233,13160,4789,5295,822,82,849,63,8,123,123,2,1472,546,2279987,252,5,42,7,429702,429673,12,13,5,7,18,642563,410285,11,15,287,25,80,7,7,2,118,793569,327,0,48,1,0,0,16,0,1,17,1,0,0,1
120.269,1658763927670,5.013422368,1,2.8,16.3,0.0,80.3,0.0,0.0,0.6,127,1,74,0,2,869588,81548,961236,1531440,10189,102794,294,294,0,0,0,5,7,5,2,0,1,0,0,0,4,8,656242,0,13,1,18,552,258225,3063,0,1,18785,13643,7652,8014,1556,593,1520,252,9,134,134,7,3088,1185,2402436,264,10,42,44,424230,424196,14,15,10,13,26,655115,400721,12,19,325,37,117,7,13,2,128,811102,357,0,54,1,0,0,31,0,1,32,1,0,0,1
125.281,1658763934261,5.012021766,1,7.1,24.8,0.0,67.5,0.0,0.0,0.6,127,2,73,0,1,870456,80672,961244,1532320,9458,101709,84,84,0,0,0,5,8,5,3,0,2,0,0,0,2,2,665727,0,8,0,22,520,268501,2953,2,1,18134,13073,4852,5337,818,211,848,126,189,120,120,2,1472,547,2450731,251,5,46,7,420071,420050,134,16,5,7,17,664918,400782,12,16,380,25,96,5,8,1,116,837960,557,0,124,1,1,0,15,0,0,15,1,1,1,2
130.291,1658763941048,5.010242597,1,3.0,19.3,0.0,77.6,0.0,0.0,0.0,126,1,73,0,2,869352,81772,961248,1531220,26057,244367,378,378,0,0,0,5,7,5,2,4,1,0,0,0,0,14,614654,0,19,1,18,2666,215978,2917,0,1,19100,13372,12492,12844,2708,645,2586,504,9,130,130,2,5605,1945,2186905,265,23,42,10,426441,426393,14,16,23,30,45,613908,401261,18,38,329,34,131,10,31,2,121,735380,361,0,51,1,0,0,48,0,0,48,1,0,0,1
135.3,1658763954393,5.008847663,1,1.1,14.4,0.0,84.5,0.0,0.0,0.0,124,1,71,0,2,871392,79740,961240,1533252,24074,245811,168,168,0,0,0,5,7,5,2,0,1,0,0,0,6,5,673295,0,16,0,16,2964,259842,2726,0,1,18525,13382,6636,8130,1096,151,1434,756,8,134,134,2,1976,696,2446590,279,6,43,10,436940,436910,12,14,6,11,27,672914,416120,13,23,338,38,131,15,9,4,127,827761,365,0,58,1,0,0,26,1,5,31,1,0,0,1
140.309,1658763967918,5.009467395,1,8.4,14.1,0.0,77.2,0.0,0.0,0.3,126,1,73,0,2,871336,79784,961252,1533204,24540,237854,378,378,0,0,0,5,7,5,2,0,1,0,0,0,0,12,623964,0,8,0,16,1770,215430,2502,0,1,18946,13713,6088,7746,1257,148,1512,315,8,132,132,7,2581,929,2176322,260,10,43,42,434593,434573,12,14,9,13,25,623786,411903,12,19,305,34,72,3,11,1,126,753327,317,0,52,1,0,0,24,0,1,25,1,0,0,1
145.32,1658763980931,5.010848946,1,2.0,22.9,0.0,75.1,0.0,0.0,0.0,124,1,71,0,2,871344,79768,961260,1533220,23724,234399,378,378,0,0,0,5,7,5,2,0,1,0,0,0,0,3,659531,0,17,1,18,2953,243942,2542,0,1,18328,13218,6097,7355,1110,400,1175,504,9,131,131,2,1987,793,2355231,273,7,43,8,439230,439220,14,16,6,9,23,659416,418732,12,19,335,28,118,14,8,4,123,809293,313,0,46,1,0,0,20,0,0,20,1,1,1,2
150.329,1658763993844,5.009453363,1,2.2,18.5,0.0,79.3,0.0,0.0,0.0,126,1,73,0,2,870808,80292,961272,1532696,22791,236441,168,168,0,0,0,5,7,5,2,0,1,0,0,0,2,5,638594,0,11,1,18,650,227202,2463,0,1,18227,13148,4869,5616,851,334,898,189,9,127,127,3,1549,555,2240144,258,6,43,7,433933,433918,14,15,5,7,17,638464,414501,11,15,299,25,83,7,7,2,120,792791,325,0,53,1,0,0,16,1,5,21,1,0,0,1
155.341,1658764006948,5.012379755,1,3.4,18.0,0.0,78.7,0.0,0.0,0.0,124,1,71,0,2,870448,80640,961284,1532344,24405,240322,378,378,0,0,0,5,7,5,2,0,1,0,0,0,0,12,636179,0,13,1,18,2033,220531,2802,0,1,18957,13730,7565,9085,1478,246,1804,189,9,134,134,6,3015,1110,2226967,271,11,42,44,442142,442116,14,15,10,15,31,635916,418706,13,23,318,37,102,10,13,3,128,761673,331,0,50,1,0,0,29,0,0,29,1,0,0,1
160.351,1658764020153,5.010360499,1,1.3,17.4,0.0,81.3,0.0,0.0,0.0,126,1,73,0,2,869628,81456,961288,1531528,22799,238103,378,378,0,0,0,5,7,5,2,0,1,0,0,0,0,0,682966,0,9,1,18,521,276276,2800,0,1,18140,12998,5419,6035,1164,399,1246,283,9,119,119,3,2098,864,2531323,247,8,42,43,429720,429685,14,15,8,10,21,682597,409893,11,17,274,26,71,5,10,1,112,866158,299,0,44,1,0,0,24,0,0,24,1,1,1,2
165.361,1658764033294,5.009582071,1,3.3,15.2,0.0,81.5,0.0,0.0,0.0,126,1,73,0,2,870424,80664,961284,1532320,23920,246915,168,168,0,0,0,5,7,5,2,0,1,0,0,0,0,1,623964,0,14,1,18,516,212683,2404,0,1,18297,13195,4910,6494,856,83,1163,252,9,129,129,3,1552,555,2159308,262,6,43,7,434229,434215,14,15,5,7,23,623861,414633,12,19,313,26,95,9,7,2,122,766196,324,0,47,1,0,0,19,1,5,24,1,0,0,1
170.37,1658764046806,5.009476853,1,2.3,20.8,0.0,76.6,0.3,0.0,0.0,125,1,73,0,2,869292,81784,961296,1531196,25208,239142,378,378,0,0,0,5,7,5,2,0,1,0,0,0,0,9,628767,0,12,0,18,1286,220612,2940,0,1,19044,13788,7603,9478,1477,154,1834,126,9,138,138,6,3043,1092,2214618,279,11,43,44,434924,434900,14,15,10,20,31,628597,411429,13,23,343,39,122,10,13,3,131,747602,366,0,50,1,0,0,36,0,1,37,1,0,0,1
175.38,1658764059869,5.009548762,1,3.1,13.0,0.0,83.9,0.0,0.0,0.0,123,1,71,0,2,871624,79452,961296,1533528,24739,244464,378,378,0,0,0,0,0,0,0,0,0,0,0,0,2,14,640818,0,12,0,10,645,228705,2669,0,0,18360,13136,5771,7557,1282,400,1642,629,141,129,129,3,2276,980,2260624,261,9,45,43,436242,436224,93,11,8,12,26,640696,415949,13,22,391,26,123,10,10,3,119,774918,491,0,105,1,0,0,29,0,0,29,1,1,1,2
180.389,1658764073246,5.009318546,1,1.6,26.2,0.0,72.3,0.0,0.0,0.0,125,1,74,0,2,871032,80040,961300,1532940,22217,248170,168,168,0,0,0,5,7,5,2,0,1,0,0,0,2,6,636213,0,10,1,18,2957,220236,2376,0,1,18226,13149,4858,5671,839,145,911,63,9,123,123,2,1541,563,2211135,252,5,43,7,438653,438621,14,16,5,8,18,636042,419171,11,15,294,25,87,7,7,2,117,783991,320,0,51,1,0,0,16,1,5,21,1,0,0,1
185.404,1658764086986,5.015119255,1,1.5,15.9,0.0,82.6,0.0,0.0,0.0,123,1,72,0,2,871096,79968,961308,1533004,10118,103685,266,266,0,0,0,5,7,5,2,0,1,0,0,0,6,3,632685,0,10,1,18,3026,228589,2851,0,1,19020,13801,7483,8937,1472,89,1750,315,9,133,133,6,2959,1091,2247063,269,10,42,44,430330,430294,14,16,10,15,31,631720,406887,13,23,324,37,114,9,13,2,127,749303,359,0,54,1,0,0,32,0,0,32,1,0,0,1
190.416,1658764093552,5.012175051,1,4.0,24.5,0.0,71.5,0.0,0.0,0.0,123,2,71,0,2,871140,79920,961312,1533052,9733,101935,84,84,0,0,0,5,8,5,3,0,2,0,0,0,0,11,612757,0,12,1,22,2991,215398,2576,1,1,18123,13078,4779,5300,811,146,843,63,11,125,125,3,1473,558,2142114,254,5,42,7,419610,419588,16,17,5,7,18,611998,400288,11,15,293,25,81,7,7,2,118,756157,312,0,58,1,1,0,16,0,0,16,1,1,1,2
195.428,1658764100166,5.012050851,1,3.1,17.3,0.0,79.6,0.0,0.0,0.0,125,1,74,0,2,869844,81216,961312,1531756,10912,104112,84,84,0,0,0,5,7,5,2,0,1,0,0,0,8,6,621532,0,11,1,18,2985,225698,2615,0,1,18209,13072,5786,6186,1345,369,1309,189,9,124,124,3,2344,1051,2210227,257,8,42,43,419202,419178,14,15,8,10,21,620742,398787,11,17,309,26,105,7,10,2,120,762352,351,0,55,1,0,0,26,0,1,27,1,1,1,2
200.438,1658764106786,5.010374551,1,1.4,26.7,0.0,71.8,0.0,0.0,0.0,123,2,71,0,2,869960,81092,961320,1531884,10015,102668,266,266,0,0,0,5,8,5,3,0,2,0,0,0,0,12,608550,0,10,0,22,904,213194,2716,0,1,18853,13660,7445,8859,1441,530,1747,378,11,133,133,6,2934,1083,2142345,269,10,43,44,420701,420671,16,17,10,15,30,607820,397515,13,23,315,37,102,9,13,2,127,730088,354,0,55,1,6,6,32,1,5,37,1,1,0,2
205.449,1658764113357,5.010507734,1,2.5,14.8,0.0,82.6,0.0,0.0,0.0,123,1,72,0,2,870388,80668,961316,1532304,10870,104296,84,84,0,0,0,5,7,5,2,0,1,0,0,0,0,6,560426,0,16,1,18,2990,172355,2610,0,1,18235,13178,6201,6092,1025,87,929,189,9,125,125,3,1923,707,1872666,254,6,42,9,411566,411529,14,16,6,7,18,559641,391532,11,15,296,27,108,11,9,3,120,682886,339,0,43,1,0,0,17,0,1,18,1,0,0,1
210.46,1658764119906,5.010549012,1,2.7,28.2,0.0,69.2,0.0,0.0,0.0,127,1,76,0,2,868884,82160,961328,1530816,12126,105293,84,84,0,0,0,5,7,5,2,0,1,0,0,0,0,5,596197,0,22,1,18,2975,206450,2756,0,1,18362,13206,8239,7761,1800,282,1522,63,9,138,138,3,3147,1411,2091673,280,10,42,46,415537,415511,14,16,10,11,23,595499,393255,12,18,356,41,165,11,13,3,126,710393,348,0,51,1,0,0,25,0,0,25,1,0,0,1
215.471,1658764126504,5.011356332,1,3.9,19.7,0.0,76.4,0.0,0.0,0.0,126,1,74,0,2,868356,82684,961332,1530288,12957,107028,266,266,0,0,0,6,8,6,2,229,1,0,0,0,0,68,585857,0,11,1,18,3112,197830,3716,1,1,21015,14679,16637,21290,3932,851,4017,661,238,164,164,6,8449,3013,2090174,331,30,48,70,422759,422700,170,16,29,40,69,584006,390650,31,49,787,44,500,10,39,3,154,660085,694,0,194,1,0,0,63,1,1,64,1,0,0,1
