time,timestamp,seconds,connectivity,alarmtimer:alarmtimer_fired,alarmtimer:alarmtimer_start,block:block_bio_backmerge,block:block_bio_remap,block:block_dirty_buffer,block:block_getrq,block:block_touch_buffer,block:block_unplug,cachefiles:cachefiles_create,cachefiles:cachefiles_lookup,cachefiles:cachefiles_mark_active,clk:clk_set_rate,cpu-migrations,cs,dma_fence:dma_fence_init,fib:fib_table_lookup,filemap:mm_filemap_add_to_page_cache,gpio:gpio_value,ipi:ipi_raise,irq:irq_handler_entry,irq:softirq_entry,jbd2:jbd2_handle_start,jbd2:jbd2_start_commit,kmem:kfree,kmem:kmalloc,kmem:kmem_cache_alloc,kmem:kmem_cache_free,kmem:mm_page_alloc,kmem:mm_page_alloc_zone_locked,kmem:mm_page_free,kmem:mm_page_pcpu_drain,mmc:mmc_request_start,net:net_dev_queue,net:net_dev_xmit,net:netif_rx,page-faults,pagemap:mm_lru_insertion,preemptirq:irq_enable,qdisc:qdisc_dequeue,random:get_random_bytes,random:mix_pool_bytes_nolock,random:urandom_read,raw_syscalls:sys_enter,raw_syscalls:sys_exit,rpm:rpm_resume,rpm:rpm_suspend,sched:sched_process_exec,sched:sched_process_free,sched:sched_process_wait,sched:sched_switch,sched:sched_wakeup,signal:signal_deliver,signal:signal_generate,skb:consume_skb,skb:kfree_skb,skb:skb_copy_datagram_iovec,sock:inet_sock_set_state,task:task_newtask,tcp:tcp_destroy_sock,tcp:tcp_probe,timer:hrtimer_start,timer:timer_start,udp:udp_fail_queue_rcv_skb,workqueue:workqueue_activate_work,writeback:global_dirty_state,writeback:sb_clear_inode_writeback,writeback:wbc_writepage,writeback:writeback_dirty_inode,writeback:writeback_dirty_inode_enqueue,writeback:writeback_dirty_page,writeback:writeback_mark_inode_dirty,writeback:writeback_pages_written,writeback:writeback_single_inode,writeback:writeback_write_inode,writeback:writeback_written
50.0106,1625162439448,50.010609714,1,0,0,7,17,6,10,152,3,0,0,0,2,69,6011441,0,37,0,76,22152,2402224,50945,4,2,229420,179535,49065,50115,9719,1252,10197,1134,180,1045,1045,952,18665,6637,22089466,2034,135,1283,249,4028470,4028301,1274,122,134,148,224,6011141,3865419,99,200,2611,282,508,4,146,1,897,7225266,3985,0,813,10,1,8,153,2,3,156,10,3,2,13
100.021,1625162496387,50.010884081,1,0,0,5,10,4,5,136,2,0,0,0,0,66,6016694,0,44,2,61,16685,2494444,52622,0,1,229260,179611,49994,50417,9777,1377,9758,630,207,1084,1084,986,19244,6752,22355281,2050,131,1281,251,3941854,3941697,1311,118,130,144,218,6016407,3777778,97,188,2605,286,466,11,144,2,925,7269265,4058,0,799,7,1,4,157,1,4,161,7,2,1,9
150.032,1625162553393,50.011257536,1,0,0,5,10,4,5,144,2,0,0,0,0,67,6102681,0,38,1,61,6613,2615702,53008,0,1,230535,180607,49942,50397,9759,1634,9748,945,190,1051,1051,955,19108,6643,22846223,2038,134,1287,250,3905185,3905025,1288,118,133,148,220,6102374,3740274,95,190,2575,284,438,0,148,0,902,7205619,3949,0,771,8,1,4,156,1,4,160,8,2,1,10
200.043,1625162610596,50.010914221,1,0,0,5,10,4,5,136,2,0,0,0,0,91,5876922,0,37,2,67,14006,2415084,52597,0,1,229770,180001,49467,49886,9588,1813,9589,1260,166,1045,1045,953,18842,6568,21668435,2026,130,1287,251,3878754,3878602,1270,117,129,142,216,5876517,3714910,95,186,2561,292,447,0,143,0,896,7139154,3903,0,769,8,1,4,145,1,4,149,8,2,1,10
250.054,1625162667110,50.011041631,1,0,0,5,10,4,5,136,2,0,0,0,0,78,5891300,0,31,1,62,14067,2424178,53072,0,1,229263,179525,48035,48428,9438,1805,9453,1197,175,1044,1044,945,18113,6453,21672895,2032,128,1283,251,3881153,3880999,1279,120,127,140,212,5890939,3719159,94,184,2560,291,438,0,140,0,896,7244138,3904,0,773,8,1,4,162,1,4,166,8,2,1,10
300.065,1625162724412,50.011264143,1,0,0,5,10,4,5,136,2,0,0,0,0,61,5889109,0,41,1,67,15469,2463834,53357,0,1,230206,180258,47837,48307,9423,1490,9411,1008,195,1044,1044,947,18059,6431,21734477,2032,128,1289,250,3843271,3843108,1286,118,127,140,211,5888199,3680995,94,184,2573,285,433,0,139,0,890,7035781,3903,0,772,8,1,4,153,1,4,157,8,2,1,10
350.077,1625162781679,50.011843633,1,0,0,5,10,4,5,136,2,0,0,0,0,61,5937318,0,26,1,62,8625,2524138,54050,0,1,229092,179381,47964,48383,9388,1994,9373,1260,190,1037,1037,944,18124,6462,22054604,2018,127,1283,249,3829214,3829060,1278,118,127,139,212,5936953,3667408,94,184,2545,283,433,0,139,0,899,7199062,3919,0,779,8,1,4,152,1,4,156,8,2,1,10
400.088,1625162838423,50.011123959,1,0,0,6,12,6,6,429,2,0,0,0,0,109,5764894,0,34,2,67,19486,2362169,54175,5,1,232956,182166,65448,68072,13183,2805,13398,2079,186,1143,1143,1044,27086,9393,21315071,2166,166,1282,277,3838360,3838166,1348,118,161,186,281,5764325,3659987,125,235,2847,295,719,15,184,3,995,6943516,4076,0,916,7,1,5,212,8,6,218,7,3,2,9
450.1,1625162895655,50.011584070,1,0,0,5,13,4,8,132,3,0,0,0,0,83,5765562,0,26,0,72,10675,2352571,51027,1,2,224556,176030,49037,49471,9563,1551,9556,1197,64,1027,1027,924,18853,6566,21175358,1990,129,1258,249,3822172,3822008,1192,121,129,143,216,5765237,3661337,94,185,2389,283,347,0,142,0,877,6982595,3762,0,744,7,2,5,145,0,4,149,7,3,2,10
500.113,1625162952668,50.013019436,1,0,0,5,10,4,5,136,2,0,0,0,0,73,5711032,0,31,0,64,18486,2277100,52284,0,1,228783,179324,49208,49627,9621,1932,9601,1323,58,1044,1044,945,18892,6559,20877805,2024,130,1277,250,3849211,3849050,1205,118,129,143,216,5710809,3686132,94,185,2437,284,357,0,143,0,895,6810723,3735,0,745,7,1,4,161,1,4,165,7,2,1,9
550.124,1625163010118,50.011094606,1,0,0,5,10,4,5,136,2,0,0,0,0,61,5818747,0,26,0,63,8923,2399475,52327,0,1,228852,179394,49198,49657,9555,1743,9580,1134,58,1045,1045,945,18823,6548,21560442,2026,130,1277,251,3834692,3834530,1210,118,129,143,216,5817787,3671478,94,185,2427,289,353,0,142,0,900,7086703,3772,0,736,8,1,4,155,1,4,159,8,2,1,10
600.136,1625163066693,50.011777783,1,0,0,5,10,4,5,136,2,0,0,0,0,67,5684473,0,26,0,64,5033,2296828,52268,0,1,227998,178484,45889,46352,9090,1537,9070,756,194,1037,1037,928,17258,6196,20870461,2017,124,1279,251,3800785,3800635,1276,118,123,134,203,5684197,3641115,90,179,2535,287,425,0,134,0,885,6982083,3871,0,779,7,1,4,151,1,4,155,7,2,1,9
650.147,1625163123244,50.011115653,1,0,0,7,15,6,8,340,3,0,0,0,0,100,5645251,0,32,0,72,5943,2243326,52966,2,2,230194,180256,67355,67653,15606,3897,15627,3087,195,1084,1084,975,35024,11583,20683673,2058,174,1279,258,3831582,3831384,1299,122,173,185,260,5644918,3655978,119,229,2626,296,513,11,186,2,924,6761870,4060,0,829,8,1,5,179,5,5,184,8,3,2,10
700.158,1625163179974,50.011457996,1,0,0,5,10,4,5,136,2,0,0,0,0,79,5713222,0,26,0,63,3928,2294032,51883,0,1,227080,177789,47738,48180,9427,1365,9435,1008,192,1028,1028,925,18136,6453,20866248,2000,128,1274,249,3830685,3830529,1269,118,127,142,212,5712821,3670153,95,185,2536,282,443,0,141,0,882,6860560,3905,0,791,8,1,4,152,1,4,156,8,2,1,10
750.169,1625163236850,50.011231486,1,0,0,5,10,4,5,128,2,0,0,0,0,83,5621666,0,26,0,61,14479,2211124,52397,0,1,229440,179726,48709,49151,9429,1489,9429,1134,197,1046,1046,942,18636,6471,20488190,2028,125,1287,249,3829163,3829008,1288,117,125,139,212,5621356,3665979,95,182,2550,282,434,0,138,0,899,6750640,3844,0,783,7,1,4,154,1,4,158,7,2,1,9
800.181,1625163293642,50.011560233,1,0,0,5,10,4,5,128,2,0,0,0,0,68,5738268,0,26,0,61,12531,2335042,51763,0,1,229071,179452,48762,49246,9432,1617,9452,945,190,1043,1043,941,18641,6488,21139412,2022,126,1281,250,3821249,3821091,1274,118,125,139,212,5737966,3658146,95,182,2537,287,427,0,139,0,895,6902113,3853,0,771,8,1,4,146,1,4,150,8,2,1,10
850.193,1625163350681,50.011821686,1,0,0,5,10,4,5,128,2,0,0,0,0,65,5664800,0,27,0,62,6269,2231762,53637,0,1,230077,180247,48935,49333,9480,1237,9511,504,183,1053,1053,948,18671,6487,20677201,2042,125,1286,251,3850939,3850779,1283,118,125,138,212,5664460,3687113,95,182,2569,289,446,0,139,0,904,6774257,3808,0,769,8,1,4,158,1,4,162,8,2,1,10
900.205,1625163407857,50.011914495,1,0,0,5,10,4,5,153,2,0,0,0,0,74,5799802,0,32,0,60,5833,2418956,53601,0,1,225681,176736,49951,50376,9906,1885,9904,1134,179,1073,1073,966,19082,6804,21515283,2036,133,1264,253,3795342,3795182,1276,118,132,146,221,5799507,3634087,98,191,2566,297,471,11,147,2,915,6779177,3856,0,784,7,1,4,155,1,4,159,7,2,1,9
950.217,1625163464995,50.012035523,1,0,0,5,10,4,5,152,2,0,0,0,0,79,5703619,0,32,0,64,21914,2310035,52309,0,1,227569,178212,48832,49271,9705,1380,9712,819,172,1037,1037,941,18640,6638,21021240,2018,136,1273,250,3812573,3812409,1270,118,135,148,220,5703283,3651215,94,192,2537,287,425,0,147,0,892,6872800,3840,0,796,8,1,4,155,1,4,159,8,2,1,10
1000.23,1625163521577,50.011576017,1,0,0,5,10,4,5,128,2,0,0,0,0,53,5716571,0,26,0,61,8258,2319153,52760,0,1,229292,179623,47092,47536,9278,1789,9292,1197,58,1042,1042,936,17889,6363,21107424,2028,123,1288,249,3814453,3814307,1207,118,123,136,208,5716244,3653779,93,179,2422,283,339,0,135,0,891,6730216,3685,0,720,7,1,4,151,1,4,155,7,2,1,9
1050.24,1625163579396,50.011751958,1,0,0,5,10,4,5,136,2,0,0,0,0,77,5707954,0,28,0,64,6566,2287913,52612,0,1,228199,178776,47599,48030,9383,980,9396,504,58,1034,1034,933,18170,6450,20978794,2012,128,1277,249,3833951,3833799,1199,117,127,140,212,5707652,3673342,93,183,2407,281,340,0,141,0,889,6844468,3643,0,737,8,1,4,149,1,4,153,8,2,1,10
1100.25,1625163636202,50.011925916,1,0,0,5,10,4,5,128,2,0,0,0,0,67,5719202,0,26,0,61,17388,2336729,52591,0,1,228474,178991,48747,49139,9460,1803,9426,1323,178,1039,1039,940,18634,6474,21132475,2013,126,1277,249,3801603,3801455,1273,118,125,138,212,5718828,3638982,95,182,2528,284,425,0,138,0,895,6866263,3876,0,771,8,1,4,151,1,4,155,8,2,1,10
1150.26,1625163693351,50.011899509,1,0,0,5,10,4,5,136,2,0,0,0,0,73,5742463,0,40,0,66,11858,2363467,52999,0,1,228771,179235,49450,49893,9600,1561,9606,945,171,1045,1045,958,18900,6577,21266710,2026,130,1279,251,3798715,3798549,1267,118,129,142,216,5742138,3635571,95,186,2555,289,440,0,143,0,902,6772123,3883,0,756,8,1,4,152,1,4,156,8,2,1,10
1200.27,1625163750688,50.011489927,1,0,0,5,10,4,5,136,2,0,0,0,0,79,5749710,0,42,0,64,8698,2345777,53644,0,1,230413,180541,50134,50555,9817,1252,9826,882,177,1098,1098,1000,19244,6740,21187329,2077,131,1286,253,3825836,3825688,1297,118,130,144,218,5749336,3661081,96,187,2608,294,458,11,143,2,940,6942066,3934,0,770,8,1,4,151,1,4,155,8,2,1,10
1250.28,1625163807415,50.012237315,1,0,0,5,10,4,5,128,2,0,0,0,0,79,5814287,0,42,0,62,7756,2412442,52847,0,1,228608,179003,47421,48007,9298,1672,9284,945,171,1036,1036,952,17878,6362,21549368,2016,123,1285,251,3817750,3817591,1262,119,123,136,208,5813961,3656910,95,181,2548,289,438,0,136,0,893,7101593,3862,0,767,8,1,4,140,1,4,144,8,2,1,10
1300.29,1625163864261,50.011588406,1,0,0,5,10,4,5,128,2,0,0,0,0,75,5949885,0,38,0,63,10017,2564026,53631,0,1,226608,177407,45487,46069,10386,2667,10385,2079,176,1030,1030,947,17043,7585,22264402,2003,120,1273,251,3797376,3797230,1257,118,119,133,199,5949486,3639094,90,175,2526,285,429,0,132,0,892,7201883,3848,0,775,8,1,4,154,1,4,158,8,2,1,10
1350.3,1625163921452,50.011674910,1,0,0,5,10,4,5,134,2,0,0,0,0,75,5744300,0,59,0,61,12135,2370421,52840,0,1,227911,178464,47667,47965,9388,1050,9367,567,172,1031,1031,965,18080,6424,21310838,2006,127,1278,249,3789303,3789148,1264,118,126,136,211,5743970,3628499,95,183,2565,284,438,0,140,0,888,6881065,3815,0,773,8,1,4,158,1,4,162,8,2,1,10
1400.31,1625163977922,50.011576882,1,0,0,5,10,4,5,136,2,0,0,0,0,104,5681255,0,32,0,61,19250,2255166,52564,0,1,229479,179765,49191,49632,9563,1372,9582,756,183,1045,1045,947,18860,6563,20842988,2026,130,1282,249,3842765,3842614,1275,118,129,143,216,5680877,3679392,95,186,2546,283,426,0,143,0,895,6687637,3838,0,780,8,1,4,152,1,4,156,8,2,1,10
1450.32,1625164035363,50.010852085,1,0,0,5,10,4,5,128,2,0,0,0,0,81,5783690,0,42,0,61,11279,2411029,52994,0,1,226361,177328,47346,47825,9267,1356,9294,819,193,1078,1078,991,18125,6422,21388677,2038,123,1269,252,3785260,3785105,1285,118,122,134,205,5782508,3624240,92,178,2565,290,452,11,135,2,928,7007811,3853,0,774,8,1,4,146,1,4,150,8,2,1,10
1500.33,1625164092423,50.011662644,1,0,0,5,10,4,5,128,2,0,0,0,0,65,5663212,0,26,0,61,15446,2274745,51384,0,1,227299,178168,48735,49163,9461,2112,9435,1386,58,1040,1040,931,18637,6470,20822229,2016,126,1270,251,3803055,3802906,1201,118,125,138,212,5662833,3640936,94,181,2414,288,351,0,138,0,888,6844124,3626,0,740,8,1,4,153,1,4,157,8,2,1,10
1550.34,1625164149336,50.012091954,1,0,0,5,10,4,5,128,2,0,0,0,0,72,5804125,0,27,0,66,7032,2406224,52288,0,1,228652,179176,47494,47980,9222,1223,9231,819,58,1039,1039,937,17989,6348,21462978,2018,124,1283,251,3813202,3813048,1202,118,123,135,209,5803723,3651779,93,179,2416,290,346,0,135,0,890,7061471,3601,0,736,8,1,4,153,1,4,157,8,2,1,10
1600.35,1625164205633,50.012293293,1,0,0,5,10,4,5,128,2,0,0,0,0,67,5748361,0,28,0,63,3872,2352873,52910,0,1,227266,177979,47555,47996,9311,1357,9290,504,160,1034,1034,943,17871,6366,21235477,2012,124,1275,251,3808776,3808611,1259,118,123,137,208,5747947,3648235,94,180,2515,289,419,0,137,0,899,7031079,3785,0,781,8,1,4,153,1,4,157,8,2,1,10
1650.36,1625164262434,50.011140627,1,0,0,5,10,4,5,134,2,0,0,0,0,84,5915889,0,26,0,66,5962,2504234,52929,0,1,224309,175668,47464,47983,9329,1295,9377,819,161,1019,1019,922,18005,6409,21961723,1982,126,1259,249,3820004,3819852,1246,119,125,139,210,5915528,3661243,94,183,2484,284,416,0,137,0,876,7048819,3798,0,782,8,1,4,150,1,4,154,8,2,1,10
1700.37,1625164319282,50.011699307,1,0,0,5,10,4,5,138,2,0,0,0,0,87,5603531,0,33,0,65,5777,2228518,53131,0,1,229595,179865,49918,50386,9790,1376,9782,756,165,1089,1089,980,19260,6738,20474554,2060,131,1283,251,3794464,3794309,1284,118,130,145,218,5603227,3629829,97,188,2577,286,463,11,144,2,932,6584300,3781,0,778,8,1,4,150,1,4,154,8,2,1,10
1750.38,1625164376123,50.011220907,1,0,0,5,10,4,5,136,2,0,0,0,0,73,5681871,0,32,0,63,17648,2287017,51758,0,1,223461,175096,49153,49585,9571,1496,9562,882,201,1021,1021,931,18872,6561,20761503,1978,130,1253,249,3805377,3805225,1263,118,129,143,216,5681438,3645166,95,186,2506,283,424,0,143,0,880,6803232,3877,0,787,8,1,4,144,1,4,148,8,2,1,10
1800.39,1625164433106,50.011756669,1,0,0,5,10,4,5,136,2,0,0,0,0,73,5667166,0,25,0,62,5296,2341556,52303,0,1,229446,179751,49395,49802,9603,1684,9611,1260,190,1045,1045,936,18905,6558,21030168,2026,130,1287,251,3745424,3745273,1282,118,129,142,216,5667007,3581820,95,186,2551,288,438,0,142,0,895,6820512,3772,0,788,8,1,4,153,1,4,157,8,2,1,10
1850.4,1625164489927,50.011254516,1,0,0,5,10,4,5,144,2,0,0,0,0,65,5742840,0,30,0,62,11716,2340569,53012,0,1,230442,180530,49903,50336,9773,1506,9774,945,166,1051,1051,952,19094,6649,21263214,2038,134,1285,251,3821444,3821288,1272,118,133,147,220,5742461,3656611,95,190,2551,288,432,0,147,0,908,6958411,3858,0,776,8,1,4,159,1,4,163,8,2,1,10
1900.41,1625164546726,50.011649807,1,0,0,5,10,4,5,136,2,0,0,0,0,77,5633926,0,26,0,65,14634,2270796,51922,0,1,228905,179262,47910,48346,9437,1490,9439,1071,153,1040,1040,933,18135,6445,20681455,2024,128,1281,251,3786884,3786731,1258,118,127,140,212,5633490,3625140,94,184,2535,290,433,0,140,0,888,6849251,3787,0,781,8,1,4,145,1,4,149,8,2,1,10
1950.42,1625164603917,50.011858170,1,0,0,5,10,4,5,136,2,0,0,0,0,73,5848838,0,26,0,61,6887,2430081,52621,0,1,227447,178108,47814,48270,9400,1551,9394,945,197,1030,1030,927,18129,6452,21773050,2003,127,1276,249,3833580,3833427,1272,118,127,139,212,5848512,3672842,94,184,2522,281,420,0,139,0,885,7122305,3827,0,777,8,1,4,155,1,4,159,8,2,1,10
2000.43,1625164660969,50.011542577,1,0,0,5,10,4,5,128,2,0,0,0,0,86,5606488,0,28,0,64,13086,2209958,52501,0,1,227567,178137,45469,46048,8961,1598,9085,1071,201,1057,1057,950,17206,6154,20535517,2026,121,1277,249,3811169,3811016,1287,118,120,132,202,5606318,3652319,91,176,2550,284,443,7,132,2,902,6805990,3808,0,775,8,1,4,151,1,4,155,8,2,1,10
2050.44,1625164717712,50.012131873,1,0,0,5,10,4,5,144,2,0,0,0,0,77,5588694,0,28,0,61,4558,2167892,53088,0,1,229191,179640,49550,49965,9707,1624,9692,1071,58,1044,1044,941,19140,6652,20420055,2024,134,1284,249,3838698,3838534,1205,118,133,146,220,5588379,3675040,94,189,2427,281,350,0,146,0,897,6691441,3730,0,714,7,1,4,152,1,4,156,7,2,1,9
2100.45,1625164774969,50.011755080,1,0,0,5,10,4,5,136,2,0,0,0,0,81,5769233,0,27,0,62,7949,2334521,53931,0,1,229536,179917,49301,49716,9594,1681,9607,1008,58,1047,1047,943,18902,6559,21283644,2030,130,1281,251,3852321,3852156,1208,117,129,143,216,5768889,3688979,94,185,2432,289,353,0,143,0,897,7037114,3706,0,712,8,1,4,148,1,4,152,8,2,1,10
2150.46,1625164831683,50.011962969,1,0,0,5,10,4,5,136,2,0,0,0,0,71,5651704,0,26,0,61,9823,2239892,53367,0,1,229822,180054,49442,49877,9595,1369,9597,756,177,1045,1045,942,18899,6573,20770431,2026,130,1284,251,3830294,3830136,1271,118,129,143,216,5651400,3666196,95,186,2548,289,438,0,142,0,899,6651439,3825,0,754,7,1,4,162,1,4,166,7,2,1,9
2200.47,1625164889213,50.011494716,1,0,0,5,10,4,5,136,2,0,0,0,0,63,5682891,0,25,0,63,11071,2260354,51533,0,1,228084,178623,47999,48416,9404,1364,9405,819,177,1039,1039,933,18135,6437,20840210,2021,128,1278,251,3836458,3836297,1269,118,127,139,212,5682570,3675481,94,184,2534,290,427,0,140,0,889,6841134,3829,0,766,8,1,4,152,1,4,156,8,2,1,10
2250.48,1625164946081,50.011366772,1,0,0,5,10,4,5,138,2,0,0,0,0,75,5830070,0,42,0,61,11855,2451634,53585,0,1,227356,178086,48763,49162,9632,1495,9663,882,197,1075,1075,976,18516,6624,21689567,2040,129,1273,253,3791925,3791778,1290,118,128,140,214,5829738,3630504,95,185,2572,293,450,11,140,2,919,6862977,3952,0,780,8,1,4,151,1,4,155,8,2,1,10
2300.49,1625165003178,50.013280077,1,0,0,5,10,4,5,144,2,0,0,0,0,44,5638979,0,36,0,61,6351,2256135,52186,0,1,229921,180052,48258,48725,9592,1437,9584,819,190,1044,1044,954,18408,6547,20698716,2032,132,1291,249,3800690,3800532,1279,118,131,144,216,5638742,3638474,94,188,2556,284,421,0,143,0,896,6690173,3899,0,768,6,1,4,152,1,4,156,2,2,1,6
2350.5,1625165059315,50.011507534,1,0,0,5,10,4,5,128,2,0,0,0,0,62,5927114,0,26,0,65,11830,2545849,52671,0,1,227700,178377,48615,49143,9413,1552,9429,882,168,1033,1033,934,18644,6476,22094518,2002,126,1275,249,3798267,3798105,1254,118,125,139,212,5926681,3636145,95,182,2503,282,421,0,138,0,891,7006864,3887,0,788,6,1,4,157,1,4,161,2,2,1,6
2400.51,1625165116380,50.011558179,1,0,0,5,10,4,5,128,2,0,0,0,0,87,5916908,0,37,0,64,7657,2515336,52946,0,1,225152,176412,48641,49057,9441,1362,9463,756,183,1026,1026,937,18665,6481,21954570,1988,125,1262,249,3813214,3813057,1256,118,125,138,212,5916633,3652705,95,182,2506,282,421,0,139,0,883,6985183,3888,0,789,6,1,4,156,1,4,160,2,2,1,6
2450.52,1625165173380,50.012837569,1,0,0,5,10,4,5,136,2,0,0,0,0,65,5732256,0,38,0,62,9313,2374537,53227,0,1,229824,180063,49400,49810,9602,1623,9595,1134,207,1045,1045,951,18928,6575,21203043,2026,130,1285,251,3778874,3778716,1295,118,129,143,216,5731954,3614892,95,186,2562,290,427,0,143,0,896,6718579,3934,0,802,6,1,4,157,1,4,161,2,2,1,6
2500.53,1625165230113,50.011867699,1,0,0,5,10,4,5,130,2,0,0,0,0,74,5860234,0,32,0,62,6328,2463428,53192,0,1,229889,180135,49380,49500,9587,1491,9586,1008,171,1084,1084,978,18632,6614,21808263,2054,126,1284,253,3816578,3816428,1281,118,126,136,213,5859897,3652396,95,181,2562,293,449,11,138,2,927,7008918,3886,0,780,6,1,4,154,1,4,158,2,2,1,6
2550.54,1625165286798,50.011649961,1,0,0,5,10,4,5,136,2,0,0,0,0,60,5944832,0,28,0,63,7037,2565945,52787,0,1,228587,179094,47876,48332,9396,1356,9400,945,58,1040,1040,941,18158,6449,22261271,2024,128,1280,251,3794397,3794245,1205,118,127,139,212,5944446,3633145,93,183,2423,290,345,0,139,0,894,7120116,3745,0,731,6,1,4,158,1,4,162,2,2,1,6
2600.55,1625165343463,50.012449928,1,0,0,5,10,4,5,134,2,0,0,0,0,59,5782036,0,26,0,63,13793,2437136,51629,0,1,227588,178298,47251,47668,9330,1604,9386,1071,58,1030,1030,927,18008,6417,21548879,2004,125,1279,249,3760154,3760009,1195,118,125,139,209,5781611,3600159,93,181,2396,281,339,0,136,0,884,6997450,3681,0,732,6,1,4,155,1,4,159,2,2,1,6
2650.56,1625165400956,50.012059952,1,0,0,5,10,4,5,136,2,0,0,0,0,74,5886847,0,27,0,62,16087,2485238,53331,0,1,225388,176512,47697,48109,9438,2056,9443,1323,163,1023,1023,927,18178,6444,21962921,1990,127,1264,249,3811293,3811144,1250,118,127,140,212,5886560,3651822,94,184,2499,284,418,0,140,0,880,7080953,3806,0,773,6,1,4,153,1,4,157,2,2,1,6
2700.57,1625165458482,50.011732893,1,0,0,5,10,4,5,128,2,0,0,0,0,70,5742703,0,75,0,66,8575,2411936,52234,0,1,228303,178827,46766,47359,9076,1485,9083,1008,193,1034,1034,1042,17791,6221,21302994,2004,121,1279,249,3747574,3747427,1273,120,121,139,203,5742280,3586653,92,178,2541,381,446,0,135,0,892,6784180,3883,0,783,6,1,4,149,1,4,153,2,2,1,6
2750.58,1625165514802,50.012344581,1,0,0,5,10,4,5,136,2,0,0,0,0,55,5856169,0,31,0,61,5007,2493775,52919,0,1,227795,178474,49395,49807,9623,1435,9624,1008,180,1035,1035,950,18909,6569,21868702,2005,130,1275,251,3780024,3779869,1264,118,129,142,216,5855817,3617109,95,186,2528,305,435,0,142,0,890,6964888,3889,0,784,6,1,4,163,1,4,167,2,2,1,6
2800.59,1625165571965,50.012136376,1,0,0,5,10,4,5,152,2,0,0,0,0,61,5872311,0,40,0,61,9727,2491266,53077,0,1,228351,178907,50369,50801,9891,1325,9906,630,165,1042,1042,956,19394,6766,21988740,2020,138,1276,251,3798747,3798585,1262,118,137,150,224,5871972,3634651,95,194,2556,291,446,0,150,0,897,6935105,3872,0,770,6,1,4,152,1,4,156,2,2,1,6
2850.6,1625165628655,50.011548746,1,0,0,5,10,4,5,136,2,0,0,0,0,65,5910872,0,29,0,62,11324,2528821,54198,0,1,227586,178230,47893,48308,9434,1866,9433,1134,177,1033,1033,936,18139,6456,22098679,2010,128,1280,251,3796922,3796771,1263,118,127,139,212,5910611,3636021,94,184,2523,297,425,0,139,0,884,7002553,3839,0,764,6,1,4,150,1,4,154,2,2,1,6
2900.61,1625165685370,50.012309966,1,0,0,5,10,4,5,144,2,0,0,0,0,53,5932432,0,31,0,60,3560,2597029,53927,0,1,227279,177978,48430,48851,11075,2885,11085,2205,179,1024,1024,933,18463,8046,22321677,1992,132,1274,250,3752150,3751982,1254,118,131,145,216,5932100,3590980,94,188,2496,288,413,0,145,0,883,6975973,3902,0,775,6,1,4,159,1,4,163,2,2,1,6
2950.62,1625165742556,50.010394946,1,0,0,5,10,4,5,136,2,0,0,0,0,63,5741507,0,26,0,62,7975,2357209,52436,0,1,227608,178236,47660,48100,9380,1552,9401,1008,196,1027,1027,923,18134,6444,21235888,1998,127,1276,249,3797768,3797609,1272,118,127,140,212,5740615,3637230,94,184,2517,281,418,0,140,0,881,7000492,3855,0,776,8,1,4,149,1,4,153,8,2,1,10
3000.63,1625165799468,50.011256417,1,0,0,5,10,4,5,144,2,0,0,0,0,78,5758685,0,28,0,64,5220,2362397,53289,0,1,227578,178304,49602,50038,9737,1944,9731,1449,165,1036,1036,924,19113,6664,21289102,2008,134,1274,249,3812920,3812764,1254,118,133,147,220,5758293,3650191,95,190,2506,282,418,0,147,0,879,7028310,3857,0,775,8,1,4,139,1,4,143,8,2,1,10
3050.64,1625165856544,50.011822043,1,0,0,5,10,4,5,138,2,0,0,0,0,79,5878358,0,33,0,63,22060,2537946,52640,0,1,227744,178538,49840,50231,9805,1557,9788,1071,58,1080,1080,973,19280,6741,21978341,2042,131,1270,252,3764171,3764009,1214,118,130,143,218,5877989,3600787,95,186,2444,288,373,11,143,2,925,6906008,3729,0,717,8,1,4,157,1,4,161,8,2,1,10
3100.65,1625165913643,50.012025662,1,0,0,5,10,4,5,136,2,0,0,0,0,62,5878661,0,26,0,64,7237,2536951,53145,0,1,228823,179305,47195,47648,9222,1791,9231,1260,58,1045,1045,941,18020,6332,22020444,2026,126,1284,251,3758905,3758752,1206,118,125,138,207,5878221,3597209,90,180,2428,288,353,0,137,0,896,7279096,3718,0,711,8,1,4,142,1,4,146,8,2,1,10
3150.66,1625165970746,50.011319494,1,0,0,5,10,4,5,136,2,0,0,0,0,75,5853466,0,26,0,63,14880,2502651,52942,0,1,229664,180016,49181,49616,9595,923,9611,441,58,1046,1046,941,18839,6556,21865248,2028,130,1282,251,3771906,3771756,1207,120,129,143,216,5852860,3608318,94,185,2428,287,352,0,143,0,899,7195362,3727,0,711,8,1,4,159,1,4,163,8,2,1,10
3200.67,1625166027622,50.012463004,1,0,0,5,10,4,5,136,2,0,0,0,0,70,5889531,0,27,0,60,20868,2526348,52898,0,1,227850,178410,47961,48381,9436,1680,9422,945,204,1032,1032,937,18135,6452,22030955,2008,127,1278,250,3780525,3780375,1286,120,127,140,212,5889189,3619452,94,184,2549,289,433,0,139,0,887,6960215,3900,0,772,8,1,4,153,1,4,157,8,2,1,10
3250.68,1625166084211,50.011892407,1,0,0,5,10,4,5,136,2,0,0,0,0,65,5739997,0,26,0,72,17207,2368621,52587,0,1,228749,179111,47667,48112,9458,1994,9473,1323,150,1029,1029,928,18127,6473,21083021,2002,128,1281,249,3786603,3786450,1242,118,127,139,212,5739576,3625183,94,184,2496,281,416,0,140,0,886,6770852,3796,0,759,8,1,4,156,1,4,160,8,2,1,10
3300.69,1625166141175,50.011240820,1,0,0,5,10,4,5,138,2,0,0,0,0,67,5825316,0,39,0,61,14924,2467689,53141,0,1,227095,177847,48422,48922,9655,1621,9666,1071,173,1073,1073,981,18556,6640,21659879,2036,129,1273,251,3772846,3772697,1272,118,128,140,214,5825092,3611719,95,185,2556,288,456,11,140,2,924,6975190,3940,0,788,8,1,4,148,1,4,152,8,2,1,10
3350.7,1625166198120,50.012712245,1,0,0,5,10,4,5,136,2,0,0,0,0,75,5807550,0,39,0,60,14426,2437085,52984,0,1,230005,180145,49372,49821,9581,1562,9598,1071,193,1046,1046,964,18899,6570,21566032,2027,130,1284,250,3790005,3789836,1280,119,129,143,216,5807221,3625995,97,188,2588,286,465,0,143,0,908,6878805,4020,0,804,8,1,4,150,1,4,154,8,2,1,10
3400.71,1625166255762,50.012258991,1,0,0,5,10,4,5,144,2,0,0,0,0,65,5703717,0,29,0,61,19964,2325308,52933,0,1,228599,179106,49884,50351,9759,1820,9759,1134,189,1044,1044,946,19159,6662,21021003,2024,134,1277,251,3798109,3797934,1278,119,133,146,220,5703266,3633980,95,190,2558,290,445,0,146,0,899,6987031,3901,0,793,7,1,4,149,1,4,153,7,2,1,9
3450.72,1625166312541,50.013773644,1,0,0,5,10,4,5,136,2,0,0,0,0,68,5924617,0,34,0,64,17763,2528987,52611,0,1,226290,177285,49415,49857,9568,1435,9583,756,178,1029,1029,940,18904,6579,22101195,1994,130,1267,251,3809684,3809533,1258,118,129,143,216,5924339,3647866,95,186,2521,289,437,0,144,0,889,7258410,3962,0,799,8,1,4,158,1,4,162,8,2,1,10
3500.73,1625166369654,50.011761696,1,0,0,5,10,4,5,144,2,0,0,0,0,60,5843456,0,38,0,65,18665,2454413,52837,0,1,226274,177201,48397,48823,9547,1434,9562,693,166,1028,1028,932,18402,6548,21693430,2000,131,1268,251,3801169,3801013,1253,119,131,144,216,5843149,3640743,94,188,2523,289,430,0,143,0,877,7137413,3978,0,789,7,1,4,154,1,4,158,7,2,1,9
3550.74,1625166426959,50.012157239,1,0,0,5,10,4,5,136,2,0,0,0,0,75,5741198,0,26,0,64,19795,2368340,51863,0,1,226537,177383,47843,48277,9412,1804,9410,1134,160,1027,1027,926,18153,6462,21262747,1998,128,1270,250,3786216,3786064,1248,118,127,140,212,5740911,3625799,94,184,2511,285,435,0,140,0,883,6940819,3830,0,764,8,1,4,150,1,4,154,8,2,1,10
3600.75,1625166483699,50.011692368,1,0,0,5,10,4,5,136,2,0,0,0,0,73,5731990,0,26,0,63,20064,2379057,51123,0,1,225977,177040,47484,47873,9435,1544,9437,1071,58,1020,1020,917,18124,6478,21178899,1984,128,1267,249,3766129,3765979,1185,118,127,139,212,5731625,3606553,93,183,2379,280,340,0,139,0,875,6893256,3731,0,716,8,1,4,159,1,4,163,8,2,1,10
3650.76,1625166540939,50.012771188,1,0,0,5,10,4,5,136,2,0,0,0,0,47,5891791,0,27,0,62,6979,2505079,52698,0,1,229254,179667,48990,49475,9607,1803,9615,1197,58,1035,1035,927,18824,6584,22029688,2010,129,1284,249,3803020,3802845,1198,117,129,142,215,5891421,3639988,94,185,2409,282,344,0,142,0,881,6970039,3801,0,719,8,1,4,159,1,4,163,8,2,1,10
3700.77,1625166598029,50.011751059,1,0,0,5,10,4,5,144,2,0,0,0,0,66,5954645,0,49,0,60,9647,2568818,53851,0,1,225352,176574,49790,50253,9730,1883,9783,1197,192,1024,1024,950,19133,6682,22256513,1984,135,1262,250,3799978,3799822,1261,117,133,148,220,5954306,3638211,95,190,2525,296,432,0,147,0,880,6898943,4013,0,809,8,1,4,157,1,4,161,8,2,1,10
3750.78,1625166655036,50.011651514,1,0,0,5,10,4,5,152,2,0,0,0,0,80,5626527,0,41,0,61,14561,2233485,52980,0,1,229042,179461,50383,50863,9908,1765,9899,1386,164,1048,1048,949,19390,6750,20596252,2032,137,1278,251,3811099,3810932,1274,118,137,150,224,5626169,3646794,95,194,2562,291,433,0,150,0,888,6721811,3924,0,784,8,1,4,147,1,4,151,8,2,1,10
3800.79,1625166711917,50.011696727,1,0,0,5,10,4,5,136,2,0,0,0,0,81,5828852,0,45,0,63,15544,2476640,52532,0,1,225457,176662,49369,49835,9589,2062,9594,1386,188,1028,1028,953,18884,6553,21784639,1992,130,1262,251,3767081,3766918,1259,118,129,143,216,5828498,3605507,95,186,2526,288,430,0,142,0,892,7136221,3929,0,778,8,1,4,159,1,4,163,8,2,1,10
3850.8,1625166768513,50.012046494,1,0,0,5,10,4,5,138,2,0,0,0,0,75,5787898,0,47,0,60,14096,2377289,52900,0,1,226682,177562,48619,48869,9625,1748,9623,1134,173,1074,1074,985,18525,6630,21403549,2038,129,1271,252,3824317,3824163,1273,118,128,136,214,5787543,3663303,95,185,2561,291,441,11,141,2,920,6924046,3983,0,768,8,1,4,155,1,4,159,8,2,1,10
3900.81,1625166825558,50.011055695,1,0,0,5,10,4,5,136,2,0,0,0,0,55,5908605,0,41,0,62,7289,2561658,52744,0,1,226442,177330,47765,48222,9414,1869,9425,1323,179,1023,1023,943,18136,6451,22188574,1990,128,1274,249,3761010,3760861,1253,119,127,140,212,5908121,3600946,94,184,2518,282,424,0,140,0,886,7034293,3960,0,768,8,1,4,156,1,4,160,8,2,1,10
3950.82,1625166882443,50.011892802,1,0,0,5,10,4,5,128,2,0,0,0,0,63,5716939,0,26,0,63,8596,2337633,51842,0,1,221820,173733,47188,47643,9272,1290,9252,693,172,1005,1005,915,17930,6337,21114618,1956,124,1248,249,3787637,3787482,1235,119,123,136,208,5716641,3630422,94,180,2461,284,416,0,136,0,869,6873498,3855,0,752,8,1,4,154,1,4,158,8,2,1,10
4000.83,1625166939039,50.012553295,1,0,0,5,10,4,5,128,2,0,0,0,0,79,5869507,0,28,0,63,9467,2470147,52916,0,1,228802,179245,48789,49256,9412,1804,9441,1197,166,1041,1041,950,18596,6487,21891945,2018,126,1279,250,3816548,3816391,1262,118,125,138,212,5868677,3653436,95,182,2545,287,441,0,138,0,900,7213257,3905,0,747,8,1,4,157,1,4,161,8,2,1,10
4050.84,1625166996288,50.011637126,1,0,0,5,10,4,5,140,2,0,0,0,0,92,5860719,0,27,0,63,11463,2488975,52593,0,1,229800,180014,50688,51146,9862,1446,9870,756,190,1047,1047,956,19445,6756,21852480,2030,134,1284,250,3793679,3793513,1284,118,133,147,223,5860357,3628916,98,192,2566,290,450,0,148,0,910,7132054,3970,0,776,8,1,4,150,1,4,154,8,2,1,10
4100.85,1625167053611,50.011909963,1,0,0,5,10,4,5,146,2,0,0,0,0,77,5760376,0,35,0,61,17413,2366773,53199,0,1,228172,178825,48443,48858,9565,1299,9563,693,58,1084,1084,993,18689,6587,21203434,2050,131,1275,253,3810423,3810237,1217,118,130,144,213,5759989,3647619,91,185,2456,298,378,11,142,2,936,6735795,3820,0,711,8,1,4,146,1,4,150,8,2,1,10
4150.86,1625167110402,50.011512280,1,0,0,5,10,4,5,128,2,0,0,0,0,67,5965011,0,30,0,62,5565,2584740,53476,0,1,229338,179654,47274,47717,9298,1854,9287,1197,58,1035,1035,940,17863,6360,22334571,2014,123,1288,251,3795367,3795219,1200,117,123,137,208,5964605,3634343,93,179,2415,288,346,0,136,0,893,7195213,3753,0,740,8,1,4,155,1,4,159,8,2,1,10
4200.87,1625167167051,50.011935322,1,0,0,5,10,4,5,128,2,0,0,0,0,80,5669375,0,28,0,68,14768,2302603,52878,0,1,227914,178485,47436,47919,9281,1355,9281,945,119,1036,1036,941,17915,6358,20755933,2016,124,1277,250,3783620,3783471,1236,119,123,135,208,5669075,3623035,93,179,2501,287,416,0,135,0,893,6728343,3829,0,767,8,1,4,155,1,4,159,8,2,1,10
4250.88,1625167223891,50.011604927,1,0,0,5,10,4,5,128,2,0,0,0,0,75,5683793,0,26,0,63,9310,2307976,51506,0,1,227066,177796,47151,47567,9265,1544,9265,1008,185,1026,1026,913,17933,6356,20878779,1996,124,1274,249,3788395,3788249,1260,118,123,136,208,5683456,3628458,94,180,2506,282,420,0,136,0,870,6828449,3788,0,780,8,1,4,154,1,4,158,8,2,1,10
4300.89,1625167280671,50.011278856,1,0,0,5,10,4,5,128,2,0,0,0,0,52,5968983,0,26,0,61,8011,2599848,53861,0,1,228423,178936,48698,49090,9443,1930,9437,1386,191,1034,1034,934,18613,6451,22459239,2004,126,1277,249,3787143,3786992,1268,118,125,138,212,5968605,3624495,95,182,2527,284,436,0,139,0,887,6976913,3958,0,784,8,1,4,155,1,4,159,8,2,1,10
4350.9,1625167337557,50.011560227,1,0,0,5,10,4,5,128,2,0,0,0,0,72,5889864,0,32,0,62,10051,2514867,53191,0,1,228884,179336,49538,49932,9631,1555,9650,882,195,1086,1086,975,19008,6635,21983040,2054,126,1280,252,3793173,3793022,1301,116,126,139,214,5889475,3629502,96,183,2577,290,450,11,139,2,927,7168748,3884,0,792,8,1,4,158,1,4,162,8,2,1,10
4400.91,1625167395037,50.010999885,1,0,0,5,10,4,5,136,2,0,0,0,0,104,5711702,0,42,0,65,12184,2299223,52773,0,1,227193,178024,49306,49772,9564,2001,9582,1260,190,1035,1035,950,18853,6562,20874551,2005,130,1271,251,3825587,3825427,1272,116,129,144,216,5710799,3663104,95,186,2540,291,426,0,142,0,888,6976188,3880,0,804,8,1,4,152,1,4,156,8,2,1,10
4450.92,1625167452341,50.011471308,1,0,0,5,10,4,5,128,2,0,0,0,0,89,5675080,0,29,0,64,25456,2320478,52093,0,1,228298,178836,48980,49386,9438,1742,9444,1197,195,1039,1039,938,18599,6463,20922104,2014,126,1279,251,3783267,3783117,1277,118,125,139,212,5674649,3620336,96,183,2550,289,447,0,141,0,892,6762270,3866,0,808,8,1,4,149,1,4,153,8,2,1,10
4500.93,1625167509309,50.013099390,1,0,0,5,10,4,5,128,2,0,0,0,0,66,5909912,0,27,0,63,19422,2512231,53076,0,1,227335,178012,47485,47953,9285,1356,9274,882,188,1025,1025,929,17889,6358,22106593,1994,124,1275,250,3814875,3814721,1260,118,123,136,208,5909528,3654341,94,180,2511,287,423,0,136,0,882,7139306,3904,0,776,8,1,4,144,1,4,148,8,2,1,10
4550.94,1625167566131,50.011713578,1,0,0,5,10,4,5,128,2,0,0,0,0,65,5859583,0,41,0,63,8146,2472861,52277,0,1,227337,178025,47265,47727,9262,1355,9273,693,190,1029,1029,940,17896,6362,21872932,2002,124,1276,249,3800203,3800049,1270,119,123,136,208,5859180,3640282,94,180,2537,282,427,0,135,0,882,6915108,3880,0,799,8,1,4,156,1,4,160,8,2,1,10
4600.95,1625167623112,50.013104055,1,0,0,5,10,4,5,128,2,0,0,0,0,59,5577847,0,26,0,59,5563,2215503,51958,0,1,229347,179587,47228,47631,9265,1417,9241,819,195,1039,1039,936,17861,6370,20512176,2022,123,1285,249,3779903,3779759,1281,118,123,135,208,5577539,3618728,94,180,2539,283,420,0,135,0,891,6744422,3828,0,775,8,1,4,149,1,4,153,8,2,1,10
4650.96,1625167679711,50.012175063,1,0,0,5,10,4,5,146,2,0,0,0,0,62,5922763,0,37,0,61,9807,2516316,52227,0,1,224870,176254,48337,48770,9569,1236,9570,630,57,1072,1072,972,18655,6586,22084291,2026,131,1258,252,3818424,3818263,1204,114,130,142,213,5922416,3658019,91,185,2435,288,376,11,142,2,920,6983192,3762,0,731,8,1,4,152,1,4,156,8,2,1,10
4700.97,1625167737177,50.011704265,1,0,0,5,10,4,5,144,2,0,0,0,0,65,5893149,0,30,0,61,14658,2512354,52454,0,1,227891,178632,49704,50156,9698,1877,9699,1197,58,1035,1035,938,19134,6653,21991025,2006,134,1277,250,3797245,3797091,1196,118,133,149,220,5892797,3634127,94,189,2412,287,353,0,147,0,891,6916035,3794,0,733,8,1,4,151,1,4,155,8,2,1,10
4750.98,1625167794674,50.011380021,1,0,0,5,10,4,5,128,2,0,0,0,0,84,5848825,0,28,0,64,11365,2459188,53589,0,1,229849,180038,48896,49372,9431,1680,9438,1071,191,1047,1047,946,18638,6468,21729768,2030,126,1285,251,3809151,3809000,1280,118,125,140,212,5848499,3645541,96,183,2551,295,442,0,140,0,897,6987599,3934,0,773,8,1,4,154,1,4,158,8,2,1,10
4800.99,1625167851308,50.011680787,1,0,0,5,10,4,5,144,2,0,0,0,0,62,5846403,0,28,0,63,6172,2471936,53147,0,1,228736,179116,48273,48663,9587,2000,9573,1386,189,1037,1037,922,18370,6528,21813660,2018,132,1282,250,3792311,3792157,1275,118,131,143,216,5846022,3630459,94,188,2539,285,425,0,143,0,878,6951719,3885,0,776,8,1,4,160,1,4,164,8,2,1,10
4851,1625167908134,50.012026742,1,0,0,5,10,4,5,144,2,0,0,0,0,50,5873375,0,57,0,61,8828,2516601,53264,0,1,228677,179103,48387,48781,9549,1629,9548,1008,191,1032,1032,991,18348,6543,22019314,2008,132,1281,250,3775130,3774976,1271,117,131,143,216,5873011,3613401,94,188,2539,349,437,0,144,0,882,6985486,3857,0,778,8,1,4,147,1,4,151,8,2,1,10
4901.01,1625167965071,50.011959902,1,0,0,5,10,4,5,136,2,0,0,0,0,94,5656861,0,42,0,61,13613,2297484,52394,0,1,229894,180046,48497,48944,9617,1685,9624,1197,160,1087,1087,983,18503,6624,20937455,2064,129,1285,251,3778522,3778369,1281,118,128,140,213,5656524,3615894,95,185,2581,293,448,11,140,2,921,6715792,3814,0,739,8,1,4,152,1,4,156,8,2,1,10
4951.02,1625168022162,50.011918740,1,0,0,5,10,4,5,136,2,0,0,0,0,74,5883667,0,106,0,61,7843,2491887,52280,0,1,229868,180089,47943,48417,9416,1694,9420,945,158,1040,1040,1120,18124,6445,21990705,2024,128,1292,249,3809110,3808960,1257,118,127,141,212,5883319,3647687,94,184,2539,465,427,0,140,0,885,7094790,3802,0,736,8,1,4,150,1,4,154,8,2,1,10
5001.03,1625168079799,50.012903981,1,0,0,5,10,4,5,128,2,0,0,0,0,44,5787991,0,34,0,62,5628,2432025,53527,0,1,229923,180105,48886,49337,9485,1366,9464,756,196,1045,1045,952,18657,6469,21533543,2026,126,1286,250,3775303,3775155,1280,118,125,139,212,5787624,3611745,96,183,2569,294,454,0,139,0,893,6839949,3948,0,759,7,1,4,154,1,4,158,7,2,1,9
5051.04,1625168136307,50.011811992,1,0,0,5,10,4,5,144,2,0,0,0,0,96,5805706,0,28,0,66,15161,2391033,53188,0,1,230486,180576,49883,50349,9735,1568,9725,1071,195,1055,1055,952,19146,6653,21412501,2046,134,1288,250,3833212,3833043,1293,118,133,146,220,5805398,3668582,95,190,2578,290,435,0,146,0,901,7009464,3915,0,778,8,1,4,143,1,4,147,8,2,1,10
5101.05,1625168193733,50.011335470,1,0,0,5,10,4,5,128,2,0,0,0,0,72,5795846,0,29,0,62,10295,2408912,53756,0,1,229845,180060,48925,49353,9449,1176,9467,693,201,1049,1049,945,18641,6480,21548847,2033,126,1286,251,3806540,3806385,1288,118,125,139,212,5795538,3643040,95,182,2561,296,437,0,138,0,895,6973959,3886,0,758,8,1,4,155,1,4,159,8,2,1,10
5151.06,1625168250459,50.011926029,1,0,0,5,10,4,5,130,2,0,0,0,0,78,5792867,0,35,0,61,17541,2413920,52973,0,1,229100,179494,47861,48383,9440,1292,9444,693,58,1085,1085,979,18253,6532,21450068,2060,124,1282,252,3795802,3795655,1223,118,124,140,210,5792505,3634164,94,180,2458,296,367,11,136,2,922,7014311,3763,0,724,8,1,4,150,1,4,154,8,2,1,10
5201.07,1625168307848,50.012167995,1,0,0,5,10,4,5,128,2,0,0,0,0,90,5671301,0,26,0,63,19561,2276787,51391,0,1,227553,178268,47117,47530,9251,1473,9240,819,58,1034,1034,928,17894,6357,20838914,2012,123,1279,250,3808687,3808523,1199,118,123,136,208,5670956,3648862,93,179,2406,284,341,0,135,0,885,6809465,3703,0,719,7,1,4,155,1,4,159,7,2,1,9
5251.08,1625168364890,50.011718403,1,0,0,5,10,4,5,136,2,0,0,0,0,52,5941741,0,36,0,61,15256,2552115,52970,0,1,227655,178336,47559,48006,9387,1483,9400,1008,58,1024,1024,928,18171,6462,22249111,1992,128,1274,249,3804541,3804387,1189,119,127,140,212,5941389,3644355,93,183,2403,281,344,0,140,0,875,6988768,3725,0,730,8,1,4,154,1,4,158,8,2,1,10
5301.09,1625168422239,50.012616879,1,0,0,5,10,4,5,128,2,0,0,0,0,60,5859774,0,26,0,61,6607,2512572,53840,0,1,229051,179360,47354,47775,9286,1230,9287,567,168,1032,1032,929,17944,6358,21928856,2008,124,1284,250,3763180,3763030,1257,118,123,137,208,5859411,3602066,94,180,2512,287,419,0,137,0,885,6869641,3831,0,760,8,1,4,158,1,4,162,8,2,1,10
5351.1,1625168479383,50.011557238,1,0,0,5,10,4,5,128,2,0,0,0,0,60,5784820,0,28,0,65,4852,2397127,52795,0,1,228378,178929,48820,49249,9490,1175,9486,567,184,1042,1042,940,18657,6470,21417597,2020,126,1277,250,3804954,3804799,1275,118,125,138,212,5784503,3642095,95,182,2534,286,424,0,138,0,896,6867357,3882,0,792,8,1,4,148,1,4,152,8,2,1,10
5401.11,1625168536773,50.010985878,1,0,0,5,10,4,5,136,2,0,0,0,0,88,5661709,0,26,0,67,5122,2250238,50939,0,1,227334,178124,49334,49741,9614,1307,9599,630,182,1037,1037,934,18891,6569,20733683,2010,130,1271,250,3826547,3826388,1261,118,129,142,216,5661358,3664046,95,186,2526,288,427,0,142,0,888,6672347,3831,0,785,7,1,4,156,1,4,160,7,2,1,9
5451.12,1625168593756,50.012357011,1,0,0,5,10,4,5,136,2,0,0,0,0,89,5774330,0,42,0,63,11522,2366366,54121,0,1,227979,178644,50274,50720,9870,1817,9878,1260,183,1087,1087,989,19271,6844,21260959,2056,131,1275,253,3825541,3825370,1290,118,130,143,218,5773968,3661682,96,187,2589,293,458,11,143,2,931,6872623,3912,0,788,7,1,4,148,1,4,152,7,2,1,9
5501.13,1625168650315,50.012088569,1,0,0,5,10,4,5,128,2,0,0,0,0,58,5777172,0,56,0,64,5575,2390053,52133,0,1,224776,176057,47306,47764,9290,1356,9304,1008,183,1020,1020,949,17897,6366,21388191,1984,123,1267,250,3798434,3798272,1254,118,123,136,208,5776728,3639684,94,180,2522,287,417,0,135,0,874,6814187,3832,0,766,8,1,4,151,1,4,155,8,2,1,10
5551.14,1625168706915,50.011588618,1,0,0,5,10,4,5,136,2,0,0,0,0,75,5781292,0,76,0,63,5760,2372742,53111,0,1,228768,179166,47877,48306,9404,1935,9408,1323,183,1036,1036,979,18145,6452,21250269,2015,128,1281,250,3824544,3824389,1269,119,127,141,212,5780940,3663510,94,184,2572,285,421,0,141,0,886,6786973,3907,0,788,8,1,4,151,1,4,155,8,2,1,10
5601.15,1625168763797,50.011908149,1,0,0,5,10,4,5,144,2,0,0,0,0,93,5892341,0,85,0,64,11228,2519086,53547,0,1,229601,179823,48324,48780,9557,1754,9563,1071,177,1044,1044,990,18400,6538,22062144,2032,131,1285,249,3791599,3791445,1278,117,131,143,216,5892015,3629483,94,188,2606,285,424,0,143,0,885,6843288,3977,0,780,7,1,4,154,1,4,158,7,2,1,9
5651.16,1625168820666,50.011209984,1,0,0,5,10,4,5,136,2,0,0,0,0,85,5823174,0,31,0,63,6098,2434018,53267,0,1,227289,178081,49275,49663,9603,1622,9633,1134,160,1037,1037,941,18893,6572,21620214,2010,130,1271,250,3805432,3805280,1254,119,129,142,216,5822839,3642672,95,186,2529,287,431,0,142,0,890,7065662,3834,0,771,8,1,4,150,1,4,154,8,2,1,10
5701.17,1625168877267,50.011932712,1,0,0,5,10,4,5,138,2,0,0,0,0,71,5673710,0,37,0,66,15494,2283928,52957,0,1,230511,180696,49886,50301,9767,1244,9775,1008,58,1097,1097,991,19258,6755,20845461,2075,131,1286,252,3810395,3810239,1231,118,130,143,218,5673305,3645788,95,186,2484,290,375,11,143,2,936,6843837,3730,0,732,8,1,4,155,1,4,159,8,2,1,10
5751.18,1625168934412,50.014424080,1,0,0,5,10,4,5,144,2,0,0,0,0,66,5938421,0,28,0,62,12727,2551916,53202,0,1,228721,179288,49976,50601,9806,1623,9808,1134,58,1045,1045,935,19164,6764,22282762,2026,134,1280,251,3803512,3803350,1206,118,133,147,220,5938192,3639462,94,189,2428,288,353,0,146,0,892,7039611,3696,0,730,8,1,4,157,1,4,161,8,2,1,10
5801.19,1625168991223,50.011392970,1,0,0,5,10,4,5,136,2,0,0,0,0,80,5833420,0,28,0,62,12821,2467001,52713,0,1,229569,179722,47863,48345,9431,1616,9451,945,207,1039,1039,927,18111,6461,21826820,2022,128,1286,250,3783832,3783672,1289,118,127,142,212,5832486,3621851,96,186,2572,284,458,0,141,0,884,7281766,3820,0,777,8,1,4,151,1,4,155,8,2,1,10
5851.2,1625169048451,50.012132834,1,0,0,5,10,4,5,136,2,0,0,0,0,72,5721655,0,26,0,61,5980,2334065,52965,0,1,229564,179764,47916,48343,9402,1301,9405,882,194,1041,1041,933,18115,6445,21195970,2026,128,1286,250,3804421,3804270,1283,118,127,139,212,5721258,3642439,94,184,2553,284,432,0,140,0,890,6820633,3795,0,784,8,1,4,158,1,4,162,8,2,1,10
5901.21,1625169105507,50.011578381,1,0,0,5,10,4,5,136,2,0,0,0,0,65,5933129,0,26,0,63,11978,2546239,52212,0,1,223538,175071,47741,48232,9425,1488,9422,819,180,1014,1014,909,18153,6443,22195726,1972,128,1256,249,3796452,3796298,1247,118,127,139,212,5932768,3637838,94,184,2484,281,421,0,139,0,867,7071784,3738,0,770,8,1,4,159,1,4,163,8,2,1,10
5951.22,1625169162713,50.012154706,1,0,0,5,10,4,5,138,2,0,0,0,0,73,5626534,0,33,0,61,10347,2294335,52105,0,1,230326,180317,47470,48015,9432,1551,9445,1071,177,1095,1095,988,18360,6497,20869832,2076,127,1289,252,3750422,3750270,1300,118,126,138,208,5626137,3588500,92,182,2605,290,464,11,138,2,936,6661530,3759,0,754,8,1,4,140,1,4,144,8,2,1,10
6001.23,1625169219397,50.011680515,1,0,0,5,10,4,5,136,2,0,0,0,0,52,5875175,0,32,0,64,7499,2489032,52624,0,1,230398,180511,49412,49870,9591,1498,9579,882,197,1046,1046,943,18911,6579,21849538,2028,130,1292,250,3807398,3807229,1284,118,129,143,216,5874839,3642854,95,186,2554,285,429,0,143,0,895,6872336,3854,0,769,8,1,4,154,1,4,158,8,2,1,10
6051.24,1625169276730,50.010957470,1,0,0,5,10,4,5,136,2,0,0,0,0,74,5740294,0,26,0,67,17789,2392356,52764,0,1,230365,180479,49467,49961,11082,3199,11117,2520,191,1050,1050,945,18886,8057,21134443,2035,129,1286,251,3773606,3773447,1289,120,129,145,216,5739635,3609122,95,186,2557,287,430,0,143,0,900,6788410,3844,0,775,8,1,4,152,1,4,156,8,2,1,10
6101.25,1625169334188,50.011410514,1,0,0,5,10,4,5,136,2,0,0,0,0,60,5929623,0,26,0,61,11873,2519206,53244,0,1,228113,178724,49393,49814,9577,1499,9575,1008,196,1038,1038,939,18893,6574,22031739,2012,131,1276,251,3827053,3826894,1273,118,129,144,216,5929329,3663824,95,186,2536,289,433,0,144,0,896,7001434,3901,0,774,8,1,4,157,1,4,161,8,2,1,10
6151.26,1625169390990,50.011734394,1,0,0,5,10,4,5,136,2,0,0,0,0,82,5813086,0,26,0,65,10345,2399525,52157,0,1,226340,177260,47743,48217,9397,1110,9404,693,176,1027,1027,921,18169,6451,21329489,1998,127,1270,250,3826128,3825967,1254,118,127,139,212,5812731,3666018,94,184,2500,286,415,0,140,0,876,6915146,3842,0,780,8,1,4,147,1,4,151,8,2,1,10
6201.27,1625169447893,50.011461661,1,0,0,5,10,4,5,136,2,0,0,0,0,73,5870534,0,26,0,62,12917,2487805,52233,0,1,228725,179174,47683,48086,9413,1672,9441,1197,79,1035,1035,930,18111,6446,21765774,2014,128,1280,250,3800340,3800186,1209,118,127,139,212,5870174,3639165,94,184,2427,283,357,0,139,0,888,7192231,3729,0,731,8,1,4,149,1,4,153,8,2,1,10
6251.28,1625169504859,50.011123044,1,0,0,5,10,4,5,136,2,0,0,0,0,76,5851891,0,32,0,62,12009,2480649,52852,0,1,228829,179292,48250,48730,9594,1363,9603,945,58,1080,1080,974,18507,6625,21827588,2050,129,1283,251,3787994,3787814,1217,118,128,141,214,5850987,3626148,94,184,2448,286,367,11,140,2,923,7033933,3704,0,722,8,1,4,155,1,4,159,8,2,1,10
6301.29,1625169562229,50.011359789,1,0,0,5,10,4,5,150,2,0,0,0,1,47,5969240,0,39,0,62,3460,2591978,54460,0,1,229853,180189,51297,51227,10049,1323,9894,504,58,1044,1044,949,19847,6884,22415476,2024,139,1282,250,3796895,3796728,1205,119,138,150,225,5968869,3631839,94,192,2441,287,354,0,152,0,894,7208134,3736,0,746,8,1,4,151,1,4,155,8,2,1,10
6351.3,1625169619130,50.012759967,1,0,0,5,10,4,5,136,2,0,0,0,0,74,5938734,0,26,0,65,11033,2564433,52719,0,1,225632,176802,49393,49858,9629,2065,9636,1386,201,1024,1024,926,18897,6593,22151544,1984,129,1264,250,3788757,3788607,1265,118,129,144,216,5938471,3626964,95,186,2508,286,431,0,144,0,881,6998448,3866,0,808,8,1,4,163,1,4,167,8,2,1,10
6401.31,1625169675754,50.013132962,1,0,0,5,10,4,5,136,2,0,0,0,0,58,5785438,0,26,0,63,13285,2414203,52371,0,1,228775,179255,49689,50268,9660,1622,9664,1134,153,1041,1041,938,18943,6587,21467016,2018,130,1278,251,3788737,3788578,1251,118,129,142,216,5785156,3624722,95,186,2522,289,435,0,142,0,895,6843338,3811,0,776,8,1,4,162,1,4,166,8,2,1,10
6451.32,1625169732745,50.012005860,1,0,0,5,10,4,5,136,2,0,0,0,0,84,5786831,0,26,0,60,12331,2408938,52569,0,1,228054,178611,47867,48290,9453,1551,9443,1071,183,1037,1037,924,18127,6454,21467696,2017,128,1278,250,3794471,3794321,1275,118,127,140,212,5786412,3633390,94,184,2534,284,428,0,139,0,882,6918145,3845,0,773,8,1,4,155,1,4,159,8,2,1,10
6501.33,1625169789666,50.011225996,1,0,0,5,10,4,5,144,2,0,0,0,0,84,5805925,0,45,0,60,6684,2428886,53364,0,1,229098,179451,49068,49527,9777,2323,9787,1701,209,1081,1081,981,18744,6719,21485421,2052,133,1282,252,3795025,3794863,1304,118,132,144,218,5805068,3632177,95,189,2590,290,446,11,145,2,920,6867671,3907,0,802,8,1,4,158,1,4,162,8,2,1,10
6551.34,1625169846675,50.010623267,1,0,0,5,10,4,5,152,2,0,0,0,0,66,5818923,0,38,0,62,12631,2419164,52370,0,1,224450,175824,48741,49226,9688,1442,9717,945,161,1019,1019,928,18605,6639,21562452,1982,136,1262,250,3809061,3808894,1241,118,135,147,220,5817868,3649032,94,192,2491,285,416,0,147,0,873,6892597,3820,0,784,8,1,4,155,1,4,159,8,2,1,10
6601.35,1625169904119,50.012029124,1,0,0,5,10,4,5,136,2,0,0,0,0,65,5794979,0,26,0,63,16317,2405761,52249,0,1,227637,178277,47929,48393,9467,1679,9453,945,162,1032,1032,928,18152,6463,21480394,2008,128,1275,250,3804705,3804544,1253,118,127,140,212,5794636,3643720,94,184,2515,287,426,0,140,0,883,6951948,3848,0,764,8,1,4,148,1,4,152,8,2,1,10
6651.36,1625169961281,50.011523114,1,0,0,5,10,4,5,136,2,0,0,0,0,89,5774575,0,39,0,63,14099,2410398,53069,0,1,228163,178764,49438,49877,9639,1563,9613,1134,191,1043,1043,950,18893,6575,21428690,2022,129,1277,250,3784214,3784058,1277,118,129,143,216,5774215,3620793,96,187,2560,285,443,0,143,0,896,6855101,3910,0,783,8,1,4,157,1,4,161,8,2,1,10
6701.37,1625170018562,50.011904808,1,0,0,5,10,4,5,144,2,0,0,0,0,88,5767262,0,38,0,61,14637,2377633,52792,0,1,228713,179214,50161,50587,9745,1695,9745,1008,191,1041,1041,952,19156,6668,21359885,2017,133,1277,250,3810126,3809970,1275,118,133,146,220,5766912,3646068,95,190,2547,287,428,0,147,0,896,6776379,3945,0,798,8,1,4,156,1,4,160,8,2,1,10
6751.38,1625170076029,50.011927235,1,0,0,5,10,4,5,138,2,0,0,0,0,75,5606982,0,33,0,60,5293,2234289,52454,0,1,229312,179778,50093,50522,9824,1935,9836,1260,58,1093,1093,980,19285,6765,20591927,2068,131,1280,253,3794194,3794039,1227,119,130,144,218,5606641,3629624,95,186,2476,292,379,11,143,2,930,6721276,3740,0,736,8,1,4,154,1,4,158,8,2,1,10
6801.4,1625170133276,50.024309610,1,0,0,5,10,4,5,136,2,0,0,0,0,90,5674156,0,27,0,63,6940,2306135,51456,0,1,227200,178072,48164,48609,9419,1735,9406,1197,58,1039,1039,928,18267,6465,20883068,2018,128,1276,250,3783461,3783312,1202,118,127,139,213,5673808,3622013,93,183,2423,286,350,0,139,0,881,6895790,3665,0,718,8,1,4,153,1,4,157,8,2,1,10
6851.41,1625170190543,50.013796142,1,0,0,5,10,4,5,128,2,0,0,0,0,70,5710221,0,27,0,62,7236,2340885,51447,0,1,226246,177187,47379,47824,9308,1731,9304,1008,161,1029,1029,919,17913,6359,21114183,2002,124,1269,250,3783273,3783118,1252,118,123,135,208,5709844,3623636,94,180,2502,285,417,0,135,0,875,6909194,3798,0,766,8,1,4,152,1,4,156,8,2,1,10
6901.42,1625170247411,50.011820121,1,0,0,5,10,4,5,144,2,0,0,0,0,61,5728720,0,27,0,65,6121,2326556,51494,0,1,225858,176896,48436,48867,9605,1434,9607,1008,188,1029,1029,923,18420,6545,21129259,2002,132,1267,250,3815142,3814981,1264,119,131,144,216,5728386,3654817,94,188,2524,287,426,0,144,0,874,6926342,3912,0,764,8,1,4,147,1,4,151,8,2,1,10
6951.43,1625170304715,50.010843544,1,0,0,5,10,4,5,128,2,0,0,0,0,66,5592142,0,28,0,62,12095,2206174,51962,0,1,230355,180396,47507,47895,9320,1608,9319,1008,196,1049,1049,937,17919,6357,20542271,2042,124,1290,250,3806420,3806272,1298,117,123,136,208,5591768,3644328,94,180,2565,286,423,0,136,0,891,6778314,3887,0,761,8,1,4,155,1,4,159,8,2,1,10
7001.44,1625170361692,50.011580503,1,0,0,5,10,4,5,128,2,0,0,0,0,86,5893093,0,27,0,63,10127,2498515,53206,0,1,227978,178620,49072,49510,9495,1676,9517,1134,184,1039,1039,939,18631,6476,22010197,2014,126,1275,250,3810805,3810656,1272,118,125,138,212,5892661,3648001,95,182,2531,286,423,0,138,0,893,7104211,3859,0,754,8,1,4,162,1,4,166,8,2,1,10
7051.45,1625170419077,50.011515175,1,0,0,5,10,4,5,128,2,0,0,0,0,83,5567870,0,36,0,61,9339,2176830,52537,0,1,227483,178270,49009,49438,9472,1930,9464,1386,185,1040,1040,942,18664,6481,20229420,2016,126,1276,250,3805349,3805198,1274,118,125,138,212,5567478,3642828,95,182,2536,287,425,0,139,0,888,6645928,3873,0,759,8,1,4,159,1,4,163,8,2,1,10
7101.46,1625170476761,50.011445004,1,0,0,5,10,4,5,136,2,0,0,0,0,93,5720349,0,28,1,65,16813,2336195,51930,0,1,228374,178957,49510,49959,9643,1496,9637,819,157,1043,1043,942,18900,6579,21021957,2022,130,1275,250,3805360,3805205,1257,118,129,142,216,5719975,3641890,95,186,2528,286,424,0,142,0,896,6859456,3860,0,771,8,1,4,161,1,4,165,8,2,1,10
7151.47,1625170533968,50.012041760,1,0,0,5,10,4,5,144,2,0,0,0,0,88,5761771,0,29,0,64,14400,2351090,52634,0,1,230313,180451,50022,50387,9749,1253,9795,630,183,1050,1050,949,19099,6666,21085957,2036,134,1286,250,3831685,3831525,1280,118,133,147,220,5761440,3666852,95,190,2562,287,433,0,147,0,900,6755117,3872,0,781,8,1,4,164,1,4,168,8,2,1,10
7201.48,1625170590861,50.011729876,1,0,0,5,10,4,5,148,2,0,0,0,0,79,5759549,0,26,1,63,7901,2376623,52506,0,1,226169,177141,49745,50157,9864,1320,9860,756,189,1026,1026,932,18938,6727,21371835,1996,136,1267,250,3797319,3797157,1264,118,135,150,223,5759234,3636049,96,193,2537,288,442,0,148,0,885,6923003,3913,0,783,7,1,4,152,1,4,156,7,2,1,9
7251.49,1625170648236,50.011345754,1,0,0,5,10,4,5,136,2,0,0,0,0,69,5775930,0,27,1,69,17855,2333553,51309,0,1,225981,176976,47892,48328,9449,1615,9456,882,184,1029,1029,932,18151,6453,21121835,2002,128,1267,250,3855117,3854956,1266,117,127,139,212,5775597,3695342,94,184,2521,286,424,0,140,0,886,6733111,3873,0,780,8,1,4,147,1,4,151,8,2,1,10
7301.5,1625170704569,50.012614389,1,0,0,5,10,4,5,138,2,0,0,0,0,101,5662987,0,32,1,61,18974,2289000,52448,0,1,227364,178171,48567,49142,9633,1362,9645,693,58,1074,1074,975,18571,6652,20749161,2037,129,1276,252,3788629,3788466,1212,118,128,141,214,5662667,3627359,94,184,2444,289,373,11,141,2,927,6631019,3744,0,727,8,1,4,155,1,4,159,8,2,1,10
7351.51,1625170761041,50.011645118,1,0,0,5,10,4,5,128,2,0,0,0,0,115,5671021,0,36,1,63,20506,2269606,51237,0,1,226423,177506,48891,49296,9451,1292,9445,819,58,1036,1036,938,18633,6478,20781769,2008,126,1266,250,3816617,3816468,1197,118,125,138,212,5670660,3654841,94,181,2416,287,349,0,138,0,882,6841130,3751,0,719,8,1,4,159,1,4,163,8,2,1,10
7401.52,1625170818000,50.011605374,1,0,0,5,10,4,5,144,2,0,0,0,0,96,5699992,0,30,0,65,9557,2306056,53196,0,1,230819,180811,49985,50415,9808,2073,9786,1323,194,1053,1053,943,19131,6663,21053421,2042,134,1288,250,3815748,3815589,1293,119,133,148,220,5699625,3650455,96,191,2577,286,444,0,148,0,896,6811255,3834,0,791,8,1,4,148,1,4,152,8,2,1,10
7451.53,1625170875174,50.011593757,1,0,0,5,10,4,5,136,2,0,0,0,0,70,5847979,0,25,0,62,5614,2459689,52172,0,1,226308,177330,49439,49841,9602,1685,9596,1008,180,1034,1034,923,18881,6581,21705324,2004,130,1265,250,3804452,3804299,1262,119,129,142,216,5847592,3642049,95,186,2511,290,420,0,143,0,875,6872898,3923,0,778,8,1,4,155,1,4,159,8,2,1,10
7501.54,1625170932048,50.011711932,1,0,0,5,10,4,5,136,2,0,0,0,0,80,5619996,0,28,0,63,9491,2253356,51694,0,1,227839,178420,47964,48385,9420,1488,9419,1197,197,1033,1033,922,18133,6447,20676093,2010,128,1278,250,3782911,3782756,1275,117,127,139,212,5619634,3621558,94,184,2537,285,433,0,139,0,878,6779059,3893,0,781,8,1,4,160,1,4,164,8,2,1,10
7551.55,1625170988635,50.011062732,1,0,0,5,10,4,5,144,2,0,0,0,0,88,5715383,0,39,0,64,13317,2338959,51955,0,1,229297,179603,49093,49574,9773,1693,9793,1008,177,1081,1081,977,18758,6737,20985605,2052,132,1282,252,3793797,3793634,1288,118,132,146,218,5714571,3630782,95,189,2580,289,453,11,145,2,923,6824686,3894,0,791,8,1,4,151,1,4,155,8,2,1,10
7601.56,1625171045432,50.010998241,1,0,0,5,10,4,5,136,2,0,0,0,0,86,5791287,0,39,0,62,16203,2430387,52362,0,1,228513,178965,48022,48545,9491,1616,9480,1008,194,1033,1033,946,18152,6455,21505173,2010,128,1283,250,3779032,3778879,1272,117,127,139,212,5790948,3617450,94,184,2542,286,425,0,139,0,890,6909503,3885,0,788,8,1,4,147,1,4,151,8,2,1,10
7651.57,1625171102351,50.011676533,1,0,0,5,10,4,5,136,2,0,0,0,0,101,5880845,0,28,0,63,7750,2487134,52311,0,1,227373,178176,49686,50120,11093,3010,11107,2016,197,1037,1037,934,18975,8045,21939502,2010,130,1272,251,3808660,3808492,1275,118,129,143,216,5880490,3645542,95,186,2535,285,431,0,143,0,890,7044856,3870,0,784,8,1,4,158,1,4,162,8,2,1,10
7701.58,1625171159865,50.011862744,1,0,0,5,10,4,5,136,2,0,0,0,0,71,5714746,0,36,0,62,4576,2316966,52346,0,1,226560,177543,49523,49913,9593,1183,9597,756,191,1035,1035,946,18933,6565,20976546,2006,129,1268,250,3813967,3813809,1269,118,129,143,216,5714425,3651422,95,186,2539,288,432,0,143,0,890,6713853,3823,0,780,8,1,4,155,1,4,159,8,2,1,10
7751.59,1625171216592,50.011711198,1,0,0,5,10,4,5,136,2,0,0,0,0,58,5694548,0,37,0,64,13801,2300525,52230,0,1,227361,178158,49461,49896,9628,1182,9637,630,198,1032,1032,939,18893,6563,20828874,2000,130,1272,250,3809931,3809777,1273,118,129,142,216,5694196,3647051,95,186,2533,284,428,0,142,0,886,6661850,3883,0,781,8,1,4,160,1,4,164,8,2,1,10
7801.6,1625171273978,50.012501629,1,0,0,5,10,4,5,144,2,0,0,0,0,66,5756172,0,33,1,62,3966,2377194,51610,0,1,226798,177837,50161,50132,9866,1372,9770,819,58,1074,1074,967,18991,6775,21273105,2034,133,1266,252,3795808,3795646,1210,118,132,145,220,5755824,3632597,94,188,2441,290,373,11,145,2,914,6801230,3770,0,734,8,1,4,147,1,4,151,8,2,1,10
7851.62,1625171330818,50.018581050,1,0,0,5,10,4,5,136,2,0,0,0,0,88,5631741,0,27,1,62,10766,2235367,51388,0,1,227348,178127,47779,48622,9431,1671,9490,1071,58,1034,1034,923,18209,6469,20606896,2012,129,1276,250,3812404,3812254,1199,116,128,140,212,5630805,3651478,93,183,2413,280,345,0,139,0,878,6733090,3623,0,700,8,1,4,150,1,4,154,8,2,1,10
7901.63,1625171387768,50.011064174,1,0,0,5,10,4,5,136,2,0,0,0,0,69,5676730,0,26,1,69,25704,2274419,52665,0,1,228369,178856,47997,48446,9442,1426,9456,819,171,1037,1037,934,18148,6455,20685076,2018,128,1279,251,3822417,3822264,1267,118,127,139,212,5676401,3660956,93,183,2526,290,415,0,140,0,888,6835686,3829,0,774,8,1,4,153,1,4,157,8,2,1,10
7951.64,1625171444867,50.011901014,1,0,0,5,10,4,5,136,2,0,0,0,0,61,5936055,0,28,0,61,14707,2526351,53215,0,1,227969,178526,47957,48484,9442,1050,9456,504,196,1031,1031,940,18166,6471,22082808,2006,128,1277,250,3823678,3823516,1270,118,127,141,211,5935651,3662821,94,184,2544,286,438,0,140,0,890,7060029,3904,0,746,8,1,4,151,1,4,155,8,2,1,10
8001.65,1625171501942,50.011791244,1,0,0,15,31,7393,33,8406,28,0,0,0,0,251,5577379,0,74,5927,68,11694,2293359,77975,7830,2,270161,217482,121714,114303,29686,11566,20707,882,165,3468,3468,9136,50638,22946,20852833,6869,260,1422,304,3777463,3777149,3688,118,259,296,373,5576976,3571936,199,342,7453,335,2928,12,304,1,9034,6503737,4121,0,823,56,2,4,8127,8,5930,14058,9,2,1,11
8051.66,1625171559050,50.012689129,1,0,0,24,60,5105,133,5959,122,0,0,0,0,110,5305613,0,27,5083,474,15348,2095883,54822,5439,3,229427,179494,70323,86412,41202,30618,57296,45990,416,1043,1043,945,37778,37469,19447672,2022,159,1280,273,3642092,3641909,1233,68,159,183,262,5305412,3467312,110,232,2582,296,478,8,176,3,899,6236973,4212,0,1340,48,4,17,5604,1,5080,10683,8,22,20,25
8101.67,1625171615963,50.012284777,1,0,0,5,13,4,8,182,2,0,0,0,1,80,5673174,0,41,0,74,14174,2305206,53123,0,1,225697,176852,50054,50157,9761,1437,9790,819,196,1068,1068,974,19257,6780,20714814,2018,131,1267,251,3783056,3782893,1278,118,130,143,218,5672180,3620462,96,187,2545,285,447,11,143,2,919,6898222,3932,0,787,6,1,7,151,0,3,154,6,2,1,8
8151.68,1625171674981,50.010775535,1,0,0,5,10,4,5,136,2,0,0,0,0,72,5813001,0,28,1,59,7021,2442382,53193,0,1,228692,179196,49378,49524,9576,929,9594,567,185,1043,1043,946,18854,6579,21695188,2022,130,1278,250,3787913,3787755,1269,107,129,143,215,5812362,3624534,94,185,2536,285,424,0,141,0,902,7129736,3882,0,775,9,1,4,151,1,4,155,9,2,1,11
8201.69,1625171733403,50.012005192,1,0,0,5,10,4,5,130,2,0,0,0,0,66,5757413,0,32,1,63,11341,2389711,52977,0,1,227752,178363,47517,47544,9301,1167,9310,441,154,1032,1032,928,17934,6391,21298213,2008,125,1276,250,3784276,3784134,1249,117,124,136,208,5757212,3623717,94,181,2511,285,421,0,135,0,879,7103402,3816,0,764,8,1,4,154,1,4,158,8,2,1,10
8251.7,1625171790330,50.011771679,1,0,0,5,10,4,5,136,2,0,0,0,0,87,5779976,0,26,1,64,5869,2408698,53496,0,1,229480,179702,47943,48363,9411,1552,9419,945,195,1043,1043,938,18138,6453,21432976,2028,127,1285,250,3788880,3788736,1285,117,127,140,212,5779703,3627148,94,184,2553,287,426,0,139,0,892,7064049,3863,0,793,8,1,4,157,1,4,161,8,2,1,10
8301.71,1625171847552,50.012096134,1,0,0,5,10,4,5,128,2,0,0,0,0,73,5712950,0,26,1,65,16484,2328267,52505,0,1,227508,178108,45406,45977,8931,1089,8954,693,184,1037,1037,931,17027,6115,20981262,2018,120,1275,251,3798926,3798777,1274,118,119,135,199,5712655,3640013,90,175,2532,288,422,0,131,0,888,6980283,3870,0,775,8,1,4,147,1,4,151,8,2,1,10
8351.72,1625171904690,50.011918559,1,0,0,5,10,4,5,144,2,0,0,0,0,77,5843779,0,37,1,65,17776,2482159,53150,0,1,228712,179210,48950,49430,9783,1497,9803,819,58,1089,1089,981,18828,6730,21778902,2068,133,1283,252,3779780,3779617,1227,118,132,146,218,5843474,3617643,94,188,2472,292,369,11,145,2,925,7210840,3783,0,743,8,1,4,151,1,4,155,8,2,1,10
8401.73,1625171961935,50.011819996,1,0,0,5,10,4,5,128,2,0,0,0,0,71,5709352,0,33,1,63,12663,2345923,52507,0,1,225447,176734,48647,49038,9445,1860,9438,1197,58,1031,1031,934,18629,6479,21086245,1997,126,1261,250,3777069,3776918,1192,118,125,138,212,5709018,3616563,94,181,2401,285,347,0,138,0,884,6973316,3697,0,724,8,1,4,154,1,4,158,8,2,1,10
8451.74,1625172019581,50.011441152,1,0,0,5,10,4,5,136,2,0,0,0,0,98,5573052,0,28,0,61,13517,2187727,52414,0,1,228442,179064,49241,49684,9578,1553,9591,1134,58,1046,1046,939,18899,6597,20341689,2028,130,1277,250,3801998,3801844,1207,117,129,143,216,5572721,3639000,94,185,2428,287,349,0,143,0,892,6791033,3705,0,722,8,1,4,153,1,4,157,8,2,1,10
8501.75,1625172076403,50.011291386,1,0,0,5,10,4,5,136,2,0,0,0,0,83,5599705,0,27,1,61,16214,2212575,52493,0,1,229868,180096,49370,49871,9628,1749,9625,1260,197,1050,1050,943,18879,6576,20483416,2035,130,1285,250,3809499,3809348,1288,119,129,144,216,5599325,3645576,95,186,2559,285,429,0,142,0,899,6813364,3880,0,781,8,1,4,148,1,4,152,8,2,1,10
8551.76,1625172134078,50.012124221,1,0,0,5,10,4,5,136,2,0,0,0,0,94,5825213,0,29,1,62,16071,2416409,52371,0,1,229793,179951,47864,48286,9452,1237,9446,693,155,1041,1041,941,18155,6471,21537114,2026,128,1287,250,3825155,3825006,1261,120,127,139,212,5824797,3663256,94,184,2529,287,421,0,139,0,893,7136605,3862,0,770,8,1,4,149,1,4,153,8,2,1,10
8601.77,1625172190854,50.011331907,1,0,0,5,10,4,5,128,2,0,0,0,0,85,5732119,0,33,1,62,15520,2349234,52776,0,1,225209,176350,45979,46407,9103,1473,9138,1134,197,1070,1070,965,17405,6284,21193252,2030,121,1265,252,3793056,3792912,1285,118,120,133,201,5731744,3635090,91,176,2547,288,444,11,132,2,914,7050113,3911,0,786,8,1,4,149,1,4,153,8,2,1,10
8651.78,1625172247506,50.012097141,1,0,0,5,10,4,5,128,2,0,0,0,0,79,5567443,0,40,1,63,7844,2195184,53012,0,1,228077,178626,47452,47989,9291,1861,9291,1260,191,1041,1041,946,17883,6361,20453536,2026,124,1283,251,3787028,3786876,1279,118,123,135,208,5567098,3626780,94,180,2553,290,420,0,135,0,887,6706151,3897,0,774,4,1,4,160,1,4,164,2,2,1,4
8701.79,1625172304834,50.011749099,1,0,0,5,10,4,5,128,2,0,0,0,0,67,5755791,0,28,1,61,10266,2390522,53725,0,1,228088,178616,47347,47760,9327,1797,9313,1071,196,1038,1038,939,17963,6367,21304799,2020,124,1278,250,3783655,3783504,1277,118,123,137,208,5755447,3623078,94,180,2536,286,422,0,136,0,894,7032295,3882,0,760,6,1,4,156,1,4,160,2,2,1,6
8751.8,1625172362110,50.011908086,1,0,0,5,10,4,5,136,2,0,0,0,0,84,5634356,0,31,0,61,11255,2227292,51845,0,1,227410,178189,49306,49600,9613,1434,9618,756,186,1040,1040,933,18925,6582,20624224,2016,130,1272,250,3822518,3822361,1273,118,129,142,216,5634045,3659981,95,186,2535,287,424,0,142,0,883,6676193,3846,0,767,6,1,4,154,1,4,158,2,2,1,6
8801.81,1625172419080,50.011540358,1,0,0,5,10,4,5,128,2,0,0,0,0,79,5799845,0,39,1,63,5577,2449641,52990,0,1,227479,178235,48751,49156,9431,1490,9446,945,183,1034,1034,944,18653,6493,21596443,2004,126,1273,249,3766351,3766190,1264,118,125,138,212,5799465,3604285,95,182,2527,284,421,0,139,0,885,7076949,3897,0,754,8,1,4,157,1,4,161,8,2,1,10
8851.82,1625172476574,50.012118825,1,0,0,5,10,4,5,136,2,0,0,0,0,87,5752456,0,27,1,63,10469,2359429,53073,0,1,229066,179466,49389,49775,9586,1245,9581,693,195,1041,1041,935,18907,6577,21265485,2018,130,1281,250,3811507,3811343,1279,118,129,143,216,5752093,3648130,95,186,2542,285,428,0,143,0,891,6908525,3844,0,767,8,1,4,154,1,4,158,8,2,1,10
8901.84,1625172534024,50.015902645,1,0,0,5,10,4,5,136,2,0,0,0,0,85,5578645,0,27,1,63,12932,2208776,52637,0,1,226351,177315,46091,46714,9120,1599,9277,1071,58,1056,1056,948,17489,6260,20351255,2023,124,1273,250,3789000,3788853,1205,118,124,135,206,5577868,3630408,90,179,2424,286,359,7,135,2,900,6607339,3694,0,714,8,1,4,144,1,4,148,8,2,1,10
8951.85,1625172590844,50.011675872,1,0,0,5,10,4,5,144,2,0,0,0,0,65,5631793,0,29,1,62,18933,2237193,51981,0,1,229651,179916,48234,48670,9546,1364,9550,756,58,1043,1043,941,18385,6542,20513236,2030,132,1284,250,3813471,3813307,1208,118,131,144,216,5631460,3651001,93,187,2435,284,348,0,143,0,895,6826107,3662,0,714,7,1,4,155,1,4,159,7,2,1,9
9001.86,1625172648408,50.011848331,1,0,0,5,10,4,5,136,2,0,0,0,0,66,5763753,0,27,1,61,16187,2388300,52117,0,1,228468,179005,47822,48279,9427,1296,9424,693,58,1043,1043,936,18141,6451,21350994,2030,128,1278,251,3790850,3790690,1208,118,127,140,212,5763425,3630082,93,183,2434,289,351,0,140,0,890,6963863,3678,0,729,8,1,4,156,1,4,160,8,2,1,10
9051.87,1625172705744,50.012600895,1,0,0,5,10,4,5,136,2,0,0,0,0,71,5740535,0,26,1,64,12280,2358932,53523,0,1,228158,178622,45799,46230,9036,1474,9045,882,177,1039,1039,931,17278,6198,21061152,2022,123,1280,250,3795076,3794928,1269,117,123,134,203,5740018,3635792,90,179,2530,284,422,0,134,0,889,6964645,3857,0,768,7,1,4,145,1,4,149,7,2,1,9
9101.88,1625172762543,50.011616072,1,0,0,5,10,4,5,136,2,0,0,0,0,83,5759346,0,27,1,62,15676,2380284,53102,0,1,227895,178558,49384,49795,9591,1624,9595,1071,173,1040,1040,939,18903,6561,21165689,2016,130,1275,250,3798525,3798363,1266,118,129,143,216,5759064,3635471,95,186,2531,287,429,0,144,0,893,6872763,3899,0,778,7,1,4,146,1,4,150,7,2,1,9
9151.89,1625172819601,50.011506508,1,0,0,5,10,4,5,138,2,0,0,0,0,89,5793701,0,42,1,61,13149,2422885,53677,0,1,230713,180775,50015,50442,9794,1567,9798,945,159,1095,1095,993,19246,6757,21481404,2072,131,1292,251,3792115,3791962,1290,117,130,143,217,5793339,3627335,96,187,2587,285,447,11,143,2,936,6847013,3961,0,781,8,1,4,157,1,4,161,8,2,1,10
9201.9,1625172876754,50.011702099,1,0,0,5,10,4,5,136,2,0,0,0,0,99,5715625,0,26,1,68,20253,2339940,52391,0,1,228558,179086,49531,49920,9555,1434,9562,945,166,1042,1042,937,18869,6578,20983989,2020,130,1277,250,3794580,3794423,1263,118,129,142,216,5715301,3631127,95,186,2526,285,425,0,142,0,893,6764788,3888,0,791,8,1,4,157,1,4,161,8,2,1,10
9251.91,1625172934003,50.011758682,1,0,0,5,10,4,5,144,2,0,0,0,0,75,5866169,0,26,0,66,12843,2491351,52991,0,1,227932,178514,48466,48698,11063,2758,11084,2331,177,1036,1036,931,18456,8027,21792544,2016,131,1277,251,3790370,3790213,1266,118,131,145,216,5865860,3629075,94,188,2523,285,419,0,145,0,887,7008949,3817,0,790,8,1,4,159,1,4,163,8,2,1,10
9301.92,1625172990911,50.011469434,1,0,0,5,10,4,5,144,2,0,0,0,0,69,5729528,0,28,0,62,22657,2386220,52707,0,1,229842,179984,48328,48795,9598,1561,9584,945,189,1042,1042,929,18366,6531,21308654,2028,132,1286,250,3767340,3767176,1280,118,131,143,216,5728606,3604794,94,188,2545,284,422,0,143,0,886,6933900,3817,0,783,8,1,4,152,1,4,156,8,2,1,10
9351.93,1625173047808,50.012258568,1,0,0,5,10,4,5,136,2,0,0,0,0,84,5807740,0,30,0,62,11513,2447150,52903,0,1,225904,176911,47925,48402,9435,1174,9444,567,190,1030,1030,929,18170,6452,21654981,2004,128,1268,251,3774550,3774394,1271,119,127,141,212,5807433,3614723,94,184,2527,288,423,0,140,0,883,7149993,3862,0,786,8,1,4,146,1,4,150,8,2,1,10
9401.94,1625173104517,50.011805417,1,0,0,5,10,4,5,146,2,0,0,0,0,83,5732876,0,34,0,64,3643,2366830,53408,0,1,230205,180377,50585,51030,9987,1447,9962,756,160,1095,1095,976,19520,6841,21230335,2071,135,1288,252,3786781,3786617,1289,117,134,148,222,5732560,3621407,96,191,2587,289,456,11,148,2,928,7036156,3877,0,785,8,1,4,150,1,4,154,8,2,1,10
9451.95,1625173161266,50.011664038,1,0,0,5,10,4,5,140,2,0,0,0,0,78,5756169,0,27,0,61,9202,2406334,52552,0,1,226173,177315,50313,50234,9754,1306,9643,567,58,1037,1037,936,19370,6717,21357064,2010,131,1265,250,3765622,3765468,1198,117,130,141,217,5755879,3603273,94,184,2409,289,348,0,144,0,889,7061090,3701,0,735,8,1,4,157,1,4,161,8,2,1,10
9501.96,1625173218722,50.010786618,1,0,0,5,10,4,5,136,2,0,0,0,0,71,5854240,0,34,0,62,5747,2480907,53268,0,1,228370,179024,49168,49644,9571,1363,9562,630,58,1042,1042,947,18870,6566,21862390,2020,130,1276,249,3789806,3789649,1203,118,129,142,216,5853304,3626776,94,185,2425,280,349,0,142,0,898,7008948,3679,0,738,7,1,4,160,1,4,164,7,2,1,9
9551.97,1625173276674,50.011059925,1,0,0,5,10,4,5,136,2,0,0,0,0,104,5671511,0,27,0,61,5171,2316469,52752,0,1,227060,177921,49383,49822,9604,1307,9600,756,166,1038,1038,937,18854,6574,21008040,2012,129,1270,250,3771570,3771406,1263,118,129,143,216,5670597,3608941,95,186,2530,287,430,0,143,0,890,6917922,3770,0,782,8,1,4,157,1,4,161,8,2,1,10
9601.98,1625173334139,50.011237920,1,0,0,5,10,4,5,136,2,0,0,0,0,79,5697586,0,26,0,61,10590,2324764,52313,0,1,227523,178189,47975,48286,9458,1550,9446,882,207,1033,1033,930,18131,6456,21066090,2010,128,1275,250,3787814,3787655,1283,117,127,135,212,5697203,3627059,94,184,2538,285,424,0,139,0,886,6978150,3800,0,785,8,1,4,155,1,4,159,8,2,1,10
9651.99,1625173391092,50.011897635,1,0,0,5,10,4,5,136,2,0,0,0,0,78,5799810,0,26,0,65,8366,2394810,53593,0,1,228349,178826,48054,48505,9457,1050,9456,630,168,1038,1038,942,18147,6453,21403538,2020,127,1278,251,3821764,3821611,1267,118,127,141,212,5799504,3660578,94,184,2539,292,428,0,140,0,894,6982767,3776,0,777,8,1,4,150,1,4,154,8,2,1,10
9702,1625173447865,50.011741728,1,0,0,5,10,4,5,136,2,0,0,0,0,47,5532984,0,37,1,65,26705,2178397,52187,0,1,230611,180598,48109,48549,9447,1365,9454,756,178,1043,1043,946,18110,6449,20257366,2030,128,1293,251,3783400,3783243,1276,118,127,139,212,5532638,3620887,94,184,2560,289,426,0,140,0,892,6613743,3816,0,758,8,1,4,147,1,4,151,8,2,1,10
9752.01,1625173504632,50.011651187,1,0,0,5,10,4,5,136,2,0,0,0,0,60,5653785,0,29,1,61,7897,2298127,51961,0,1,230795,180835,49509,49941,9578,1307,9578,693,165,1053,1053,954,18873,6579,20952575,2041,130,1288,250,3777273,3777120,1275,118,129,142,216,5653400,3612863,95,186,2546,287,417,0,142,0,906,6943691,3752,0,742,8,1,4,152,1,4,156,8,2,1,10
9802.02,1625173561865,50.011795854,1,0,0,5,10,4,5,136,2,0,0,0,0,78,5635278,0,26,1,60,15350,2279594,52050,0,1,230029,180242,49563,50023,9583,1371,9573,819,189,1050,1050,945,18934,6565,20735643,2036,130,1285,250,3777106,3776949,1288,117,129,143,216,5635005,3612944,95,186,2565,286,435,0,143,0,902,6822984,3758,0,771,8,1,4,153,1,4,157,8,2,1,10
9852.03,1625173619234,50.011988127,1,0,0,5,10,4,5,136,2,0,0,0,0,66,5874997,0,41,1,60,14721,2473109,53084,0,1,229092,179507,49410,49790,9592,1435,9585,945,150,1044,1044,955,18905,6559,21725432,2024,129,1280,249,3819302,3819147,1253,117,129,142,216,5874647,3655904,95,186,2537,283,422,0,143,0,895,7071819,3804,0,735,8,1,4,160,1,4,164,8,2,1,10
9902.04,1625173676171,50.011328893,1,0,0,5,10,4,5,136,2,0,0,0,0,54,5782336,0,28,0,60,13687,2418960,53238,0,1,228389,178953,49409,49857,9552,1435,9570,756,191,1040,1040,940,18844,6581,21467598,2016,130,1276,250,3784170,3784007,1274,117,129,143,216,5781379,3620658,95,186,2537,285,426,0,143,0,894,6838712,3777,0,759,8,1,4,158,1,4,162,8,2,1,10
9952.05,1625173733228,50.011682156,1,0,0,5,10,4,5,138,2,0,0,0,0,87,5625273,0,32,0,62,8958,2294146,52289,0,1,229421,179684,48756,49181,9640,1685,9644,1071,183,1086,1086,974,18526,6620,20716649,2061,129,1288,252,3750193,3750039,1297,118,128,141,214,5624901,3587328,95,185,2584,289,451,11,141,2,926,6863920,3808,0,779,8,1,4,152,1,4,156,8,2,1,10
10002.1,1625173790093,50.011201891,1,0,0,5,10,4,5,144,2,0,0,0,0,100,5674534,0,28,0,61,14082,2307388,51938,0,1,227294,178113,48455,48880,9583,1427,9571,882,58,1037,1037,936,18407,6535,20900089,2018,132,1271,251,3779948,3779795,1202,118,131,143,216,5674155,3618926,93,187,2425,290,350,0,143,0,888,6953511,3581,0,727,8,1,4,152,1,4,156,8,2,1,10
10052.1,1625173847370,50.014016204,1,0,0,5,10,4,5,136,2,0,0,0,0,67,5898852,0,26,0,60,16637,2529825,53105,0,1,229280,179638,47897,48351,9431,1798,9434,1323,58,1040,1040,938,18125,6443,22051521,2024,128,1281,250,3787064,3786906,1204,118,127,140,212,5898210,3625485,93,183,2428,285,351,0,139,0,894,7122266,3672,0,724,8,1,4,152,1,4,156,8,2,1,10
10102.1,1625173904386,50.011796834,1,0,0,5,10,4,5,136,2,0,0,0,0,79,5743324,0,26,0,62,11567,2389841,53119,0,1,229918,180162,49557,50013,9576,1309,9612,1134,179,1048,1048,949,18872,6566,21275334,2032,130,1284,250,3776074,3775921,1279,118,129,142,216,5742934,3611707,95,186,2557,288,436,0,143,0,903,6864183,3843,0,790,8,1,4,152,1,4,156,8,2,1,10
10152.1,1625173961717,50.011914018,1,0,0,5,10,4,5,128,2,0,0,0,0,66,5874999,0,26,0,63,17342,2491740,52074,0,1,223550,175178,48692,49114,9431,1234,9430,945,165,1018,1018,927,18664,6473,21863265,1972,126,1254,249,3793897,3793745,1236,118,125,138,212,5874612,3633858,95,182,2471,282,420,0,138,0,884,7188694,3808,0,779,8,1,4,154,1,4,158,8,2,1,10
10202.1,1625174018628,50.012155732,1,0,0,5,10,4,5,152,2,0,0,0,0,57,5792918,0,43,0,61,14763,2442328,53533,0,1,226420,177396,48996,49431,9727,1063,9720,630,165,1081,1081,977,18887,6677,21483665,2043,135,1271,251,3766860,3766688,1277,118,134,147,217,5792545,3604783,92,190,2560,288,448,11,147,2,915,6930273,3908,0,783,8,1,4,151,1,4,155,8,2,1,10
10252.1,1625174075787,50.011740939,1,0,0,5,10,4,5,136,2,0,0,0,0,61,5583218,0,29,1,64,11198,2263603,52334,0,1,229173,179528,48413,48699,9464,1427,9492,819,188,1039,1039,934,18231,6453,20574368,2018,127,1282,250,3742103,3741949,1281,120,127,140,213,5582846,3579249,94,184,2534,285,423,0,140,0,889,6652126,3872,0,796,8,1,4,150,1,4,154,8,2,1,10
10302.1,1625174133043,50.011271094,1,0,0,5,10,4,5,128,2,0,0,0,0,82,5691312,0,28,2,61,12508,2297647,50891,0,1,226286,177214,47405,47831,9280,1544,9271,819,190,1030,1030,927,17860,6360,20876455,2004,123,1271,250,3806320,3806173,1271,118,123,135,208,5690869,3646683,94,180,2519,287,417,0,135,0,880,6731434,3834,0,786,8,1,4,151,1,4,155,8,2,1,10
10352.1,1625174189503,50.011958327,1,0,0,5,10,4,5,141,2,0,0,0,0,85,5591111,0,26,2,62,20603,2253281,52914,0,1,230266,180324,48324,49090,9475,987,9572,630,196,1047,1047,933,18059,6447,20548175,2037,129,1287,251,3767904,3767750,1286,118,128,145,215,5591205,3605341,94,187,2555,291,424,0,141,0,890,6702524,3840,0,792,8,1,4,155,1,4,159,8,2,1,10
10402.1,1625174246602,50.010887182,1,0,0,5,10,4,5,128,2,0,0,0,0,51,5691676,0,26,2,64,8133,2339656,52094,0,1,228836,179207,47409,47830,9289,1418,9320,819,166,1037,1037,940,17881,6377,21057318,2017,124,1281,250,3768107,3767964,1266,118,123,135,208,5691235,3607050,94,180,2526,287,419,0,135,0,895,6947154,3800,0,785,8,1,4,149,1,4,153,8,2,1,10
10452.1,1625174304303,50.011674311,1,0,0,5,10,4,5,146,2,0,0,0,0,59,5832076,0,35,1,62,13706,2413977,51586,0,1,227082,177959,50731,51159,9928,1320,9936,819,154,1080,1080,976,19524,6843,21641540,2042,135,1273,252,3832839,3832679,1266,118,134,148,222,5831753,3668832,96,191,2549,290,450,11,148,2,926,7066770,3898,0,780,7,1,4,159,1,4,163,7,2,1,9
10502.1,1625174361288,50.011514465,1,0,0,5,10,4,5,136,2,0,0,0,0,73,5772549,0,26,2,62,8556,2367255,53161,0,1,228834,179363,49207,49601,9569,1237,9566,630,58,1039,1039,935,18908,6560,21319964,2014,130,1277,249,3820330,3820173,1200,117,129,143,216,5772207,3657119,94,185,2415,281,348,0,142,0,892,7029685,3704,0,732,8,1,4,151,1,4,155,8,2,1,10
10552.1,1625174418754,50.011501597,1,0,0,5,10,4,5,128,2,0,0,0,0,79,5724048,0,37,1,64,14583,2337729,52516,0,1,227387,178252,48739,49154,9433,1545,9411,1008,58,1039,1039,949,18645,6473,21173320,2014,126,1271,249,3801431,3801285,1200,118,125,138,212,5723699,3639411,94,181,2421,283,344,0,138,0,891,6841800,3701,0,733,7,1,4,158,1,4,162,7,2,1,9
10602.1,1625174475778,50.011486230,1,0,0,5,10,4,5,144,2,0,0,0,0,73,5748717,0,26,1,65,10415,2369602,52499,0,1,227878,178558,48282,48474,9550,1112,9595,756,58,1034,1034,933,18349,6540,21111415,2010,132,1275,250,3795508,3795352,1198,118,131,143,216,5748264,3634023,93,187,2413,285,346,0,143,0,888,6783038,3632,0,741,8,1,4,154,1,4,158,8,2,1,10
10652.1,1625174532968,50.012115181,1,0,0,5,10,4,5,128,2,0,0,0,0,71,5763123,0,26,0,63,11775,2390696,52891,0,1,226494,177400,47614,48076,9269,1167,9286,567,170,1034,1034,933,17886,6350,21387282,2012,124,1270,251,3785290,3785133,1259,118,123,135,208,5762745,3625019,94,180,2521,293,424,0,136,0,885,6793870,3816,0,766,8,1,4,157,1,4,161,8,2,1,10
10702.1,1625174589827,50.011779919,1,0,0,5,10,4,5,128,2,0,0,0,0,72,5845351,0,26,0,60,10210,2448946,52714,0,1,225062,176279,47542,47996,9299,1039,9285,378,184,1026,1026,927,17887,6354,21769369,1996,124,1263,251,3807685,3807537,1262,118,123,136,208,5844997,3648537,94,180,2507,289,421,0,135,0,883,7128510,3790,0,762,7,1,4,149,1,4,153,7,2,1,9
10752.1,1625174646469,50.013256213,1,0,0,5,10,4,5,128,2,0,0,0,0,96,5714224,0,43,0,61,9697,2355761,53238,0,1,228840,179242,48239,48887,9498,1362,9505,756,173,1086,1086,988,18330,6541,21086318,2062,124,1284,252,3773864,3773716,1284,117,124,141,210,5713825,3612339,95,181,2580,292,445,11,137,2,926,6823184,3849,0,743,6,1,4,148,1,4,152,2,2,1,6
10802.1,1625174703110,50.012143870,1,0,0,5,10,4,5,136,2,0,0,0,0,61,5700310,0,36,0,62,7431,2304640,51808,0,1,227132,177962,49316,49761,9578,1307,9568,630,172,1035,1035,940,18900,6570,21027445,2006,130,1270,249,3809902,3809747,1260,118,129,143,216,5699960,3647573,95,186,2529,282,427,0,142,0,887,6785060,3882,0,753,6,1,4,151,1,4,155,2,2,1,6
10852.1,1625174760209,50.011970566,1,0,0,5,10,4,5,136,2,0,0,0,0,64,5818130,0,26,0,65,13333,2453944,53641,0,1,226910,177799,49413,49869,11093,3135,11105,2772,184,1034,1034,943,18966,8048,21679720,2004,130,1269,250,3777412,3777259,1264,118,129,143,216,5817737,3615249,95,186,2520,284,425,0,143,0,897,6923952,3867,0,765,6,1,4,155,1,4,159,2,2,1,6
10902.1,1625174817084,50.012089310,1,0,0,5,10,4,5,144,2,0,0,0,0,69,5856720,0,38,0,63,13840,2472811,53411,0,1,228144,178760,49895,50324,9738,1821,9746,1449,153,1042,1042,960,19148,6656,21797122,2019,133,1275,250,3801421,3801267,1252,118,133,147,220,5856358,3637717,95,190,2534,285,432,0,146,0,906,6935864,3862,0,754,6,1,4,158,1,4,162,2,2,1,6
10952.1,1625174874447,50.012649355,1,0,0,5,10,4,5,136,2,0,0,0,0,66,5751650,0,29,0,64,17776,2391392,54123,0,1,229628,179819,47789,48247,9396,1488,9431,1323,201,1039,1039,943,18074,6421,21356279,2022,126,1285,250,3780067,3779905,1289,118,125,139,210,5751396,3618212,94,183,2539,286,415,0,138,0,894,6825840,3845,0,769,6,1,4,148,1,4,152,2,2,1,6
11002.1,1625174931442,50.012045398,1,0,0,5,10,4,5,130,2,0,0,0,0,61,5835592,0,32,0,62,16917,2479413,53147,0,1,228382,178883,48170,48652,9471,1487,9530,1134,178,1085,1085,978,18258,6543,21792397,2059,124,1282,253,3772987,3772826,1295,118,124,141,210,5834430,3610853,95,181,2583,293,455,11,137,2,930,6835887,3852,0,781,6,1,4,148,1,4,152,2,2,1,6
11052.1,1625174988341,50.014251950,1,0,0,5,10,4,5,136,2,0,0,0,0,82,5770193,0,26,0,63,7279,2382976,53275,0,1,228345,178917,47889,48411,9445,1358,9446,882,58,1039,1039,941,18138,6458,21272936,2022,128,1278,251,3801764,3801610,1204,118,127,140,212,5769814,3640497,93,183,2428,288,351,0,139,0,897,6817510,3644,0,719,6,1,4,154,1,4,158,2,2,1,6
11102.1,1625175045377,50.012018626,1,0,0,5,10,4,5,136,2,0,0,0,0,76,5665119,0,26,0,63,25047,2315829,51380,0,1,226677,177697,49391,49821,9589,1364,9591,819,58,1036,1036,937,18917,6578,20819481,2008,130,1266,250,3766615,3766448,1197,118,129,143,216,5664726,3604312,94,185,2413,286,355,0,142,0,893,6705686,3683,0,742,6,1,4,160,1,4,164,2,2,1,6
11152.1,1625175102539,50.011932899,1,0,0,5,10,4,5,128,2,0,0,0,0,83,5768478,0,30,0,62,16385,2381747,52738,0,1,226592,177544,48842,49230,9453,1489,9468,1071,188,1036,1036,936,18662,6487,21295086,2008,126,1269,249,3801216,3801066,1271,118,125,138,212,5768094,3639390,95,182,2521,283,420,0,139,0,889,6816881,3810,0,779,6,1,4,148,1,4,152,2,2,1,6
11202.1,1625175159647,50.011710402,1,0,0,5,10,4,5,128,2,0,0,0,0,43,5675169,0,28,0,60,4790,2268531,52308,0,1,224320,175771,48830,49296,9469,1488,9459,945,183,1024,1024,925,18656,6484,20864182,1984,126,1258,249,3817815,3817655,1254,118,125,139,212,5674866,3657154,95,182,2496,284,423,0,138,0,878,6739688,3868,0,776,6,1,4,152,1,4,156,2,2,1,6
11252.1,1625175216707,50.011897906,1,0,0,5,10,4,5,128,2,0,0,0,0,54,5675366,0,32,0,62,15950,2301776,52493,0,1,227446,178223,49621,50028,9683,1177,9651,567,202,1078,1078,968,18973,6657,20947867,2038,127,1277,252,3789299,3789150,1299,120,126,139,214,5674962,3626093,96,183,2559,289,447,11,139,2,920,6806666,3875,0,781,6,1,4,156,1,4,160,2,2,1,6
11302.1,1625175273857,50.011263696,1,0,0,5,10,4,5,128,2,0,0,0,0,43,5711665,0,32,0,63,11402,2317092,50927,0,1,224660,175979,45774,45897,8943,837,8654,441,191,1025,1025,932,17086,6089,21132961,1994,120,1262,223,3803064,3802915,1263,118,119,135,201,5710606,3645120,91,174,2518,291,426,0,130,0,880,6849408,3817,0,755,6,1,4,137,1,4,141,2,2,1,6
11352.1,1625175330549,50.010973028,1,0,0,5,10,4,5,128,2,0,0,0,0,55,5771258,0,25,1,62,6347,2381674,52396,0,1,226392,177258,45389,45824,8892,1403,8909,819,171,1032,1032,925,16981,6112,21386685,2008,120,1271,251,3799138,3799000,1258,118,119,131,199,5770953,3640783,90,175,2506,288,415,0,130,0,882,6894749,3807,0,762,6,1,4,145,1,4,149,2,2,1,6
11402.1,1625175387862,50.011305847,1,0,0,5,10,4,5,136,2,0,0,0,0,52,5710635,0,27,1,65,6500,2342223,52581,0,1,228962,179302,47974,48408,9455,860,9451,378,189,1035,1035,935,18168,6472,21130514,2014,128,1283,250,3784103,3783943,1273,118,127,140,212,5710316,3622409,94,184,2537,288,426,0,140,0,889,6803735,3824,0,772,6,1,4,154,1,4,158,2,2,1,6
11452.1,1625175444700,50.011982886,1,0,0,5,10,4,5,136,2,0,0,0,0,58,5598749,0,27,2,61,5267,2210998,51991,0,1,228618,179118,49440,49859,9624,1558,9619,1008,195,1041,1041,930,18910,6583,20475001,2018,130,1280,249,3805198,3805041,1283,118,129,142,216,5598405,3641729,95,186,2544,282,426,0,142,0,886,6599482,3856,0,788,6,1,4,152,1,4,156,2,2,1,6
11502.1,1625175501579,50.011453264,1,0,0,15,30,14,15,872,4,0,0,0,0,258,5494921,0,74,3,93,12483,2201599,54334,29,2,226278,176835,103536,104629,47064,26832,47236,25767,155,1038,1038,938,67107,40664,20192832,2012,291,1243,327,3743236,3742889,1244,126,291,339,421,5494587,3543527,211,389,2634,344,563,15,336,3,875,6395359,4046,0,850,17,3,13,360,8,14,374,9,8,5,17
11552.1,1625175558369,50.011764161,1,0,0,5,10,4,5,180,2,0,0,0,0,89,5794012,0,32,1,64,4152,2428971,52577,0,1,227435,178248,49746,50138,9781,1434,9774,882,58,1081,1081,971,19267,6751,21519599,2043,130,1271,251,3780952,3780792,1215,118,130,145,218,5793703,3618253,95,186,2442,284,372,11,145,2,924,7189521,3738,0,718,8,1,4,154,1,4,158,8,2,1,10
11602.1,1625175615266,50.011915269,1,0,0,5,10,4,5,136,2,0,0,0,2,66,5503206,0,36,1,65,5396,2098431,52142,0,1,228950,179382,47779,48248,9410,1421,9420,819,58,1041,1041,947,18118,6453,19762771,2026,128,1281,251,3820532,3820376,1206,118,127,139,212,5502861,3659341,93,183,2438,287,350,0,139,0,895,6489109,3696,0,710,8,1,4,148,1,4,152,8,2,1,10
11652.1,1625175672443,50.010781851,1,0,0,5,10,4,5,136,2,0,0,0,0,69,5715653,0,26,1,61,3697,2302924,52365,0,1,224839,176183,47657,48103,9406,1419,9409,882,58,1028,1028,923,18138,6469,21012820,2000,128,1261,251,3824127,3823968,1193,118,127,139,212,5714706,3665067,93,183,2399,288,348,0,139,0,880,6845957,3700,0,708,8,1,4,155,1,4,159,8,2,1,10
11702.1,1625175729032,50.011483427,1,0,0,5,10,4,5,136,2,0,0,0,0,95,5757109,0,26,1,63,21486,2393001,52467,0,1,230166,180256,47946,48405,9440,1805,9421,1197,195,1044,1044,943,18126,6455,21417159,2032,128,1287,251,3785425,3785271,1286,119,127,139,212,5756794,3623283,94,184,2554,288,427,0,140,0,901,6884785,3866,0,757,8,1,4,153,1,4,157,8,2,1,10
11752.1,1625175786083,50.011945578,1,0,0,5,10,4,5,144,2,0,0,0,0,59,5653178,0,28,0,63,9716,2311988,52027,0,1,227266,178069,49895,50316,9753,1377,9756,819,172,1039,1039,928,19164,6671,20918876,2013,134,1272,250,3757907,3757738,1264,118,133,146,220,5652835,3594758,95,190,2526,287,427,0,146,0,882,6638178,3817,0,757,8,1,4,157,1,4,161,8,2,1,10
11802.1,1625175842726,50.011644974,1,0,0,5,10,4,5,136,2,0,0,0,0,79,5813097,0,42,0,63,14600,2436000,53787,0,1,229244,179619,49900,50311,9813,2007,9828,1386,148,1087,1087,988,19300,6765,21658782,2056,130,1284,251,3796013,3795858,1269,118,130,144,218,5812751,3631973,96,187,2563,286,445,11,144,2,929,7053379,3845,0,744,8,1,4,151,1,4,155,8,2,1,10
11852.1,1625175899564,50.012340877,1,0,0,5,10,4,5,136,2,0,0,0,0,66,5793252,0,37,0,61,13634,2423160,53124,0,1,229509,179791,49200,49724,9602,1435,9597,945,138,1042,1042,947,18909,6578,21599866,2020,130,1282,249,3788293,3788126,1244,118,129,143,216,5792890,3624643,95,186,2531,284,429,0,143,0,891,6950941,3840,0,743,8,1,4,161,1,4,165,8,2,1,10
11902.1,1625175956890,50.011617515,1,0,0,5,10,4,5,136,2,0,0,0,0,57,5816493,0,26,0,65,12570,2445641,53521,0,1,225353,176460,47762,48192,9447,1867,9443,1323,189,1021,1021,921,18132,6454,21558784,1986,128,1266,250,3784713,3784559,1259,117,127,140,212,5816082,3625148,95,185,2514,285,435,0,140,0,877,7083523,3842,0,775,7,1,4,160,1,4,164,7,2,1,9
11952.1,1625176013724,50.011470923,1,0,0,5,10,4,5,136,2,0,0,0,0,67,5807793,0,35,1,56,5944,2448373,53707,0,1,227947,178512,47925,48356,9445,1679,9445,1323,166,1035,1035,943,18158,6446,21598336,2013,127,1278,251,3775099,3774937,1260,118,127,140,211,5807501,3614101,94,184,2537,291,425,0,140,0,888,7177947,3846,0,764,8,1,4,144,1,4,148,8,2,1,10
12002.1,1625176071019,50.011675216,1,0,0,5,10,4,5,136,2,0,0,0,0,78,5724910,0,36,0,60,14901,2362400,52672,0,1,225726,176783,47899,48337,9445,1743,9442,1071,162,1029,1029,936,18135,6461,21069844,2002,128,1267,251,3774041,3773883,1250,118,127,139,212,5724552,3613991,94,184,2526,289,434,0,140,0,883,6846402,3810,0,763,8,1,4,149,1,4,153,8,2,1,10
12052.1,1625176128082,50.011724355,1,0,0,5,10,4,5,152,2,0,0,0,0,87,5774141,0,37,0,60,19198,2417073,52604,0,1,224139,175510,47551,47941,9544,1622,9576,1071,185,1068,1068,963,18178,6567,21371174,2026,133,1262,253,3769116,3768963,1275,117,132,143,213,5773752,3609956,92,189,2560,294,467,11,144,2,909,6867304,3853,0,779,8,1,4,158,1,4,162,8,2,1,10
12102.1,1625176185456,50.011740944,1,0,0,5,10,4,5,144,2,0,0,0,0,56,5705329,0,26,0,61,11626,2376314,52614,0,1,226538,177579,49611,50068,9717,1435,9713,882,58,1034,1034,934,19156,6663,21172583,2004,134,1266,249,3744447,3744290,1194,118,133,148,220,5705065,3582125,94,189,2399,281,348,0,147,0,890,6877316,3688,0,745,8,1,4,159,1,4,163,8,2,1,10
12152.1,1625176242162,50.012094363,1,0,0,6,14,5,8,379,3,0,0,0,0,108,5860605,0,35,2,70,16220,2509110,53889,1,2,225046,176267,62065,61891,12769,2097,12269,882,65,1075,1075,973,26276,9113,21923145,2085,164,1250,277,3772266,3772075,1242,123,160,179,270,5860310,3602402,114,222,2589,294,543,2,181,0,926,7003792,3883,0,848,9,1,5,190,2,5,195,9,2,1,11
12202.1,1625176299217,50.012377324,1,0,0,5,10,4,5,144,2,0,0,0,0,79,5787684,0,28,1,62,6984,2439848,53988,0,1,227609,178376,51967,52475,10234,1904,10265,1449,208,1068,1068,997,20409,7039,21536578,2072,138,1273,249,3767339,3767166,1311,118,137,153,229,5787418,3602100,101,198,2615,283,478,0,152,0,951,6855632,3993,0,871,8,1,4,164,1,4,168,8,2,1,10
12252.1,1625176356780,50.011385240,1,0,0,5,10,4,5,136,2,0,0,0,0,59,5678060,0,25,1,66,6109,2310364,52507,0,1,228371,178840,48021,48476,9483,1426,9481,756,136,1032,1032,928,18158,6468,20873179,2007,128,1278,251,3782279,3782116,1241,118,127,139,212,5677710,3620527,94,184,2504,288,422,0,140,0,887,6942689,3797,0,760,8,1,4,154,1,4,158,8,2,1,10
12302.1,1625176413860,50.011591920,1,0,0,5,10,4,5,144,2,0,0,0,0,71,5782666,0,27,1,66,22593,2431920,53587,0,1,228425,178877,48476,48915,9618,1245,9612,693,189,1033,1033,935,18434,6542,21491412,2010,131,1283,251,3769903,3769741,1271,118,131,143,214,5782575,3608235,93,187,2535,290,435,0,142,0,890,6955065,3855,0,787,7,1,4,157,1,4,161,7,2,1,9
12352.1,1625176470898,50.012141720,1,0,0,5,10,4,5,134,2,0,0,0,0,64,5837907,0,36,1,64,23041,2480398,52906,0,1,228364,178792,46277,46787,9116,1038,9252,567,190,1058,1058,961,17456,6269,21789359,2028,125,1280,251,3772062,3771915,1283,118,124,136,206,5837743,3612154,91,180,2562,289,444,7,136,2,907,6949228,3904,0,781,8,1,4,151,1,4,155,8,2,1,10
12402.1,1625176527804,50.012487797,1,0,0,5,10,4,5,136,2,0,0,0,0,55,5765769,0,26,0,63,7974,2438072,53012,0,1,226557,177420,47927,48422,9430,1364,9434,819,175,1023,1023,929,18173,6452,21523138,1990,127,1270,250,3740832,3740678,1255,118,127,140,212,5765394,3580683,94,184,2512,287,433,0,141,0,883,7012884,3900,0,775,7,1,4,148,1,4,152,7,2,1,9
12452.1,1625176584947,50.011367108,1,0,0,5,10,4,5,144,2,0,0,0,0,81,5805009,0,27,0,64,9831,2445133,53270,0,1,228130,178740,49866,50292,11201,3143,11201,2583,184,1038,1038,937,19153,8150,21628110,2012,134,1275,250,3776713,3776544,1271,119,133,147,220,5804015,3613054,95,190,2536,282,436,0,147,0,892,6912484,3837,0,791,8,1,4,165,1,4,169,8,2,1,10
12502.1,1625176642094,50.012152714,1,0,0,5,10,4,5,136,2,0,0,0,0,78,5727957,0,26,0,63,8954,2353613,52356,0,1,226838,177710,49287,49747,9642,1181,9637,567,176,1032,1032,929,18899,6583,21169160,2000,130,1270,249,3789966,3789805,1261,118,129,143,216,5727605,3627394,95,186,2525,283,437,0,142,0,883,6976879,3854,0,787,8,1,4,159,1,4,163,8,2,1,10
12552.1,1625176699353,50.011807440,1,0,0,5,10,4,5,136,2,0,0,0,0,84,5653626,0,26,0,62,17551,2291198,52209,0,1,226859,177736,49256,49683,9597,1495,9588,756,169,1033,1033,929,18905,6570,20884872,2002,130,1270,249,3778188,3778036,1253,118,129,142,216,5653354,3615755,95,186,2508,281,430,0,142,0,887,6871309,3807,0,777,8,1,4,159,1,4,163,8,2,1,10
12602.1,1625176756875,50.011718050,1,0,0,5,10,4,5,155,2,0,0,0,0,86,5740313,0,32,0,65,16340,2401877,53162,0,1,229656,179870,50418,50266,10028,1699,9866,1008,195,1088,1088,976,19263,6881,21314147,2066,134,1284,253,3759137,3758972,1307,118,133,144,219,5739932,3595327,95,188,2608,297,469,11,147,2,925,7113167,3913,0,790,8,1,4,158,1,4,162,8,2,1,10
12652.1,1625176813388,50.012933343,1,0,0,14,28,14,14,916,3,0,0,0,0,287,5669189,0,86,0,80,13627,2408460,55178,29,2,228483,178586,102555,103636,46998,26952,47146,25704,76,1048,1048,955,66399,40577,21176381,2039,290,1255,329,3715568,3715215,1219,123,289,337,417,5668824,3516698,210,385,2576,348,476,15,335,3,884,6849082,3891,0,788,11,2,11,368,6,12,380,11,2,1,12
12702.1,1625176870199,50.012733069,1,0,0,5,10,4,5,130,2,0,0,0,0,69,5804862,0,26,0,65,9930,2455359,53703,0,1,224847,176197,47900,48342,9433,1796,9473,1071,58,1026,1026,922,18169,6468,21499030,1996,128,1261,251,3760686,3760527,1191,118,127,139,212,5804572,3601543,93,183,2397,290,348,0,139,0,876,7121856,3710,0,724,8,2,5,148,1,4,152,8,7,5,12
12752.1,1625176927583,50.012675711,1,0,0,5,10,4,5,144,2,0,0,0,0,75,5836818,0,31,1,62,13879,2497217,53816,0,1,225028,176276,49520,49978,9714,1439,9702,1008,184,1022,1022,920,19036,6671,21701023,1984,134,1261,249,3751179,3751012,1257,118,133,146,219,5836409,3589965,95,190,2507,281,433,0,146,0,876,7200589,3836,0,776,8,1,4,154,1,4,158,8,2,1,10
12802.1,1625176984577,50.012427677,1,0,0,5,10,4,5,136,2,0,0,0,0,59,5891750,0,27,1,60,13481,2566170,53391,0,1,227564,178290,49333,49766,9605,1370,9615,882,176,1034,1034,929,18892,6593,22097012,2004,130,1274,249,3743276,3743122,1259,118,129,142,216,5891469,3580401,95,186,2517,281,433,0,142,0,886,6965548,3830,0,750,8,1,4,158,1,4,162,8,2,1,10
