time,timestamp,seconds,connectivity,alarmtimer:alarmtimer_fired,alarmtimer:alarmtimer_start,block:block_bio_backmerge,block:block_bio_remap,block:block_dirty_buffer,block:block_getrq,block:block_touch_buffer,block:block_unplug,cachefiles:cachefiles_create,cachefiles:cachefiles_lookup,cachefiles:cachefiles_mark_active,clk:clk_set_rate,cpu-migrations,cs,dma_fence:dma_fence_init,fib:fib_table_lookup,filemap:mm_filemap_add_to_page_cache,gpio:gpio_value,ipi:ipi_raise,irq:irq_handler_entry,irq:softirq_entry,jbd2:jbd2_handle_start,jbd2:jbd2_start_commit,kmem:kfree,kmem:kmalloc,kmem:kmem_cache_alloc,kmem:kmem_cache_free,kmem:mm_page_alloc,kmem:mm_page_alloc_zone_locked,kmem:mm_page_free,kmem:mm_page_pcpu_drain,mmc:mmc_request_start,net:net_dev_queue,net:net_dev_xmit,net:netif_rx,page-faults,pagemap:mm_lru_insertion,preemptirq:irq_enable,qdisc:qdisc_dequeue,random:get_random_bytes,random:mix_pool_bytes_nolock,random:urandom_read,raw_syscalls:sys_enter,raw_syscalls:sys_exit,rpm:rpm_resume,rpm:rpm_suspend,sched:sched_process_exec,sched:sched_process_free,sched:sched_process_wait,sched:sched_switch,sched:sched_wakeup,signal:signal_deliver,signal:signal_generate,skb:consume_skb,skb:kfree_skb,skb:skb_copy_datagram_iovec,sock:inet_sock_set_state,task:task_newtask,tcp:tcp_destroy_sock,tcp:tcp_probe,timer:hrtimer_start,timer:timer_start,udp:udp_fail_queue_rcv_skb,workqueue:workqueue_activate_work,writeback:global_dirty_state,writeback:sb_clear_inode_writeback,writeback:wbc_writepage,writeback:writeback_dirty_inode,writeback:writeback_dirty_inode_enqueue,writeback:writeback_dirty_page,writeback:writeback_mark_inode_dirty,writeback:writeback_pages_written,writeback:writeback_single_inode,writeback:writeback_write_inode,writeback:writeback_written
50.0112,1625075070509,50.011216125,1,0,0,6,16,6,10,138,2,0,0,0,2,62,6026740,0,47,3,73,13816,2532676,51627,5,2,235534,184511,49192,50455,9751,1492,10244,1197,68,1063,1063,967,18875,6713,22416543,2070,129,1308,2811,3921839,3921678,1230,119,128,145,221,6026637,3753768,101,195,2538,288,418,4,141,1,902,7494682,3593,0,750,4,2,7,171,2,2,173,2,4,3,4
100.022,1625075127226,50.011265230,1,0,0,5,10,4,5,136,2,0,0,0,0,75,5583495,0,51,1,62,25144,2183386,49996,0,1,233195,182693,46821,47303,9441,1673,9437,1008,58,1062,1062,959,18130,6458,20426185,2068,128,1301,2811,3828097,3827936,1227,118,127,141,212,5583125,3663453,93,183,2494,289,348,0,139,0,889,6927969,3534,0,726,6,1,4,151,1,4,155,2,2,1,6
150.033,1625075184145,50.011424230,1,0,0,5,10,4,5,136,2,0,0,0,0,76,5793424,0,35,1,62,11424,2343700,51137,0,1,231927,181594,46714,47163,9402,1682,9384,1197,173,1045,1045,938,18100,6449,21306623,2034,129,1297,2809,3868410,3868251,1272,117,127,140,212,5793040,3704196,94,184,2557,281,429,0,141,0,887,7141557,3640,0,769,6,1,4,150,1,4,154,2,2,1,6
200.045,1625075240922,50.011819947,1,0,0,5,10,4,5,136,2,0,0,0,0,57,5775541,0,36,1,62,6105,2362724,51041,0,1,232679,182152,47320,48146,9569,1747,9559,1008,170,1052,1052,939,18730,6569,21329673,2044,129,1300,2809,3833743,3833590,1277,118,129,143,214,5775258,3669259,95,186,2566,281,431,0,141,0,887,7134400,3658,0,763,6,1,4,151,1,4,155,2,2,1,6
250.056,1625075298203,50.011095749,1,0,0,5,10,4,5,136,2,0,0,0,0,80,5705099,0,42,1,65,19367,2312026,51623,0,1,234512,183718,48875,49293,9793,1505,9782,882,200,1108,1108,990,19228,6751,20996810,2098,131,1311,2811,3818871,3818715,1325,118,130,143,218,5704702,3650935,96,187,2645,286,464,11,144,2,933,7022557,3691,0,784,6,1,4,148,1,4,152,2,2,1,6
300.068,1625075355104,50.011591779,1,0,0,5,10,4,5,144,2,0,0,0,0,75,5746522,0,40,1,61,12552,2366221,52466,0,1,234739,183836,48772,49229,9734,1131,9740,630,204,1070,1070,961,19091,6672,21238725,2076,134,1308,2811,3809570,3809412,1315,118,133,149,220,5746186,3641512,96,191,2637,289,459,0,147,0,905,7167301,3708,0,796,6,1,4,149,1,4,153,2,2,1,6
350.079,1625075412375,50.011024064,1,0,0,5,10,4,5,136,2,0,0,0,0,69,5771587,0,33,1,62,8308,2396894,52364,0,1,234250,183489,48159,48607,9584,1183,9609,756,187,1071,1071,957,18845,6573,21403301,2078,130,1305,2811,3798951,3798791,1306,120,129,142,216,5770623,3631611,95,186,2611,290,439,0,142,0,905,7219583,3663,0,770,6,1,4,156,1,4,160,2,2,1,6
400.091,1625075469482,50.011644624,1,0,0,5,10,4,5,136,2,0,0,0,0,60,5774659,0,36,1,61,18712,2399577,51502,0,1,233908,183113,46776,47208,9407,1555,9404,1008,213,1057,1057,948,18132,6451,21434055,2058,128,1307,2811,3799989,3799838,1311,116,127,141,212,5774248,3635088,94,184,2614,290,448,0,141,0,894,7193361,3682,0,793,6,1,4,150,1,4,154,2,2,1,6
450.103,1625075526308,50.011940654,1,0,0,5,10,4,5,136,2,0,0,0,0,64,5717104,0,41,1,68,10390,2348472,51739,0,1,232923,182361,46748,47145,10898,3003,10912,2268,195,1053,1053,943,18168,7938,21122526,2050,128,1301,2811,3790320,3790168,1295,118,127,140,212,5716677,3626132,94,184,2591,286,432,0,140,0,883,7084956,3695,0,797,6,1,4,152,1,4,156,2,2,1,6
500.115,1625075583291,50.011895851,1,0,0,5,10,4,5,136,2,0,0,0,0,66,5490872,0,52,1,63,6651,2134573,51937,0,1,234236,183374,47296,47742,9618,1181,9608,756,201,1101,1101,996,18516,6621,20025133,2092,129,1308,2811,3782089,3781935,1320,117,128,141,214,5490545,3616405,96,186,2653,285,473,11,141,2,927,6638890,3701,0,781,6,1,4,158,1,4,162,2,2,1,6
550.126,1625075640181,50.010942562,1,0,0,5,10,4,5,136,2,0,0,0,0,64,5757537,0,85,1,63,10339,2389205,52880,0,1,234341,183669,47983,48392,9595,1181,9595,567,58,1062,1062,1000,18857,6575,21397191,2060,130,1309,2809,3794689,3794535,1223,118,129,143,216,5757261,3628362,94,185,2517,282,346,0,143,0,896,7061314,3618,0,698,6,1,4,155,1,4,159,2,2,1,6
600.138,1625075697154,50.011841035,1,0,0,5,10,4,5,136,2,0,0,0,0,84,5820765,0,83,1,64,16921,2398735,52520,0,1,231195,181228,48013,48429,9575,1557,9563,819,58,1049,1049,990,18886,6560,21612104,2034,130,1290,5369,3843434,3843282,1210,118,129,142,216,5820366,3676219,94,185,2487,280,345,0,142,0,891,7162919,3607,0,711,6,1,4,155,1,4,159,2,2,1,6
650.151,1625075754086,50.012933569,1,0,0,6,12,5,6,182,2,0,0,0,0,118,5633452,0,81,0,69,7027,2305890,53236,0,1,233815,183124,59355,60428,12402,1899,14212,3150,122,1061,1061,995,28756,8775,20660143,2058,160,1299,2813,3762805,3762608,1264,118,159,176,243,5633195,3588693,107,216,2621,293,448,0,171,0,893,6936294,3723,0,755,6,1,5,168,4,5,173,2,3,2,6
700.163,1625075811194,50.011880227,1,0,0,5,10,4,5,136,2,0,0,0,0,74,5861535,0,27,0,61,8503,2458654,53047,0,1,233719,182949,46857,47297,9412,1808,9430,1134,190,1061,1061,942,18118,6453,21723000,2066,128,1306,2811,3825031,3824883,1306,118,127,141,212,5861281,3659862,95,185,2612,288,459,0,142,0,898,7341945,3650,0,757,6,1,4,146,1,4,150,2,2,1,6
750.175,1625075868325,50.011938442,1,0,0,5,10,4,5,136,2,0,0,0,0,87,5732717,0,28,0,62,18046,2360826,52967,0,1,233976,183158,46823,47255,9429,1554,9436,882,203,1063,1063,937,18110,6443,20959870,2070,127,1308,2811,3796066,3795922,1314,118,127,140,212,5732418,3630562,95,185,2621,289,455,0,140,0,891,7183737,3673,0,770,6,1,4,153,1,4,157,2,2,1,6
800.187,1625075925229,50.011764209,1,0,0,5,10,4,5,144,2,0,0,0,0,71,5715652,0,37,0,64,21444,2355655,51911,0,1,233944,183113,45792,46214,9407,1804,9412,1323,190,1105,1105,977,17868,6470,21095826,2100,129,1312,2811,3786156,3786002,1318,120,128,139,209,5715346,3621606,91,184,2624,284,453,11,139,2,926,7117069,3689,0,781,6,1,4,141,1,4,145,2,2,1,6
850.199,1625075981921,50.011810809,1,0,0,5,10,4,5,136,2,0,0,0,0,58,5764486,0,26,0,67,10426,2344838,52822,0,1,231731,181405,46556,46985,9399,1614,9394,1071,199,1045,1045,924,18170,6452,21136110,2034,128,1297,2809,3838426,3838270,1285,118,127,140,212,5764123,3674383,94,184,2570,282,444,0,140,0,881,7204122,3615,0,786,6,1,4,158,1,4,162,2,2,1,6
900.211,1625076039317,50.011953189,1,0,0,5,10,4,5,136,2,0,0,0,0,57,5756826,0,27,0,62,10826,2379807,51971,0,1,233151,182625,48060,48449,9604,1561,9583,1071,184,1058,1058,946,18861,6573,21307667,2051,130,1301,2809,3799863,3799711,1295,118,129,142,216,5756467,3633407,95,186,2583,283,437,0,143,0,900,7204348,3666,0,789,6,1,4,154,1,4,158,2,2,1,6
950.223,1625076096356,50.011748851,1,0,0,5,10,4,5,136,2,0,0,0,0,47,5644845,0,27,0,61,8420,2259778,51417,0,1,233136,182611,48191,48615,9628,1499,9640,756,198,1060,1060,938,18860,6569,20794643,2056,129,1300,2810,3807690,3807538,1295,119,129,144,216,5644474,3641160,95,186,2580,285,437,0,144,0,895,6937828,3660,0,775,6,1,4,152,1,4,156,2,2,1,6
1000.23,1625076153551,50.011783730,1,0,0,5,10,4,5,136,2,0,0,0,0,58,5785335,0,26,0,60,14741,2412009,52487,0,1,231225,181136,48246,48796,9614,1307,9606,945,209,1054,1054,934,18884,6561,21567975,2044,130,1291,2811,3795116,3794959,1300,118,129,143,216,5785063,3629534,95,186,2578,290,439,0,142,0,889,7177900,3644,0,782,6,1,4,159,1,4,163,2,2,1,6
1050.24,1625076210135,50.011653036,1,0,0,5,10,4,5,128,2,0,0,0,0,89,5557124,0,32,0,61,8711,2221088,52056,0,1,234097,183293,46905,47375,9460,1612,9497,1008,175,1107,1107,972,18243,6535,20444036,2102,124,1312,2813,3761201,3761044,1311,120,124,136,210,5556140,3595722,95,181,2617,293,449,11,136,2,924,6815111,3662,0,769,6,1,4,155,1,4,159,2,2,1,6
1100.25,1625076267323,50.012967648,1,0,0,5,10,4,5,128,2,0,0,0,0,84,5918089,0,26,0,61,9320,2522387,53189,0,1,232241,181913,46019,46493,9253,1412,9251,819,58,1053,1053,935,17888,6359,22088550,2050,124,1298,2810,3816521,3816375,1218,118,123,136,208,5917868,3653146,93,179,2444,286,342,0,135,0,888,7462023,3469,0,718,6,1,4,157,1,4,161,2,2,1,6
1150.26,1625076324142,50.012007478,1,0,0,5,10,4,5,136,2,0,0,0,0,59,5742731,0,29,0,60,22547,2399800,51905,0,1,233644,183014,46414,46606,9409,1925,9403,1386,58,1056,1056,949,18094,6459,21389520,2056,128,1304,2809,3769603,3769452,1220,118,127,133,212,5742378,3605244,93,183,2449,281,340,0,139,0,903,7154654,3471,0,722,6,1,4,153,1,4,157,2,2,1,6
1200.27,1625076381224,50.011822148,1,0,0,5,10,4,5,128,2,0,0,0,0,73,5597794,0,25,0,63,16998,2235226,52188,0,1,234320,183524,47542,47951,9444,1805,9454,1071,166,1067,1067,949,18620,6472,20550747,2070,126,1307,2809,3790049,3789901,1292,118,125,139,212,5597419,3623473,95,182,2577,284,422,0,139,0,903,6956472,3656,0,776,6,1,4,154,1,4,158,2,2,1,6
1250.28,1625076437906,50.011423651,1,0,0,5,10,4,5,144,2,0,0,0,0,68,5739038,0,30,0,62,7165,2378409,50205,0,1,234256,183486,48566,48968,9709,1505,9712,945,178,1068,1068,946,19094,6669,21302858,2072,133,1305,2810,3786189,3786036,1300,120,133,146,220,5738714,3618713,95,190,2598,287,441,0,146,0,898,7166661,3691,0,784,6,1,4,157,1,4,161,2,2,1,6
1300.29,1625076494587,50.011737884,1,0,0,5,10,4,5,128,2,0,0,0,0,78,5536211,0,33,0,62,8542,2148952,51033,0,1,234290,183512,48387,48769,9666,1558,9673,1134,178,1114,1114,987,19027,6658,20061274,2110,127,1310,2813,3812177,3812024,1316,118,126,140,214,5535763,3644628,97,184,2640,294,472,11,140,2,936,6839501,3701,0,760,6,1,4,154,1,4,158,2,2,1,6
1350.3,1625076551365,50.011175745,1,0,0,5,10,4,5,136,2,0,0,0,0,61,5600358,0,28,0,63,6566,2244419,51624,0,1,234007,183165,46732,47311,9456,1679,9448,1197,184,1059,1059,934,18132,6462,20607564,2062,129,1307,2811,3780907,3780749,1296,118,127,141,212,5599927,3615695,95,185,2606,289,456,0,140,0,890,6893752,3605,0,766,6,1,4,148,1,4,152,2,2,1,6
1400.31,1625076608348,50.011341519,1,0,0,5,10,4,5,136,2,0,0,0,0,84,5579456,0,26,0,62,10586,2200703,51313,0,1,231946,181584,46614,47002,9391,1175,9403,630,195,1051,1051,932,18105,6461,20375589,2046,128,1297,2810,3799918,3799774,1296,118,127,140,212,5579136,3636061,94,184,2576,285,432,0,141,0,888,6894233,3634,0,777,6,1,4,153,1,4,157,2,2,1,5
1450.32,1625076665217,50.011466303,1,0,0,5,10,4,5,136,2,0,0,0,0,67,5708657,0,39,0,61,19047,2330915,52098,0,1,233377,182704,46591,46995,9413,1427,9405,1008,177,1054,1054,948,18149,6447,21157906,2052,127,1304,2809,3804067,3803906,1289,118,127,139,212,5708323,3639779,94,184,2591,284,436,0,139,0,889,7131470,3690,0,759,8,1,4,157,1,4,161,8,2,1,10
1500.33,1625076721984,50.011961552,1,0,0,5,10,4,5,136,2,0,0,0,0,78,5960166,0,26,0,62,8964,2601391,51735,0,1,233516,182779,46612,47059,9407,1616,9407,1008,219,1054,1054,934,18153,6465,22461400,2051,128,1307,2809,3782608,3782457,1312,118,127,140,212,5959878,3618061,95,185,2606,282,450,0,141,0,891,7641395,3679,0,776,8,1,4,158,1,4,162,8,2,1,10
1550.34,1625076778506,50.012737686,1,0,0,5,10,4,5,144,2,0,0,0,0,85,5751324,0,26,0,62,16328,2344363,52690,0,1,233970,183271,48646,49016,9738,1570,9733,945,172,1069,1069,943,19128,6668,21268326,2074,134,1303,2810,3830341,3830178,1288,119,133,146,220,5751095,3663051,95,190,2580,288,425,0,147,0,896,7097667,3702,0,765,8,1,4,154,1,4,158,8,2,1,10
1600.35,1625076835713,50.011701119,1,0,0,5,10,4,5,138,2,0,0,0,0,81,5634392,0,42,0,61,12224,2281563,52507,0,1,234619,183901,48837,49294,9832,1685,9828,1323,58,1115,1115,994,19267,6748,20703317,2112,131,1309,2813,3781601,3781446,1253,118,130,143,218,5634088,3614037,95,186,2524,291,376,11,143,2,937,7002288,3622,0,733,8,1,4,154,1,4,158,8,2,1,10
1650.36,1625076892359,50.011401370,1,0,0,5,10,4,5,144,2,0,0,0,0,72,5846688,0,37,0,63,10900,2462809,52596,0,1,234325,183644,48635,49125,9733,1751,9752,1386,58,1071,1071,960,19095,6658,21739422,2078,134,1304,2811,3809833,3809679,1232,118,133,147,220,5846360,3642745,94,189,2495,289,357,0,146,0,902,7322372,3613,0,719,6,1,4,154,1,4,158,2,2,1,6
1700.37,1625076949686,50.010941830,1,0,0,5,10,4,5,136,2,0,0,0,0,54,5613761,0,27,0,65,6071,2238194,51323,0,1,234585,183650,46756,47233,9416,1051,9427,693,196,1066,1066,940,18123,6448,20603992,2076,128,1309,2811,3800543,3800386,1311,118,127,140,212,5612819,3635008,94,184,2614,288,444,0,141,0,897,6980862,3680,0,778,6,1,4,153,1,4,157,2,2,1,6
1750.38,1625077006243,50.011692025,1,0,0,5,10,4,5,161,2,0,0,0,0,75,5689695,0,28,0,63,6278,2403390,52003,0,1,234465,183557,48911,49319,9975,1645,9987,1197,189,1060,1060,937,19185,6818,21235750,2064,140,1308,2809,3717745,3717577,1298,118,139,153,227,5689270,3550857,96,197,2585,285,424,0,153,0,891,7172310,3673,0,773,6,1,4,151,1,4,155,2,2,1,5
1800.41,1625077063579,50.026808252,1,0,0,5,10,4,5,136,2,0,0,0,0,55,5727741,0,27,0,61,14597,2338207,51377,0,1,233758,182991,47194,47800,9558,1241,9527,693,184,1057,1057,935,18433,6565,21196715,2058,130,1306,2809,3813446,3813294,1288,119,129,139,213,5727379,3648182,94,184,2588,281,447,0,139,0,892,7195510,3656,0,769,8,1,4,149,1,4,153,8,2,1,10
1850.42,1625077119925,50.011658147,1,0,0,5,10,4,5,138,2,0,0,0,0,91,5487004,0,32,0,61,8091,2156765,51494,0,1,233834,183149,48781,49229,9760,1439,9772,1071,195,1108,1108,979,19285,6761,20026947,2098,131,1308,2811,3755451,3755291,1323,117,130,145,218,5486685,3588269,97,188,2640,287,470,11,144,2,928,6805559,3757,0,796,8,1,4,158,1,4,162,8,2,1,10
1900.43,1625077176960,50.010635117,1,0,0,5,10,4,5,136,2,0,0,0,0,69,5605386,0,26,0,60,8542,2219162,51627,0,1,234236,183484,48089,48511,9545,1496,9572,1008,182,1064,1064,947,18876,6572,20471638,2064,130,1305,2810,3810857,3810705,1291,118,129,142,216,5604985,3643955,95,186,2591,286,445,0,142,0,904,6976604,3632,0,786,8,1,4,153,1,4,157,8,2,1,10
1950.44,1625077234747,50.010764427,1,0,0,5,10,4,5,136,2,0,0,0,0,71,5743284,0,26,0,61,11008,2358476,52169,0,1,233498,182860,48234,48703,9652,1373,9628,630,209,1066,1066,943,18898,6572,21250417,2068,130,1302,5371,3812629,3812480,1312,118,129,145,216,5743017,3643630,96,187,2616,288,459,0,144,0,901,7125084,3686,0,798,8,1,4,154,1,4,158,8,2,1,10
2000.45,1625077291794,50.013229246,1,0,0,5,10,4,5,136,2,0,0,0,0,58,5648932,0,26,0,65,6650,2278212,51569,0,1,233909,183120,46769,47170,9449,1492,9454,882,196,1062,1062,940,18136,6469,20833982,2068,128,1307,2811,3794847,3794688,1304,118,127,140,212,5648513,3629846,94,184,2606,290,445,0,141,0,895,6987511,3701,0,795,8,1,4,151,1,4,155,8,2,1,10
2050.46,1625077348412,50.011667363,1,0,0,5,10,4,5,128,2,0,0,0,0,81,5726356,0,26,0,62,13002,2363720,51609,0,1,232354,181905,46222,46618,10787,2804,10787,2205,194,1052,1052,933,17928,7838,21223917,2048,124,1300,2811,3784795,3784648,1291,118,123,136,208,5726031,3621089,94,180,2570,285,431,0,136,0,890,7156003,3596,0,769,8,1,4,157,1,4,161,8,2,1,10
2100.47,1625077405748,50.012058545,1,0,0,5,10,4,5,128,2,0,0,0,0,61,5734810,0,35,0,61,25903,2370130,51629,0,1,232626,182130,46776,47193,9500,1675,9521,1071,200,1102,1102,980,18296,6547,21187887,2094,125,1304,2811,3795215,3795063,1318,119,124,136,210,5734497,3630771,95,181,2620,287,454,11,136,2,928,7178326,3663,0,797,8,1,4,157,1,4,161,8,2,1,10
2150.48,1625077462669,50.012297435,1,0,0,5,10,4,5,144,2,0,0,0,0,74,5730837,0,28,1,66,9760,2392512,52151,0,1,234073,183343,46911,47374,9550,1427,9552,756,58,1062,1062,936,18402,6543,21193852,2068,132,1306,2809,3766858,3766701,1227,118,131,143,216,5730501,3601786,93,187,2466,281,342,0,143,0,891,7151918,3528,0,756,8,1,4,147,1,4,151,8,2,1,10
2200.49,1625077519706,50.011589661,1,0,0,5,10,4,5,144,2,0,0,0,0,72,5595016,0,34,2,61,8850,2255609,51014,0,1,234597,183856,48515,48944,9727,1499,9721,1008,58,1071,1071,954,19147,6664,20659483,2077,134,1306,2810,3766784,3766615,1232,118,133,146,220,5594700,3599529,94,189,2486,286,350,0,146,0,902,6939928,3479,0,744,8,1,4,148,1,4,152,8,2,1,10
2250.5,1625077576615,50.011811415,1,0,0,5,10,4,5,136,2,0,0,0,0,61,5655410,0,26,2,61,16033,2271107,51810,0,1,234887,183986,48163,48608,9621,1562,9620,819,184,1069,1069,944,18868,6588,20834064,2074,130,1309,2810,3812297,3812142,1302,118,129,143,216,5655044,3645100,95,186,2602,286,438,0,143,0,901,6991805,3641,0,799,8,1,4,153,1,4,157,8,2,1,10
2300.51,1625077633444,50.011707700,1,0,0,5,10,4,5,140,2,0,0,0,0,64,5730739,0,28,2,62,5768,2369021,52262,0,1,234872,183976,48489,48790,9644,1313,9609,756,183,1071,1071,948,18994,6606,21233019,2078,132,1309,2811,3790441,3790280,1301,119,131,143,218,5730421,3622638,95,187,2603,291,435,0,145,0,901,7132640,3708,0,784,8,1,4,160,1,4,164,8,2,1,10
2350.52,1625077690261,50.011352580,1,0,0,5,10,4,5,128,2,0,0,0,0,60,5658868,0,30,2,66,12588,2274546,51421,0,1,232726,182197,46107,46540,9273,1796,9271,1260,195,1053,1053,935,17887,6357,20807790,2050,124,1301,2810,3807267,3807123,1299,118,123,135,208,5658578,3643404,94,180,2574,285,427,0,135,0,887,6998537,3678,0,786,8,1,4,148,1,4,152,8,2,1,10
2400.53,1625077747015,50.011826987,1,0,0,5,10,4,5,130,2,0,0,0,0,55,5744963,0,32,2,65,6147,2383858,51689,0,1,234308,183444,46825,47243,9530,1487,9536,819,197,1101,1101,977,18265,6556,21341319,2092,124,1309,2812,3787118,3786970,1317,118,124,136,210,5744645,3621780,95,181,2618,291,451,11,136,2,924,7148533,3717,0,787,8,1,4,149,1,4,153,8,2,1,10
2450.54,1625077804444,50.012410717,1,0,0,5,10,4,5,134,2,0,0,0,0,58,5654823,0,84,2,63,12719,2259051,50724,0,1,232735,182271,46628,46856,9439,1120,9404,567,190,1050,1050,1051,18117,6461,20794722,2044,127,1302,2809,3817804,3817657,1289,120,127,135,212,5654491,3653647,94,183,2587,390,438,0,139,0,888,7009073,3660,0,763,8,1,4,151,1,4,155,8,2,1,10
2500.55,1625077861251,50.011691846,1,0,0,5,10,4,5,136,2,0,0,0,0,57,5503348,0,32,2,63,13184,2229914,51367,0,1,235076,184113,48039,48466,9576,1561,9587,1260,217,1070,1070,957,18881,6575,20350466,2076,130,1311,2809,3721236,3721083,1318,119,129,143,216,5502936,3553556,95,186,2609,297,434,0,143,0,898,6777479,3708,0,788,8,1,4,147,1,4,151,8,2,1,10
2550.56,1625077917708,50.011442141,1,0,0,5,10,4,5,128,2,0,0,0,0,67,5573340,0,29,2,62,17679,2188731,50831,0,1,232922,182438,47646,48064,9397,1740,9395,1197,184,1063,1063,944,18625,6467,20437036,2061,126,1300,2810,3811775,3811617,1296,118,125,139,212,5572977,3645672,95,182,2583,289,433,0,139,0,897,6785233,3681,0,765,8,1,4,153,1,4,157,8,2,1,10
2600.57,1625077975035,50.011217903,1,0,0,5,10,4,5,128,2,0,0,0,0,67,5568840,0,25,2,62,23271,2184450,49906,0,1,233792,183122,47742,48180,9451,1363,9448,945,191,1066,1066,939,18651,6479,20355254,2067,126,1303,2811,3815656,3815496,1305,120,125,138,212,5568569,3648883,95,182,2598,289,441,0,138,0,897,6934643,3682,0,756,8,1,4,152,1,4,156,8,2,1,10
2650.58,1625078032157,50.010659448,1,0,0,5,10,4,5,130,2,0,0,0,0,63,5682036,0,38,2,63,16950,2370480,51206,0,1,229338,179696,46684,47111,9509,1669,9517,1071,58,1089,1089,978,18268,6540,21083166,2068,124,1286,2813,3737742,3737584,1227,118,124,136,210,5681155,3574956,94,180,2469,301,370,11,136,2,917,7138347,3505,0,714,8,1,4,151,1,4,155,8,2,1,10
2700.59,1625078089696,50.010232086,1,0,0,5,10,4,5,136,2,0,0,0,0,83,5846459,0,25,2,62,10919,2441898,52166,0,1,234192,183437,46442,46928,9405,1483,9421,1008,58,1060,1060,937,18102,6452,21758412,2064,128,1306,2810,3828696,3828535,1225,118,127,139,212,5845304,3663936,93,183,2466,284,348,0,139,0,895,7294744,3569,0,734,8,1,4,152,1,4,156,8,2,1,10
2750.6,1625078146741,50.011599091,1,0,0,5,10,4,5,136,2,0,0,0,0,65,5749351,0,26,2,58,22563,2393438,51908,0,1,233878,183101,46705,47173,9419,1363,9421,756,193,1061,1061,932,18133,6447,21268223,2066,128,1306,5370,3785449,3785293,1299,118,127,139,212,5748972,3617689,94,184,2598,287,437,0,139,0,886,7253425,3738,0,772,8,1,4,151,1,4,155,8,2,1,10
2800.62,1625078203577,50.016139988,1,0,0,5,10,4,5,136,2,0,0,0,0,55,5612484,0,26,2,61,11374,2217214,51532,0,1,232136,181740,46672,47447,9451,1806,9502,1386,177,1051,1051,930,18195,6464,20599957,2046,128,1299,2809,3816931,3816774,1285,118,127,140,212,5612127,3652930,94,184,2565,283,429,0,141,0,887,6918253,3662,0,764,8,1,4,153,1,4,157,8,2,1,10
2850.63,1625078260790,50.011959150,1,0,0,5,10,4,5,136,2,0,0,0,0,69,5853841,0,28,2,62,12218,2494768,52492,0,1,234463,183648,48203,48608,9585,1561,9567,1008,170,1065,1065,949,18885,6570,21853045,2066,130,1306,2810,3785494,3785338,1288,117,129,142,216,5853633,3618415,95,186,2584,288,433,0,142,0,901,7336081,3744,0,777,7,1,4,151,1,4,155,7,2,1,9
2900.64,1625078317752,50.011760379,1,0,0,5,10,4,5,136,2,0,0,0,0,78,5658990,0,32,2,60,15984,2276700,52797,0,1,234789,183858,46872,47322,9408,1614,9393,945,189,1115,1115,978,18393,6487,20641119,2112,127,1313,2812,3809693,3809541,1322,118,126,138,209,5658666,3643082,92,182,2642,289,463,11,138,2,930,7056023,3771,0,771,7,1,4,152,1,4,156,7,2,1,9
2950.65,1625078374358,50.013104360,1,0,0,5,11,4,6,128,2,0,0,0,0,90,5794687,0,27,2,67,13758,2464136,52343,0,1,234312,183523,47773,48188,9433,1365,9447,945,177,1070,1070,951,18637,6465,21581332,2075,126,1306,2811,3759098,3758947,1298,122,125,140,212,5794336,3592312,96,183,2595,291,441,0,140,0,903,7269175,3801,0,798,8,1,4,153,1,4,157,8,2,1,10
3000.66,1625078431449,50.011892244,1,0,0,5,10,4,5,144,2,0,0,0,0,58,5632781,0,28,1,62,15864,2278345,51078,0,1,233326,182674,47001,47539,9509,1620,9580,1323,183,1057,1057,928,18321,6512,20814657,2058,131,1303,2810,3779078,3778913,1291,118,129,143,214,5632487,3614047,94,187,2570,285,421,0,141,0,884,6990393,3761,0,803,8,1,4,156,1,4,160,8,2,1,10
3050.67,1625078488826,50.010600302,1,0,0,5,10,4,5,136,2,0,0,0,0,69,5741682,0,28,2,67,14242,2356200,51809,0,1,232967,182400,46573,46867,9402,1490,9422,945,217,1057,1057,933,18124,6462,21215343,2058,128,1301,2810,3807410,3807246,1314,120,127,141,212,5740627,3643135,94,184,2587,285,425,0,141,0,889,7181320,3803,0,789,8,1,4,151,1,4,155,8,2,1,10
3100.68,1625078545575,50.011631942,1,0,0,5,10,4,5,128,2,0,0,0,0,72,5634813,0,26,2,58,10212,2239605,51457,0,1,234552,183614,46092,46530,9278,1733,9264,1071,188,1059,1059,933,17882,6365,20555132,2062,124,1311,2809,3820560,3820404,1295,118,123,136,208,5634433,3655723,94,180,2574,284,417,0,136,0,887,6914894,3752,0,778,7,1,4,155,1,4,159,7,2,1,9
3150.69,1625078602502,50.011940823,1,0,0,5,10,4,5,136,2,0,0,0,0,85,5462464,0,29,2,61,17050,2078356,51570,0,1,234073,183324,48086,48546,9601,1810,9591,1197,183,1063,1063,939,18908,6568,19716890,2062,130,1309,2809,3810014,3809844,1297,118,129,142,216,5462022,3643050,95,186,2585,283,435,0,142,0,894,6681143,3675,0,788,8,1,4,153,1,4,157,8,2,1,10
3200.7,1625078659270,50.011531685,1,0,0,5,10,4,5,146,2,0,0,0,0,69,5713387,0,35,2,64,12469,2348401,52191,0,1,234924,184125,49266,49703,9953,1882,9957,1071,58,1116,1116,991,19493,6840,21183886,2114,135,1306,2812,3793596,3793435,1250,117,134,148,222,5713077,3625512,95,190,2523,291,376,11,147,2,938,7089824,3648,0,745,8,1,4,160,1,4,164,8,2,1,10
3250.71,1625078716453,50.011470150,1,0,0,5,10,4,5,136,2,0,0,0,0,58,5623918,0,26,2,61,15681,2251431,51107,0,1,234131,183483,48134,48558,9588,1553,9600,1008,58,1070,1070,941,18898,6579,20630154,2076,129,1304,2811,3800852,3800701,1231,117,129,143,216,5623507,3633849,94,185,2482,288,356,0,142,0,898,6947480,3596,0,733,8,1,4,150,1,4,154,8,2,1,10
3300.72,1625078773139,50.011604394,1,0,0,5,10,4,5,136,2,0,0,0,0,55,5789625,0,27,2,63,5359,2377523,52450,0,1,234130,183310,46823,47241,9411,923,9423,441,172,1066,1066,939,18153,6450,21484618,2076,128,1307,2811,3836158,3835995,1295,118,127,140,212,5789279,3671263,94,184,2602,291,435,0,139,0,892,7183028,3692,0,779,8,1,4,154,1,4,158,8,2,1,10
3350.73,1625078829440,50.011519938,1,0,0,5,10,4,5,136,2,0,0,0,0,90,5659714,0,26,2,62,14174,2284781,51692,0,1,233011,182430,46708,47123,9453,1555,9418,945,197,1056,1056,932,18149,6453,20815605,2056,127,1302,2810,3801623,3801470,1298,119,127,140,212,5659388,3637105,94,184,2583,284,433,0,140,0,890,7015411,3732,0,792,8,1,4,154,1,4,158,8,2,1,10
3400.74,1625078886400,50.011769127,1,0,0,5,10,4,5,136,2,0,0,0,0,75,5624227,0,27,2,62,5885,2262390,51505,0,1,233238,182592,46535,46990,9423,1424,9452,882,146,1055,1055,928,18122,6471,20740924,2054,128,1303,2809,3785457,3785310,1274,118,127,140,212,5624023,3621138,94,184,2557,283,421,0,139,0,882,6937830,3616,0,762,8,1,4,149,1,4,153,8,2,1,10
3450.75,1625078943535,50.010409676,1,0,0,5,10,4,5,146,2,0,0,0,0,54,5761982,0,34,2,63,3523,2388661,52151,0,1,234274,183376,45664,46132,9391,1426,9403,693,186,1102,1102,978,17856,6476,21433747,2094,129,1314,2811,3798030,3797870,1312,118,128,139,209,5761162,3633567,91,184,2617,285,450,11,139,2,927,7167096,3683,0,770,8,1,4,145,1,4,149,8,2,1,10
3500.76,1625079001396,50.011556985,1,0,0,5,10,4,5,136,2,0,0,0,0,36,5780462,0,27,2,63,10148,2399353,51803,0,1,234445,183622,48140,48583,9632,1687,9626,945,183,1065,1065,944,18890,6582,21441731,2066,130,1307,2810,3808525,3808372,1295,118,129,143,216,5780149,3641498,95,186,2588,287,432,0,143,0,898,7257510,3711,0,754,8,1,4,154,1,4,158,8,2,1,10
3550.77,1625079058921,50.010923050,1,0,0,5,10,4,5,136,2,0,0,0,0,62,5832189,0,28,1,67,15436,2439756,51720,0,1,232443,182074,48055,48532,9614,1749,9609,1008,201,1060,1060,943,18840,6573,21637446,2056,130,1297,2810,3815255,3815094,1301,118,129,142,216,5831288,3649356,95,186,2584,286,438,0,142,0,899,7315838,3706,0,780,8,1,4,148,1,4,152,8,2,1,10
3600.78,1625079115505,50.011540410,1,0,0,5,10,4,5,136,2,0,0,0,0,63,5918365,0,28,0,62,15432,2560599,53128,0,1,234445,183631,48286,48754,11117,2947,11121,2394,189,1068,1068,938,18936,8051,22237696,2071,130,1308,2812,3784889,3784729,1306,118,129,145,216,5918001,3617641,95,186,2590,289,426,0,144,0,894,7438542,3762,0,783,8,1,4,157,1,4,161,8,2,1,10
3650.79,1625079172247,50.011348971,1,0,0,5,10,4,5,136,2,0,0,0,0,75,5710058,0,26,0,66,19332,2323159,52079,0,1,232549,182081,46569,46994,9381,1236,9431,693,172,1053,1053,930,18125,6448,21063322,2049,128,1300,2810,3812038,3811881,1286,118,127,139,212,5709007,3647944,94,184,2570,286,428,0,139,0,886,7094680,3674,0,777,8,1,4,144,1,4,148,8,2,1,10
3700.8,1625079229870,50.011904820,1,0,0,5,10,4,5,130,2,0,0,0,0,47,5671610,0,32,0,63,3572,2306083,51722,0,1,234286,183526,46682,47116,9497,1479,9479,882,58,1102,1102,976,18298,6542,20923879,2094,125,1311,2812,3790215,3790053,1244,118,124,136,210,5671348,3625607,94,180,2491,288,365,11,136,2,928,7096182,3579,0,725,7,1,4,153,1,4,157,7,2,1,9
3750.81,1625079287306,50.011466453,1,0,0,5,10,4,5,128,2,0,0,0,0,57,5643313,0,27,1,65,25998,2251971,51508,0,1,232388,182027,45970,46416,9251,1348,9262,819,58,1057,1057,940,17871,6359,20650865,2058,124,1298,2810,3819445,3819297,1222,118,123,137,208,5642929,3655967,93,179,2454,286,341,0,135,0,893,6977446,3545,0,719,8,1,4,143,1,4,147,8,2,1,10
3800.82,1625079344447,50.011351729,1,0,0,5,10,4,5,128,2,0,0,0,0,62,5679467,0,27,1,63,11223,2306166,51535,0,1,234373,183465,46062,46507,9305,1357,9298,882,186,1053,1053,934,17884,6361,20941886,2050,124,1311,2809,3798248,3798102,1290,117,123,135,208,5679048,3633416,94,180,2569,283,426,0,136,0,890,7049756,3695,0,770,8,1,4,152,1,4,156,8,2,1,10
3850.83,1625079401480,50.011559034,1,0,0,5,10,4,5,136,2,0,0,0,0,51,5759471,0,27,1,61,8533,2385692,51434,0,1,233704,183055,48226,48529,9664,1499,9662,945,177,1062,1062,948,18926,6658,21423553,2060,130,1302,2810,3799873,3799707,1288,119,129,139,216,5759185,3633170,95,186,2585,288,437,0,144,0,901,7218566,3673,0,773,8,1,4,152,1,4,156,8,2,1,10
3900.84,1625079458259,50.011530402,1,0,0,5,10,4,5,128,2,0,0,0,0,56,5830109,0,26,1,60,8085,2434385,51615,0,1,232547,182136,47669,48105,9595,2056,9577,1575,191,1056,1056,940,18650,6584,21662820,2048,126,1299,2810,3817292,3817142,1290,118,125,139,212,5829692,3651713,95,182,2572,286,439,0,139,0,897,7295161,3695,0,768,8,1,4,154,1,4,158,8,2,1,10
3950.85,1625079515487,50.010799272,1,0,0,5,10,4,5,128,2,0,0,0,0,60,5642821,0,28,1,62,4797,2270466,51484,0,1,234776,183899,47686,48042,9433,1930,9447,1323,156,1068,1068,949,18623,6490,20822548,2072,126,1312,2811,3799044,3798885,1282,118,125,138,212,5641830,3631826,95,182,2578,291,428,0,138,0,902,6954832,3665,0,760,8,1,4,161,1,4,165,8,2,1,10
4000.86,1625079572327,50.011266469,1,0,0,5,10,4,5,144,2,0,0,0,0,67,5943887,0,28,1,64,10960,2559069,52516,0,1,233967,183160,47106,47579,9585,1749,9590,1071,195,1057,1057,939,18349,6556,22237235,2057,132,1307,2810,3809521,3809355,1299,118,131,144,216,5942875,3644186,95,189,2596,285,443,0,144,0,895,7474345,3691,0,797,8,1,4,149,1,4,153,8,2,1,10
4050.87,1625079629236,50.011911998,1,0,0,5,10,4,5,136,2,0,0,0,0,54,5713558,0,26,1,62,14126,2329603,52791,0,1,233962,183167,46674,47125,9417,1678,9432,945,183,1062,1062,942,18136,6459,21051589,2068,127,1306,2810,3811037,3810881,1296,119,127,140,212,5713185,3646166,94,184,2589,290,426,0,139,0,893,7065816,3685,0,787,8,1,4,151,1,4,155,8,2,1,10
4100.88,1625079686016,50.011595759,1,0,0,5,10,4,5,144,2,0,0,0,0,61,5615371,0,31,2,69,20312,2260097,51603,0,1,233804,183029,47076,47527,9504,1623,9524,1134,184,1057,1057,935,18365,6529,20541679,2055,132,1305,2809,3784940,3784787,1293,118,131,144,216,5615040,3619461,94,188,2585,282,433,0,144,0,888,6951469,3693,0,796,8,1,4,143,1,4,147,8,2,1,10
4150.89,1625079743074,50.011762226,1,0,0,5,10,4,5,136,2,0,0,0,0,91,5737868,0,35,2,67,3867,2392671,52004,0,1,234748,183864,48152,48538,9728,1687,9728,1134,178,1065,1065,950,18926,6674,21295506,2066,129,1308,2810,3774675,3774521,1293,120,129,143,216,5737510,3607467,95,186,2593,287,432,0,143,0,896,7170439,3771,0,777,8,1,4,154,1,4,158,8,2,1,10
4200.9,1625079799728,50.011543849,1,0,0,5,10,4,5,136,2,0,0,0,0,54,5763719,0,38,2,66,9738,2378337,52021,0,1,233120,182603,48176,48584,9597,1434,9582,756,207,1059,1059,945,18897,6577,21353676,2054,130,1305,2810,3809532,3809380,1309,118,129,142,216,5763394,3643070,95,186,2600,285,438,0,143,0,891,7188405,3802,0,790,8,1,4,154,1,4,158,8,2,1,10
4250.91,1625079856950,50.011769585,1,0,0,5,10,4,5,136,2,0,0,0,0,88,5692405,0,45,2,61,18220,2326017,52075,0,1,234611,183882,48764,49217,9822,1559,9856,945,58,1115,1115,992,19269,6754,21014638,2112,131,1305,2812,3797964,3797797,1249,118,130,143,217,5692011,3630499,95,186,2532,289,378,11,143,2,931,7016681,3620,0,719,8,1,4,154,1,4,158,8,2,1,10
4300.94,1625079914507,50.031804716,1,0,0,5,10,4,5,128,2,0,0,0,0,77,5798172,0,41,2,63,4793,2410891,52915,0,1,233913,183384,47216,47283,9355,1479,9202,945,58,1062,1062,950,18418,6428,21547647,2060,125,1305,2810,3811945,3811784,1223,118,124,137,210,5798125,3645970,93,179,2467,293,345,0,137,0,885,7218617,3609,0,726,8,1,4,161,1,4,165,8,2,1,10
4350.95,1625079971589,50.011728296,1,0,0,5,10,4,5,136,2,0,0,0,0,63,5672563,0,35,2,63,9274,2307360,51825,0,1,232257,181840,46650,47067,9424,1615,9412,945,189,1052,1052,936,18123,6443,20968939,2047,128,1299,2810,3787371,3787211,1294,118,127,139,212,5672254,3623281,94,184,2583,286,433,0,139,0,881,7086272,3725,0,775,8,1,4,156,1,4,160,8,2,1,10
4400.96,1625080028835,50.011259398,1,0,0,5,10,4,5,136,2,0,0,0,0,49,5823863,0,42,2,61,4997,2455594,52151,0,1,231779,181453,46672,47080,9409,1177,9410,882,178,1047,1047,943,18141,6452,21771865,2038,127,1296,2810,3789611,3789451,1280,117,127,141,212,5823512,3625974,95,185,2577,287,439,0,142,0,882,7231147,3753,0,754,8,1,4,150,1,4,154,8,2,1,10
4450.97,1625080085914,50.011106850,1,0,0,5,10,4,5,128,2,0,0,0,0,72,5592152,0,37,2,66,10820,2235004,50936,0,1,234021,183202,46060,46538,9259,1797,9247,1260,178,1058,1058,944,17887,6363,20422654,2060,125,1309,2809,3782312,3782165,1291,117,123,136,208,5591732,3617913,94,180,2579,283,418,0,135,0,890,6868217,3638,0,750,8,1,4,151,1,4,155,8,2,1,10
4500.98,1625080142850,50.011410133,1,0,0,5,10,4,5,146,2,0,0,0,0,77,5767690,0,53,2,62,5337,2386709,52566,0,1,232412,182103,49369,49747,9936,1260,9959,882,177,1107,1107,998,19516,6847,21412761,2096,135,1300,2812,3805875,3805710,1306,117,134,147,222,5767365,3638550,96,191,2628,292,453,11,148,2,926,7208581,3714,0,744,8,1,4,153,1,4,157,8,2,1,10
4550.99,1625080199444,50.012301434,1,0,0,5,10,4,5,132,2,0,0,0,0,69,5873588,0,38,2,63,3826,2527333,53321,0,1,233925,183230,47804,48367,9501,1239,9483,693,201,1060,1060,951,18696,6480,21908551,2056,126,1306,2810,3772113,3771960,1302,118,125,142,212,5873474,3605975,95,182,2590,286,427,0,138,0,896,7450865,3737,0,754,8,1,4,158,1,4,162,8,2,1,10
4601,1625080256220,50.012160239,1,0,0,5,10,4,5,136,2,0,0,0,0,83,5856858,0,26,2,60,23427,2529315,52592,0,1,233177,182652,48306,48795,9616,1624,9615,1008,191,1062,1062,949,18890,6564,21948637,2059,130,1300,2811,3756853,3756698,1296,118,129,142,216,5856505,3590166,95,186,2594,291,447,0,143,0,903,7388728,3690,0,761,8,1,4,158,1,4,162,8,2,1,10
4651.01,1625080313405,50.011397274,1,0,0,5,10,4,5,136,2,0,0,0,0,65,5835223,0,26,2,62,4021,2497961,52501,0,1,233194,182548,46711,47165,9423,1617,9415,1008,181,1047,1047,936,18104,6458,21745790,2038,128,1303,2810,3757646,3757493,1281,118,127,141,212,5834872,3592867,95,185,2570,285,448,0,142,0,892,7393833,3674,0,772,8,1,4,150,1,4,154,8,2,1,10
4701.02,1625080371042,50.011857898,1,0,0,5,10,4,5,128,2,0,0,0,0,59,5814888,0,27,2,64,6066,2455181,52500,0,1,233347,182704,46181,46638,9268,977,9295,630,204,1057,1057,936,17903,6363,21599487,2058,123,1305,2810,3782773,3782610,1304,117,123,135,208,5814556,3618768,94,180,2582,287,423,0,135,0,889,7289285,3674,0,779,8,1,4,148,1,4,152,8,2,1,10
4751.03,1625080428009,50.012877998,1,0,0,5,10,4,5,128,2,0,0,0,0,86,5830657,0,32,2,65,13720,2493139,52708,0,1,233215,182690,46732,47206,9449,1104,9448,630,58,1098,1098,968,18277,6526,21714211,2086,125,1307,2812,3762912,3762750,1236,118,124,137,210,5830361,3598266,94,180,2483,288,366,11,137,2,919,7426014,3539,0,729,8,1,4,150,1,4,154,8,2,1,10
4801.04,1625080485610,50.011069150,1,0,0,5,10,4,5,136,2,0,0,0,0,72,5823405,0,36,2,63,3871,2461766,52761,0,1,233165,182653,46541,46978,9423,1231,9444,819,59,1056,1056,942,18136,6455,21761311,2056,127,1302,2810,3784388,3784229,1221,118,127,139,212,5822458,3620131,93,183,2471,285,349,0,139,0,889,7352799,3506,0,714,6,1,4,159,1,4,163,2,2,1,6
4851.05,1625080542363,50.013151827,1,0,0,5,10,4,5,136,2,0,0,0,0,93,5631796,0,40,2,65,5824,2256905,51676,0,1,234274,183599,48056,48459,9590,1428,9581,693,58,1069,1069,955,18908,6596,20577673,2074,130,1305,2810,3801379,3801216,1230,118,129,143,216,5631362,3634273,94,185,2484,287,346,0,142,0,896,6969346,3546,0,726,6,1,4,157,1,4,161,2,2,1,6
4901.06,1625080599496,50.011585218,1,0,0,5,10,4,5,141,2,0,0,0,0,71,5853288,0,28,2,66,10816,2485377,52279,0,1,234055,183320,49425,49989,9891,1886,9891,1323,172,1059,1059,942,19490,6746,21815634,2054,134,1305,2810,3795481,3795324,1284,118,133,152,223,5852963,3627435,97,191,2573,288,436,0,147,0,898,7361502,3653,0,770,6,1,4,164,1,4,168,2,2,1,6
4951.07,1625080656606,50.011834223,1,0,0,5,10,4,5,128,2,0,0,0,0,66,5689417,0,110,1,65,21723,2331996,52538,0,1,234855,184035,47958,48322,9489,1191,9475,819,197,1068,1068,1117,18658,6492,20956381,2072,126,1309,2811,3785067,3784916,1306,118,125,138,212,5689081,3618305,95,182,2631,445,450,0,139,0,901,7041270,3735,0,779,6,1,4,154,1,4,158,2,2,1,6
5001.08,1625080713696,50.011783073,1,0,0,5,10,4,5,136,2,0,0,0,0,45,5763809,0,56,1,64,3533,2428428,52391,0,1,233527,182867,46706,47104,9425,1559,9422,882,195,1052,1052,1009,18130,6465,21424786,2048,128,1309,2810,3759929,3759777,1298,118,127,139,212,5763416,3595091,94,184,2589,357,435,0,139,0,885,7187146,3673,0,767,6,1,4,147,1,4,151,2,2,1,6
5051.09,1625080770790,50.012095103,1,0,0,5,10,4,5,136,2,0,0,0,0,60,5731926,0,41,1,64,3619,2367296,52382,0,1,233357,182738,47358,47778,9680,1624,9674,1008,158,1102,1102,992,18513,6628,21279803,2094,128,1303,2812,3789030,3788877,1290,118,128,141,214,5731478,3623588,95,185,2600,306,444,11,141,2,925,7196164,3701,0,753,6,1,4,154,1,4,158,2,2,1,6
5101.1,1625080827774,50.012271718,1,0,0,5,10,4,5,128,2,0,0,0,0,70,5729728,0,27,0,64,7082,2383343,51646,0,1,233631,182903,46139,46566,9301,1418,9287,945,148,1053,1053,930,17885,6365,21226667,2050,124,1305,2810,3770194,3770043,1269,120,123,135,208,5729382,3605596,94,180,2550,286,425,0,136,0,885,7171366,3602,0,758,6,1,4,154,1,4,158,2,2,1,6
5151.11,1625080884907,50.011641411,1,0,0,5,10,4,5,128,2,0,0,0,0,59,5678436,0,26,1,65,8874,2291749,52075,0,1,232779,182235,46206,46623,9306,1545,9301,756,183,1056,1056,935,17936,6368,20841038,2056,124,1301,2810,3808369,3808210,1290,118,123,135,208,5678068,3644402,95,181,2582,288,441,0,136,0,889,7062780,3640,0,757,6,1,4,150,1,4,154,2,2,1,6
5201.12,1625080941835,50.011820791,1,0,0,5,10,4,5,128,2,0,0,0,0,43,5942859,0,33,1,62,3678,2575346,52707,0,1,233817,183135,47812,48245,10940,2941,10951,2142,198,1056,1056,953,18687,7958,22378253,2048,126,1305,2811,3792065,3791911,1295,118,125,141,212,5942587,3625406,95,182,2573,300,435,0,141,0,895,7530148,3742,0,756,6,1,4,161,1,4,165,2,2,1,5
5251.13,1625080998890,50.011350801,1,0,0,5,10,4,5,128,2,0,0,0,0,69,5696612,0,26,2,62,12717,2319603,52111,0,1,232164,181859,47672,48077,9419,1424,9428,945,190,1059,1059,938,18637,6490,21077343,2054,126,1300,2810,3800920,3800766,1300,118,125,138,212,5696252,3635267,95,182,2576,287,426,0,138,0,893,7039098,3714,0,786,8,1,4,153,1,4,157,8,2,1,10
5301.14,1625081055404,50.011954142,1,0,0,5,10,4,5,138,2,0,0,0,0,61,5753131,0,32,2,69,6069,2398448,52685,0,1,234446,183733,48703,49135,9813,1179,9800,630,58,1110,1110,977,19238,6761,21212909,2102,131,1305,2812,3782067,3781911,1244,116,130,144,218,5752806,3614514,95,186,2508,289,376,11,143,2,927,7224719,3593,0,721,8,1,4,159,1,4,163,8,2,1,10
5351.15,1625081112312,50.011602906,1,0,0,5,10,4,5,144,2,0,0,0,0,60,5778060,0,28,2,62,9686,2401535,50969,0,1,231381,181250,47012,47478,9582,1301,9580,567,58,1048,1048,930,18370,6552,21506303,2040,132,1292,2810,3797005,3796851,1213,119,131,144,216,5777719,3633078,93,187,2444,284,348,0,143,0,886,7168944,3505,0,709,8,1,4,144,1,4,148,8,2,1,10
5401.16,1625081169015,50.010952506,1,0,0,5,10,4,5,136,2,0,0,0,0,71,5625250,0,31,2,63,9690,2269033,51287,0,1,233885,183101,46637,47056,9421,1491,9423,819,177,1058,1058,941,18134,6454,20768244,2060,127,1306,2810,3778468,3778318,1288,117,127,140,212,5624693,3613407,95,185,2601,287,449,0,141,0,888,6961015,3680,0,752,8,1,4,144,1,4,148,8,2,1,10
5451.17,1625081225846,50.011664552,1,0,0,5,10,4,5,144,2,0,0,0,0,88,5871333,0,31,2,65,15197,2507872,52173,0,1,233659,182961,47217,47595,9567,1246,9590,882,183,1061,1061,937,18407,6544,21863598,2066,132,1304,2810,3790395,3790232,1295,117,131,144,216,5870949,3624987,94,188,2584,285,426,0,144,0,892,7411690,3678,0,735,4,1,4,145,1,4,149,2,2,1,4
5501.18,1625081282714,50.011953578,1,0,0,5,10,4,5,136,2,0,0,0,0,63,5896129,0,26,2,64,11123,2546471,52324,0,1,232771,182312,48143,48583,9596,1497,9599,882,202,1053,1053,947,18891,6559,22022208,2041,130,1299,2810,3774312,3774156,1302,118,129,143,216,5895764,3607912,95,186,2582,287,441,0,142,0,902,7417756,3732,0,756,6,1,4,154,1,4,158,2,2,1,6
5551.19,1625081339915,50.012211878,1,0,0,5,10,4,5,136,2,0,0,0,0,91,5917532,0,35,2,61,11342,2583545,53419,0,1,234206,183470,48852,49258,9801,1503,9801,1071,163,1109,1109,987,19302,6748,22204203,2100,131,1310,2812,3761307,3761144,1302,118,130,143,218,5917175,3593807,96,187,2619,289,461,11,143,2,937,7482734,3686,0,737,6,1,4,166,1,4,170,2,2,1,6
5601.2,1625081396828,50.012304139,1,0,0,5,10,4,5,136,2,0,0,0,0,44,5916364,0,28,2,62,5872,2583241,53401,0,1,233772,183100,48149,48540,9640,1876,9638,1260,175,1056,1056,942,18902,6578,22278238,2048,129,1304,2810,3758172,3758013,1279,116,129,143,216,5915942,3591246,95,186,2569,286,437,0,144,0,893,7507672,3795,0,754,6,1,4,153,1,4,157,2,2,1,6
5651.21,1625081453914,50.011455623,1,0,0,5,10,4,5,136,2,0,0,0,0,66,5846381,0,26,2,60,6198,2488944,52588,0,1,232122,181740,46576,47051,9398,1362,9417,630,187,1044,1044,928,18104,6459,21821625,2031,128,1299,2810,3779002,3778843,1282,116,127,140,212,5845445,3615014,94,184,2551,284,428,0,140,0,886,7391327,3706,0,760,6,1,4,150,1,4,154,2,2,1,6
5701.22,1625081510879,50.012013147,1,0,0,5,10,4,5,136,2,0,0,0,0,87,5895462,0,27,2,64,14655,2535593,53991,0,1,233564,182869,46688,47080,9422,1237,9392,441,176,1053,1053,937,18117,6446,22087962,2049,128,1305,2810,3784685,3784537,1280,118,127,140,212,5895139,3620097,94,184,2553,287,415,0,140,0,891,7417271,3717,0,770,6,1,4,145,1,4,149,2,2,1,6
5751.23,1625081567304,50.011872238,1,0,0,5,10,4,5,136,2,0,0,0,0,64,5717397,0,26,1,63,21614,2384028,51784,0,1,233976,183190,46812,47213,9428,1301,9416,693,187,1058,1058,938,18162,6453,21243280,2060,128,1306,2811,3764269,3764103,1296,118,127,139,212,5717032,3598696,94,184,2592,289,440,0,139,0,895,7119646,3674,0,771,6,1,4,151,1,4,155,2,2,1,6
5801.24,1625081624726,50.012076541,1,0,0,5,10,4,5,144,2,0,0,0,0,87,5856551,0,29,1,63,14062,2469532,53009,0,1,232864,182495,48518,48967,9720,1371,9722,756,58,1062,1062,946,19155,6670,21759820,2060,134,1301,2810,3810688,3810524,1223,118,133,146,220,5856183,3644318,94,189,2462,286,350,0,146,0,899,7325739,3551,0,724,6,1,4,150,1,4,154,2,2,1,6
5851.25,1625081681850,50.011987704,1,0,0,5,10,4,5,154,2,0,0,0,0,75,5747613,0,34,0,61,10139,2355309,52916,0,1,234521,183813,49724,50203,10094,1637,10096,945,58,1115,1115,986,19761,6948,21104658,2112,138,1304,2812,3819674,3819510,1249,118,138,153,226,5747298,3651138,95,194,2516,289,376,11,151,2,936,7130884,3605,0,728,6,1,4,157,1,4,161,2,2,1,6
5901.26,1625081738634,50.011650300,1,0,0,5,10,4,5,136,2,0,0,0,0,73,5567213,0,44,1,63,16383,2176784,51753,0,1,232620,182230,48028,48456,9598,1245,9592,693,172,1057,1057,950,18887,6573,20314498,2050,130,1298,2809,3816885,3816733,1282,118,129,142,216,5566847,3650808,95,186,2577,281,425,0,142,0,890,6818222,3692,0,760,6,1,4,153,1,4,157,2,2,1,6
5951.27,1625081795113,50.011508260,1,0,0,5,10,4,5,128,2,0,0,0,0,66,5546537,0,29,2,65,12413,2165982,51124,0,1,233703,182964,46074,46501,9285,1418,9289,1008,184,1058,1058,932,17873,6365,20106777,2060,124,1306,2810,3801800,3801651,1295,118,123,135,208,5546208,3637368,94,180,2574,286,419,0,135,0,885,6819576,3672,0,772,6,1,4,149,1,4,153,2,2,1,6
6001.28,1625081851993,50.011148982,1,0,0,5,10,4,5,128,2,0,0,0,0,59,5592963,0,26,1,62,4452,2196526,51618,0,1,233588,182876,46141,46554,9286,1483,9293,882,189,1058,1058,931,17912,6377,20473072,2060,124,1306,2810,3817160,3817017,1296,118,123,136,208,5592633,3652781,94,180,2572,285,420,0,137,0,888,6876631,3645,0,768,6,1,4,154,1,4,158,2,2,1,6
6051.29,1625081908833,50.010433247,1,0,0,5,10,4,5,128,2,0,0,0,0,77,5711428,0,27,1,62,10992,2344785,51764,0,1,234100,183304,46150,46612,9273,1041,9278,504,180,1063,1063,945,17863,6360,21104795,2070,124,1312,2811,3791189,3791032,1300,118,123,135,208,5710518,3626557,94,180,2583,291,422,0,135,0,898,7083846,3648,0,760,6,1,4,156,1,4,160,2,2,1,6
6101.3,1625081966049,50.011935733,1,0,0,5,10,4,5,130,2,0,0,0,0,59,5864282,0,33,1,65,16623,2500200,52314,0,1,233836,183095,46838,47222,9517,1612,9495,1008,171,1099,1099,975,18324,6555,21904214,2088,125,1307,2812,3789513,3789373,1298,119,124,136,210,5864074,3624429,95,181,2595,290,444,11,136,2,926,7371644,3709,0,766,6,1,4,152,1,4,156,2,2,1,6
6151.31,1625082023171,50.012049213,1,0,0,5,10,4,5,128,2,0,0,0,2,77,5858865,0,27,1,65,11846,2479404,51941,0,1,233408,182807,47674,48071,9454,1364,9460,756,218,1062,1062,944,18644,6468,21842123,2060,126,1303,2810,3802992,3802836,1313,118,125,140,212,5858533,3637076,96,183,2603,288,449,0,140,0,897,7342965,3706,0,785,6,1,4,159,1,4,163,2,2,1,6
6201.32,1625082080151,50.011195354,1,0,0,5,10,4,5,128,2,0,0,0,0,78,5658214,0,27,2,62,9923,2245659,51337,0,1,235050,184098,47655,48063,9426,1487,9427,1008,181,1071,1071,944,18656,6480,20711589,2078,126,1311,2810,3839078,3838923,1301,118,125,138,212,5657901,3672096,95,182,2602,286,440,0,138,0,900,6978061,3635,0,762,6,1,4,153,1,4,157,2,2,1,6
6251.33,1625082136875,50.011337770,1,0,0,5,10,4,5,144,2,0,0,0,0,80,5698490,0,28,2,64,12971,2282723,51683,0,1,232650,182250,48579,49034,9743,1695,9750,1008,195,1061,1061,948,19129,6657,20975977,2058,134,1298,2810,3839132,3838976,1299,118,133,148,220,5698184,3672701,95,190,2576,288,423,0,147,0,899,6934944,3717,0,788,6,1,4,150,1,4,154,2,2,1,6
6301.34,1625082194089,50.011211486,1,0,0,5,10,4,5,128,2,0,0,0,0,59,5939067,0,25,2,61,3480,2526444,52613,0,1,233579,182844,46084,46552,9294,1670,9328,1323,179,1055,1055,929,17858,6356,22183795,2054,123,1309,2810,3833843,3833699,1284,117,122,134,205,5935929,3669796,93,179,2564,285,429,0,135,0,886,7438385,3663,0,741,6,1,4,149,1,4,153,2,2,1,6
6351.35,1625082251310,50.011111939,1,0,0,5,10,4,5,144,2,0,0,0,0,71,5954161,0,35,2,60,4388,2592754,52411,0,1,233101,182609,47642,48078,9809,1685,9811,1260,58,1100,1100,979,18773,6722,22435155,2089,134,1301,2812,3783402,3783239,1238,118,132,144,218,5953834,3618223,94,188,2483,286,364,11,144,2,927,7614431,3586,0,709,6,1,4,144,1,4,148,2,2,1,6
6401.36,1625082308582,50.011425131,1,0,0,5,10,4,5,136,2,0,0,0,0,62,5627578,0,25,2,62,7857,2237900,50922,0,1,234362,183574,46649,47071,9428,1107,9413,693,58,1063,1063,936,18146,6456,20602813,2070,128,1307,2811,3813786,3813632,1228,118,127,140,212,5627194,3648810,93,183,2474,288,351,0,140,0,894,6930814,3530,0,705,6,1,4,152,1,4,156,2,2,1,6
6451.37,1625082365743,50.011787643,1,0,0,5,10,4,5,136,2,0,0,0,0,31,5580967,0,26,1,62,26981,2173950,51829,0,1,233879,183093,46713,47365,9418,1362,9417,882,184,1058,1058,933,18197,6442,20420434,2060,128,1306,2810,3831953,3831794,1299,118,127,142,212,5580528,3666897,94,184,2595,286,440,0,139,0,889,6858739,3688,0,753,6,1,4,153,1,4,157,2,2,1,5
6501.38,1625082422447,50.012102966,1,0,0,5,10,4,5,132,2,0,0,0,0,63,5958986,0,26,0,63,10357,2512592,52408,0,1,233293,182736,47935,48285,9512,1367,9492,756,201,1059,1059,938,18806,6523,22242134,2054,128,1301,2810,3870535,3870379,1301,118,128,139,215,5958594,3704355,95,184,2583,287,430,0,142,0,894,7494186,3732,0,776,8,1,4,150,1,4,154,8,2,1,10
6551.39,1625082479238,50.012191779,1,0,0,5,10,4,5,128,2,0,0,0,0,63,5603789,0,25,1,65,9655,2219854,51361,0,1,234785,183855,47572,47986,9431,1110,9452,630,189,1060,1060,937,18669,6489,20429068,2055,126,1310,2809,3811313,3811148,1293,120,125,139,212,5603418,3644314,96,183,2578,282,440,0,139,0,895,6993842,3673,0,763,4,1,4,153,1,4,157,2,2,1,4
6601.4,1625082536164,50.011631480,1,0,0,5,10,4,5,128,2,0,0,0,0,46,5842540,0,25,2,69,6886,2438219,51869,0,1,234011,183296,47594,48108,9464,1236,9465,567,183,1058,1058,944,18612,6463,21665665,2052,125,1308,2810,3829641,3829488,1288,118,125,139,212,5842344,3663313,95,182,2557,287,420,0,138,0,899,7382667,3646,0,766,6,1,4,159,1,4,163,2,2,1,6
6651.41,1625082593416,50.011956019,1,0,0,5,10,4,5,132,2,0,0,0,0,63,5795377,0,31,2,65,11669,2412156,51778,0,1,233804,183052,47054,47321,9550,1680,9528,1071,191,1093,1093,973,18359,6589,21492291,2076,127,1306,2812,3807508,3807363,1304,118,126,137,212,5795064,3642322,95,182,2607,289,464,11,139,2,927,7322827,3691,0,787,6,1,4,154,1,4,158,2,2,1,6
6701.42,1625082650662,50.011043689,1,0,0,5,10,4,5,136,2,0,0,0,0,42,5680411,0,26,1,60,3524,2270666,51162,0,1,234141,183320,46627,47063,9430,1300,9420,693,169,1064,1064,936,18121,6447,20921007,2072,128,1307,2810,3833968,3833815,1287,117,127,140,212,5680027,3669081,94,184,2580,287,419,0,140,0,890,7003354,3619,0,772,6,1,4,150,1,4,154,2,2,1,6
6751.43,1625082708144,50.010993020,1,0,0,5,10,4,5,136,2,0,0,0,0,51,5922975,0,28,2,61,4336,2538015,52285,0,1,234370,183479,46802,47221,9462,925,9439,504,184,1057,1057,943,18141,6449,22245890,2058,128,1308,5371,3811781,3811618,1294,117,127,139,212,5922591,3643893,95,185,2596,289,451,0,141,0,899,7491646,3663,0,772,6,1,4,150,1,4,154,2,2,1,6
6801.44,1625082765247,50.011216413,1,0,0,5,10,4,5,136,2,0,0,0,0,57,5933907,0,29,0,67,11747,2537844,52795,0,1,234718,183854,48214,48679,11062,2694,11068,1890,172,1063,1063,952,18907,8049,22146537,2062,130,1308,2811,3821579,3821415,1291,120,129,143,216,5933089,3654156,95,186,2582,289,436,0,143,0,902,7519822,3705,0,781,6,1,4,155,1,4,159,2,2,1,6
6851.45,1625082822537,50.011881208,1,0,0,5,10,4,5,136,2,0,0,0,0,58,5675364,0,29,0,64,14371,2272143,51073,0,1,233545,183023,48044,48514,9608,1427,9642,819,58,1065,1065,945,18918,6568,20893064,2066,130,1305,2810,3828253,3828090,1226,118,129,142,216,5674997,3661849,94,185,2468,284,351,0,142,0,901,7042005,3485,0,742,6,1,4,150,1,4,154,2,2,1,6
6901.46,1625082879357,50.011268247,1,0,0,5,10,4,5,130,2,0,0,0,0,75,5773110,0,34,2,58,16438,2348306,51436,0,1,233700,183104,46096,46514,9269,1285,9278,756,58,1110,1110,986,18170,6411,21191768,2102,123,1304,2811,3849244,3849085,1244,118,122,135,205,5772773,3683989,91,177,2498,286,368,11,134,2,934,7183268,3506,0,725,6,1,4,146,1,4,150,2,2,1,6
6951.47,1625082936650,50.011231795,1,0,0,5,10,4,5,136,2,0,0,0,0,67,5779335,0,37,2,61,8885,2377115,51669,0,1,234904,184083,48001,48388,9573,1556,9591,693,58,1067,1067,963,18826,6588,21444572,2069,129,1309,2810,3829377,3829209,1228,117,129,143,216,5778994,3662489,94,185,2478,284,349,0,143,0,910,7153501,3510,0,730,6,1,4,149,1,4,153,2,2,1,6
7001.48,1625082993467,50.011753150,1,0,0,5,10,4,5,136,2,0,0,0,0,47,5836683,0,35,2,62,9126,2446982,52260,0,1,232997,182430,46659,46975,9421,1300,9396,630,195,1048,1048,943,18176,6458,21752713,2040,128,1303,2810,3812034,3811873,1290,118,127,135,212,5836256,3647546,94,184,2576,286,428,0,139,0,889,7302942,3650,0,789,6,1,4,156,1,4,160,2,2,1,6
7051.49,1625083050358,50.011496696,1,0,0,5,10,4,5,128,2,0,0,0,0,65,5750188,0,49,2,62,11384,2338162,51941,0,1,234275,183433,46267,46710,9280,1736,9273,1134,177,1065,1065,969,17885,6370,21233410,2074,124,1309,2811,3836389,3836244,1295,118,123,137,208,5749921,3671986,94,180,2612,290,429,0,136,0,902,7074378,3654,0,771,6,1,4,155,1,4,159,2,2,1,6
7101.5,1625083106852,50.011711385,1,0,0,5,10,4,5,128,2,0,0,0,0,67,5833035,0,70,2,63,20781,2447760,52205,0,1,233881,183133,46182,46610,9276,1548,9295,1134,164,1057,1057,979,17913,6366,21742063,2058,124,1311,2810,3812337,3812183,1282,118,123,135,208,5832715,3648270,94,180,2610,286,424,0,135,0,892,7247890,3670,0,772,6,1,4,152,1,4,156,2,2,1,6
7151.51,1625083164331,50.012097843,1,0,0,5,10,4,5,144,2,0,0,0,0,84,5870617,0,83,2,60,26162,2465237,53054,0,1,234964,184095,50590,50502,10184,1584,10008,882,190,1114,1114,1038,19987,7004,21835723,2110,136,1308,2812,3837029,3836865,1324,117,135,146,223,5870382,3668282,96,190,2698,295,468,11,150,2,934,7341952,3835,0,793,6,1,4,161,1,4,165,2,2,1,6
7201.52,1625083221135,50.011800816,1,0,0,5,10,4,5,136,2,0,0,0,0,70,5890750,0,33,2,64,17230,2483940,52313,0,1,234506,183672,48167,48584,9588,1749,9626,1260,184,1062,1062,945,18908,6580,21962930,2060,130,1307,2809,3835741,3835587,1299,118,129,143,216,5890417,3668398,96,187,2595,282,444,0,143,0,896,7342997,3670,0,783,6,1,4,154,1,4,158,2,2,1,6
7251.53,1625083278606,50.011279779,1,0,0,5,10,4,5,136,2,0,0,0,0,57,5924185,0,79,2,62,14582,2528975,52637,0,1,231697,181544,48146,48474,9592,1564,9605,882,173,1054,1054,993,18846,6578,22226670,2044,130,1293,2809,3818207,3818044,1276,118,129,143,216,5923243,3652702,95,186,2609,284,429,0,143,0,895,7353514,3724,0,773,6,1,4,150,1,4,154,2,2,1,6
7301.54,1625083335745,50.011756127,1,0,0,5,10,4,5,136,2,0,0,0,0,64,5973673,0,60,2,60,25124,2614980,52264,0,1,233865,183128,46915,47333,9448,1808,9447,1134,191,1055,1055,974,18140,6467,22525516,2054,127,1306,2810,3789442,3789292,1297,118,127,140,212,5973349,3624295,94,184,2614,285,436,0,140,0,898,7490481,3729,0,774,6,1,4,143,1,4,147,2,2,1,6
7351.55,1625083393003,50.011061175,1,0,0,5,10,4,5,136,2,0,0,0,0,61,5822186,0,25,1,60,19357,2455894,51372,0,1,234143,183298,46847,47283,9446,1428,9450,945,191,1059,1059,938,18162,6456,21758916,2062,129,1306,2810,3791732,3791573,1297,118,127,139,211,5821807,3626302,95,185,2597,287,446,0,140,0,893,7277979,3615,0,772,6,1,4,153,1,4,157,2,2,1,6
7401.56,1625083449728,50.011622256,1,0,0,5,10,4,5,136,2,0,0,0,0,59,5787424,0,28,2,60,6864,2423053,51319,0,1,234303,183533,46778,47293,9439,1358,9438,945,58,1060,1060,944,18151,6457,21628965,2064,127,1307,2811,3791230,3791074,1225,118,127,141,212,5787069,3625981,93,183,2471,288,350,0,139,0,899,7208654,3437,0,709,6,1,4,145,1,4,149,2,2,1,6
7451.57,1625083506556,50.012001825,1,0,0,5,10,4,5,136,2,0,0,0,0,62,5880238,0,26,1,63,19796,2514517,51407,0,1,232815,182382,46675,47132,9446,1294,9416,693,58,1053,1053,934,18180,6459,22035300,2050,127,1299,2810,3797290,3797136,1218,117,127,140,212,5879898,3633005,93,183,2453,285,346,0,139,0,888,7443259,3423,0,713,6,1,4,152,1,4,156,2,2,1,6
7501.58,1625083563991,50.014737061,1,0,0,5,10,4,5,136,2,0,0,0,0,68,5723355,0,26,2,62,6922,2322337,51317,0,1,235252,184272,48343,48817,9606,1559,9603,945,173,1071,1071,943,18932,6580,21142977,2078,130,1310,2810,3831099,3830939,1302,120,129,142,216,5723008,3662876,95,186,2604,286,441,0,142,0,900,7060660,3642,0,760,6,1,4,158,1,4,162,2,2,1,6
7551.59,1625083621426,50.011913882,1,0,0,5,10,4,5,136,2,0,0,0,0,54,5869473,0,27,2,60,9137,2493358,52255,0,1,234227,183464,48187,48625,9644,1498,9626,693,195,1063,1063,947,18911,6573,21825770,2062,130,1306,2809,3803952,3803800,1301,118,129,144,216,5869178,3636601,95,186,2583,283,426,0,144,0,901,7343656,3693,0,778,6,1,4,158,1,4,162,2,2,1,6
7601.6,1625083678303,50.011749802,1,0,0,5,10,4,5,136,2,0,0,0,0,65,5805859,0,26,2,64,11395,2398081,51704,0,1,233823,183145,48165,48611,9604,1622,9633,1008,170,1059,1059,944,18908,6593,21508178,2054,129,1303,2809,3833102,3832940,1278,118,129,142,216,5805474,3665986,95,186,2566,282,433,0,142,0,901,7226430,3616,0,764,6,1,4,145,1,4,149,2,2,1,6
7651.61,1625083735521,50.011228379,1,0,0,5,10,4,5,144,2,0,0,0,0,53,5856614,0,29,2,65,7516,2460069,52253,0,1,234194,183366,47260,47696,9617,1308,9584,567,187,1058,1058,935,18410,6547,21799171,2060,132,1311,2810,3821824,3821664,1296,118,131,143,216,5856281,3656176,94,188,2578,284,423,0,143,0,891,7351366,3604,0,780,6,1,4,155,1,4,159,2,2,1,6
7701.62,1625083792389,50.012421009,1,0,0,5,10,4,5,138,2,0,0,0,0,72,5806138,0,33,2,65,12152,2412074,51902,0,1,232450,182035,47541,47948,9654,1684,9651,1071,172,1102,1102,973,18515,6659,21537683,2094,129,1298,2813,3816657,3816492,1304,119,128,140,214,5805809,3651521,95,185,2607,296,447,11,140,2,919,7250240,3649,0,783,6,1,4,153,1,4,157,2,2,1,6
7751.63,1625083849074,50.011336789,1,0,0,5,10,4,5,136,2,0,0,0,0,55,5854840,0,28,2,61,13270,2442813,52510,0,1,232894,182367,46879,47316,9483,1743,9476,1386,193,1055,1055,936,18176,6453,21780906,2054,127,1301,2811,3835110,3834949,1293,118,127,139,212,5854471,3670346,94,184,2569,289,422,0,140,0,892,7340490,3652,0,785,6,1,4,159,1,4,163,2,2,1,6
7801.64,1625083905915,50.011778943,1,0,0,5,10,4,5,136,2,0,0,0,0,74,5866555,0,29,2,62,9865,2474200,52267,0,1,234374,183605,48330,48773,9606,1686,9580,1071,196,1067,1067,952,18889,6575,21840963,2070,129,1306,5370,3820070,3819904,1302,118,129,143,216,5866209,3650142,95,186,2587,288,425,0,142,0,904,7342877,3694,0,801,6,1,4,161,1,4,165,2,2,1,6
7851.65,1625083963057,50.013709178,1,0,0,5,10,4,5,136,2,0,0,0,0,68,5705759,0,28,2,71,8381,2326466,51770,0,1,235272,184278,48303,48694,9612,1058,9618,567,191,1072,1072,947,18889,6567,21028236,2080,129,1310,2810,3808764,3808602,1312,118,129,143,216,5704728,3640678,96,187,2615,286,445,0,145,0,903,7070892,3690,0,804,6,1,4,158,1,4,162,2,2,1,6
7901.66,1625084020038,50.011109846,1,0,0,5,10,4,5,128,2,0,0,0,0,63,5720591,0,25,2,64,11936,2334421,51763,0,1,234745,183952,47601,48015,9485,1545,9477,1008,116,1069,1069,940,18658,6497,21063988,2074,125,1312,2809,3816064,3815914,1264,118,125,139,212,5720259,3649069,95,182,2499,283,358,0,138,0,895,7068670,3581,0,755,6,1,4,154,1,4,158,2,2,1,6
7951.67,1625084076931,50.010628629,1,0,0,5,10,4,5,130,2,0,0,0,0,71,5614214,0,31,2,72,15329,2221488,50396,0,1,234987,184182,48308,48629,9641,1361,9673,882,58,1113,1113,980,18966,6676,20361694,2108,128,1308,2812,3826610,3826463,1247,118,126,137,214,5613766,3658881,95,182,2504,288,371,11,139,2,933,6975538,3556,0,744,6,1,4,160,1,4,164,2,2,1,6
8001.68,1625084133798,50.011746780,1,0,0,5,10,4,5,136,2,0,0,0,0,62,5566688,0,25,2,65,12146,2161158,51338,0,1,234057,183348,46681,47149,9427,1483,9403,756,58,1059,1059,939,18143,6449,20260448,2062,128,1306,2810,3830100,3829935,1224,118,127,140,212,5566251,3665243,93,183,2464,286,347,0,139,0,894,6789400,3544,0,734,6,1,4,155,1,4,159,2,2,1,6
8051.69,1625084190434,50.011155144,1,0,0,5,10,4,5,148,2,0,0,0,0,89,5764481,0,26,1,63,8606,2322152,52769,0,1,233761,183029,48688,49165,9873,1509,9875,819,184,1059,1059,938,18942,6732,21189653,2062,136,1304,2811,3866346,3866177,1296,118,135,148,223,5764089,3700098,96,193,2599,291,446,0,148,0,894,7148543,3674,0,797,6,1,4,157,1,4,161,2,2,1,6
8101.7,1625084246858,50.011520639,1,0,0,5,10,4,5,136,2,0,0,0,0,70,5568930,0,27,1,64,8986,2151953,50351,0,1,234606,183731,48055,48587,9615,1499,9612,882,168,1070,1070,946,18791,6575,20321283,2080,130,1309,2810,3842411,3842255,1298,118,129,144,215,5568617,3675732,95,186,2596,288,425,0,144,0,898,6808199,3644,0,780,6,1,4,154,1,4,158,2,2,1,6
8151.71,1625084303768,50.011338583,1,0,0,5,10,4,5,136,2,0,0,0,0,70,5772589,0,28,0,64,6510,2336727,51855,0,1,235181,184201,48314,48732,9633,1372,9641,819,189,1071,1071,945,18880,6571,21325483,2080,129,1314,2810,3863112,3862951,1306,118,129,143,216,5772276,3695350,96,187,2612,285,448,0,143,0,903,7150790,3611,0,794,6,1,4,149,1,4,153,2,2,1,6
8201.72,1625084360178,50.011590742,1,0,0,5,10,4,5,144,2,0,0,0,0,66,5762299,0,27,0,63,10237,2339572,51781,0,1,233955,183269,48657,49223,9753,1693,9769,1260,189,1055,1055,941,19164,6682,21258888,2046,134,1304,2809,3849334,3849163,1289,119,133,146,220,5761986,3681811,95,190,2571,281,437,0,146,0,899,7100836,3718,0,784,6,1,4,151,1,4,155,2,2,1,5
8251.73,1625084417215,50.011546131,1,0,0,5,10,4,5,144,2,0,0,0,0,74,5731036,0,27,0,61,6432,2319684,52456,0,1,235173,184205,48763,49228,9743,1818,9770,1071,184,1061,1061,944,19100,6668,21136802,2058,135,1310,2810,3839413,3839254,1294,118,133,146,220,5730724,3671313,95,190,2580,285,435,0,146,0,901,7092157,3700,0,796,8,1,4,152,1,4,156,8,2,1,10
8301.74,1625084474107,50.011573759,1,0,0,5,10,4,5,136,2,0,0,0,0,60,5910830,0,25,0,62,10176,2488027,51474,0,1,233237,182625,46804,47221,9441,1238,9423,756,190,1047,1047,931,18147,6431,22089048,2037,127,1303,2810,3846240,3846090,1288,118,127,139,212,5910445,3681580,94,184,2566,284,435,0,140,0,890,7407998,3607,0,770,6,1,4,159,1,4,163,2,2,1,6
8351.75,1625084530273,50.011873884,1,0,0,5,10,4,5,128,2,0,0,0,0,70,5795363,0,26,0,61,12500,2375289,52028,0,1,232822,182304,46439,46892,9292,1231,9295,504,195,1060,1060,936,17893,6374,21483777,2064,123,1301,2811,3843348,3843199,1306,118,123,136,208,5795073,3679274,94,180,2592,291,432,0,136,0,890,7215859,3607,0,759,6,1,4,149,1,4,153,2,2,1,6
8401.76,1625084587940,50.011387086,1,0,0,5,10,4,5,128,2,0,0,0,0,73,5723233,0,27,0,60,12718,2292561,51420,0,1,232966,182421,46508,46851,10830,2806,10821,2079,208,1058,1058,938,17966,7854,21022732,2059,124,1302,2812,3853837,3853691,1309,118,123,136,208,5722902,3689433,94,180,2587,289,431,0,137,0,894,7084346,3593,0,753,6,1,4,154,1,4,158,2,2,1,6
8451.77,1625084645015,50.011495908,1,0,0,5,10,4,5,136,2,0,0,0,0,62,5721165,0,27,0,60,18130,2292632,50928,0,1,233580,183018,46166,46713,9225,1982,9275,1260,58,1069,1069,946,18072,6326,20981063,2074,126,1302,2810,3851867,3851715,1230,118,125,137,208,5720723,3686628,91,181,2479,286,352,0,138,0,899,7040036,3455,0,703,6,1,4,148,1,4,152,2,2,1,6
8501.78,1625084702415,50.012231914,1,0,0,5,10,4,5,136,2,0,0,0,0,94,5621516,0,33,0,62,16808,2234268,51394,0,1,234514,183805,48758,49234,9794,1306,9792,945,58,1110,1110,980,19289,6746,20530165,2101,131,1306,2811,3815500,3815337,1244,118,130,144,218,5621190,3647469,95,186,2500,284,371,11,143,2,932,6972980,3524,0,714,6,1,4,151,1,4,155,2,2,1,5
8551.79,1625084759520,50.011506780,1,0,0,5,10,4,5,144,2,0,0,0,0,73,5834941,0,28,1,61,13775,2436160,52158,0,1,234807,183941,48721,49085,9759,1885,9746,1134,193,1067,1067,955,19132,6666,21684193,2070,134,1307,2809,3825989,3825830,1301,118,133,146,220,5834657,3658200,95,190,2591,283,432,0,147,0,908,7241702,3655,0,786,8,1,4,141,1,4,145,8,2,1,10
8601.8,1625084816708,50.011540392,1,0,0,5,10,4,5,136,2,0,0,0,0,65,5807887,0,26,1,63,9888,2408021,51990,0,1,234090,183287,46847,47263,9466,1931,9465,1260,215,1057,1057,937,18156,6447,21501570,2058,127,1309,5370,3826559,3826407,1315,118,127,139,212,5807500,3658848,94,184,2596,284,434,0,140,0,895,7215055,3702,0,790,8,1,4,160,1,4,164,8,2,1,10
8651.83,1625084873595,50.028692004,1,0,0,5,10,4,5,144,2,0,0,0,0,80,5838276,0,28,2,61,16734,2429708,52531,0,1,233541,182870,47474,48336,9629,1625,9679,1008,196,1062,1062,940,18433,6559,21719206,2068,133,1304,2811,3833280,3833126,1307,118,132,145,216,5837844,3667832,94,188,2596,291,427,0,144,0,892,7210660,3657,0,777,6,1,4,152,1,4,156,2,2,1,6
8701.84,1625084930309,50.011302299,1,0,0,5,10,4,5,128,2,0,0,0,0,65,5857698,0,26,2,65,8378,2465110,52009,0,1,233234,182616,46407,46835,9270,1545,9284,1071,200,1055,1055,941,17866,6356,21783889,2054,124,1308,2811,3814389,3814244,1298,117,123,135,208,5857263,3649951,94,180,2580,289,434,0,136,0,898,7356021,3624,0,776,6,1,4,149,1,4,153,2,2,1,6
8751.85,1625084986979,50.011514082,1,0,0,5,10,4,5,146,2,0,0,0,0,72,5717292,0,40,2,65,8530,2334665,52470,0,1,234994,184092,49537,49959,9959,1509,9960,1008,195,1108,1108,988,19511,6845,21126606,2097,135,1308,2812,3811409,3811250,1319,118,134,147,222,5716991,3642295,96,191,2629,290,459,11,147,2,934,7083612,3678,0,788,6,1,4,156,1,4,160,2,2,1,6
8801.86,1625085044143,50.010745415,1,0,0,5,10,4,5,128,2,0,0,0,0,61,5889317,0,26,2,62,24100,2506494,51619,0,1,234035,183306,47582,48054,9459,1109,9479,630,171,1058,1058,937,18637,6494,22003043,2051,126,1304,2809,3809719,3809559,1280,118,125,139,212,5888357,3642852,95,182,2555,282,422,0,138,0,894,7362557,3687,0,783,6,1,4,153,1,4,157,2,2,1,6
8851.87,1625085100949,50.011159651,1,0,0,5,10,4,5,128,2,0,0,0,0,56,5706290,0,26,2,64,5026,2321411,52072,0,1,234786,183895,47591,48027,9441,1425,9453,819,207,1063,1063,937,18602,6475,21047371,2062,126,1309,2809,3810797,3810639,1309,117,125,139,212,5705357,3643824,95,182,2587,282,427,0,139,0,894,7061782,3688,0,803,6,1,4,149,1,4,153,2,2,1,6
8901.88,1625085158061,50.011433938,1,0,0,5,10,4,5,128,2,0,0,0,0,83,5788312,0,26,2,62,19593,2386239,51900,0,1,234277,183506,47686,48083,9465,1805,9474,1197,165,1065,1065,949,18600,6491,21376477,2065,126,1306,2809,3830971,3830826,1283,117,125,139,212,5787916,3663840,95,182,2572,284,429,0,140,0,903,7250997,3680,0,769,6,1,4,148,1,4,152,2,2,1,6
8951.89,1625085215588,50.011700984,1,0,0,5,10,4,5,136,2,0,0,0,0,50,5762738,0,33,2,61,17965,2379350,52261,0,1,232865,182415,46668,47153,9426,1294,9440,630,58,1053,1053,945,18145,6463,21361092,2050,128,1304,2810,3809755,3809602,1218,118,127,140,212,5762408,3645344,93,183,2459,284,347,0,140,0,895,7161825,3540,0,741,6,1,4,156,1,4,160,2,2,1,6
9001.9,1625085272344,50.012120685,1,0,0,5,10,4,5,130,2,0,0,0,0,82,5624176,0,32,2,64,5347,2317610,51841,0,1,233653,183051,46976,47362,9528,1606,9507,945,58,1104,1104,981,18224,6524,20768853,2098,125,1303,2813,3735907,3735758,1242,118,124,136,210,5623788,3570667,94,180,2499,294,372,11,136,2,929,7013333,3534,0,737,6,1,4,146,1,4,150,2,2,1,5
9051.91,1625085329811,50.011674348,1,0,0,5,10,4,5,136,2,0,0,0,0,60,5407641,0,26,2,63,10605,2031958,50674,0,1,235042,184047,46931,47387,9441,1111,9427,504,160,1070,1070,940,18136,6451,19509522,2084,128,1312,2811,3802296,3802143,1295,118,127,139,212,5407304,3636441,93,183,2590,292,413,0,139,0,894,6597793,3605,0,778,6,1,4,151,1,4,155,2,2,1,6
9101.92,1625085386846,50.012170817,1,0,0,5,10,4,5,144,2,0,0,0,0,59,5744150,0,29,1,62,10224,2365706,51854,0,1,233778,183131,48850,49375,9743,1441,9766,819,190,1061,1061,942,19133,6665,21296694,2058,134,1303,2810,3806092,3805928,1302,117,133,146,220,5743832,3638376,95,190,2596,288,438,0,146,0,894,7070642,3669,0,787,6,1,4,159,1,4,163,2,2,1,6
9151.93,1625085443965,50.011642394,1,0,0,5,10,4,5,152,2,0,0,0,0,80,5891609,0,30,1,62,18360,2467041,51748,0,1,234402,183609,49224,49670,9878,1198,9879,504,178,1064,1064,936,19403,6748,21943501,2064,138,1305,2809,3852475,3852308,1293,117,137,151,224,5891314,3684331,95,194,2585,281,434,0,152,0,892,7348461,3656,0,795,6,1,4,155,1,4,159,2,2,1,6
9201.94,1625085500704,50.011258397,1,0,0,5,10,4,5,136,2,0,0,0,0,65,5829921,0,25,0,64,10325,2449428,52445,0,1,233746,183096,48217,48751,9596,1433,9627,819,182,1061,1061,950,18867,6574,21648658,2058,130,1308,2809,3806383,3806231,1294,118,129,143,216,5829495,3639289,95,186,2589,284,440,0,142,0,905,7272162,3682,0,790,6,1,4,148,1,4,152,2,2,1,6
9251.95,1625085557540,50.011040335,1,0,0,5,10,4,5,136,2,0,0,0,0,72,5634857,0,25,0,63,7699,2329986,51140,0,1,234513,183595,46801,47169,9472,1615,9445,1008,196,1054,1054,935,18136,6450,20937463,2052,128,1309,2810,3738187,3738037,1299,118,127,135,212,5634536,3572477,94,184,2585,285,435,0,140,0,893,7017301,3614,0,782,6,1,4,159,1,4,163,2,2,1,6
9301.96,1625085615063,50.011049304,1,0,0,5,10,4,5,138,2,0,0,0,0,71,5566290,0,31,0,62,3817,2228618,51350,0,1,234538,183654,47642,47654,9663,1370,9650,630,172,1107,1107,977,18527,6635,20479909,2104,129,1308,2813,3767261,3767109,1303,118,128,138,214,5565941,3601045,95,185,2617,293,453,11,141,2,930,6881548,3672,0,757,6,1,4,149,1,4,153,2,2,1,5
9351.97,1625085671868,50.010766240,1,0,0,5,10,4,5,136,2,0,0,0,0,71,5954243,0,26,0,63,14590,2550682,52136,0,1,233555,182870,46862,47343,9424,1362,9422,693,201,1057,1057,942,18119,6445,22263651,2058,127,1305,2811,3827341,3827189,1303,118,127,139,212,5953374,3662299,94,184,2596,290,441,0,139,0,897,7486328,3652,0,767,8,1,4,149,1,4,153,8,2,1,10
9401.98,1625085729102,50.011569788,1,0,0,5,10,4,5,136,2,0,0,0,0,77,5756608,0,26,0,64,9410,2405829,53111,0,1,234538,183638,46898,47337,9489,1615,9485,1071,172,1064,1064,935,18171,6452,21194807,2072,128,1309,2811,3777148,3776998,1293,117,127,140,212,5756169,3611389,94,184,2588,289,428,0,140,0,892,7236059,3622,0,762,8,1,4,158,1,4,162,8,2,1,10
9451.99,1625085786192,50.011961356,1,0,0,5,10,4,5,136,2,0,0,0,0,68,5948999,0,27,0,61,7432,2533532,53676,0,1,234590,183767,48213,48608,9593,1686,9602,1071,173,1064,1064,942,18913,6574,22192978,2064,130,1307,2809,3842149,3841992,1286,117,129,142,216,5948595,3674839,95,186,2571,284,419,0,142,0,895,7475666,3705,0,759,4,1,4,154,1,4,158,2,2,1,4
9502,1625085843245,50.011819700,1,0,0,5,10,4,5,136,2,0,0,0,0,84,5720678,0,28,0,67,20621,2356529,51287,0,1,233851,183265,48037,48506,9597,1302,9606,756,58,1061,1061,944,18885,6581,21023337,2058,130,1306,2809,3793353,3793188,1222,119,129,143,216,5720350,3626595,94,185,2460,281,348,0,143,0,899,7152342,3463,0,731,6,1,4,152,1,4,156,2,2,1,6
9552.01,1625085899917,50.011344723,1,0,0,5,10,4,5,146,2,0,0,0,0,62,5697364,0,32,0,63,10245,2310469,51730,0,1,235006,184192,49287,49721,9958,1756,9948,1008,58,1111,1111,981,19504,6847,21061941,2104,135,1306,2811,3815027,3814867,1245,118,134,148,222,5697056,3646639,95,190,2510,287,376,11,147,2,929,7055771,3511,0,729,6,1,4,158,1,4,162,2,2,1,6
9602.02,1625085956999,50.011304327,1,0,0,5,10,4,5,165,2,0,0,0,0,54,5727379,0,32,1,68,26177,2348382,51373,0,1,231964,181566,49483,49299,9808,1626,9618,1008,196,1050,1050,927,18995,6756,21129422,2044,127,1294,2815,3808413,3808259,1294,120,127,142,213,5727068,3642124,100,184,2661,298,564,0,146,0,882,7108033,3595,0,785,6,1,4,164,1,4,168,2,2,1,6
9652.03,1625086014803,50.012576217,1,0,0,5,10,4,5,136,2,0,0,0,0,68,5763830,0,26,2,61,18571,2373299,51637,0,1,233334,182608,47385,48292,9556,1743,9730,1386,160,1058,1058,939,18406,6541,21320753,2060,129,1301,5371,3818278,3818125,1279,119,128,144,215,5763689,3650363,96,185,2588,290,454,0,140,0,894,6956911,3609,0,783,6,1,4,168,4,4,172,2,2,1,6
9702.04,1625086071661,50.011768271,1,0,0,5,10,4,5,144,2,0,0,0,0,68,5745585,0,31,2,62,10937,2352087,52165,0,1,233498,182831,47389,47810,9622,1625,9615,756,166,1059,1059,939,18407,6576,21257641,2062,131,1303,2811,3817610,3817447,1284,118,131,144,216,5745314,3652181,94,188,2583,288,439,0,145,0,894,6979388,3619,0,774,6,1,4,156,1,4,160,2,2,1,6
9752.05,1625086128873,50.011694332,1,0,0,5,10,4,5,136,2,0,0,0,0,61,5706054,0,27,1,63,21399,2348444,51120,0,1,233263,182643,46900,47306,9448,1364,9432,819,177,1058,1058,935,18152,6454,21159534,2060,128,1306,2811,3788951,3788799,1288,118,127,140,212,5705657,3624020,95,185,2589,290,450,0,140,0,889,6970733,3659,0,768,6,1,4,160,1,4,164,2,2,1,6
9802.06,1625086185880,50.011330447,1,0,0,5,10,4,5,136,2,0,0,0,0,60,5675087,0,32,1,67,9928,2295927,51822,0,1,235253,184286,48907,49400,9838,1439,9866,693,207,1110,1110,980,19290,6772,20934156,2101,130,1311,2811,3808013,3807847,1332,120,130,144,218,5674770,3639615,96,187,2637,285,463,11,144,2,933,6881339,3746,0,794,6,1,4,144,1,4,148,2,2,1,6
9852.07,1625086243167,50.011674110,1,0,0,15,30,10566,34,11743,28,0,0,0,0,193,5520029,0,75,9342,146,9777,2273767,77559,11193,2,275774,221789,127519,117796,33048,14718,20666,819,227,3526,3526,9144,50687,26359,20710701,6985,260,1449,2863,3749796,3749483,3753,118,259,295,373,5519607,3538438,198,342,7593,330,2936,12,303,1,8870,6583637,3994,0,923,81,3,4,11504,9,9358,20862,3,2,1,7
9902.08,1625086300318,50.012672510,1,0,0,14,52,9,135,375,121,0,0,0,0,109,5522209,0,26,4,453,15046,2253918,52327,31,3,233646,182786,57540,58850,33029,22860,23423,12600,427,1055,1055,941,33901,29324,20583874,2046,158,1301,2833,3702215,3702043,1263,85,157,177,252,5521622,3528511,103,219,2606,293,475,0,169,0,899,6692208,4041,0,1331,16,4,18,205,1,6,211,9,22,20,25
9952.09,1625086357426,50.012135969,1,0,0,5,13,4,8,140,2,0,0,0,0,65,5774216,0,25,1,72,6812,2394275,51962,0,1,234513,183615,47353,47801,9615,1686,9590,945,177,1063,1063,935,18370,6551,21463393,2069,132,1309,2811,3805373,3805209,1289,118,131,144,216,5773923,3639582,94,188,2582,289,427,0,144,0,892,6964960,3659,0,793,4,1,7,148,0,3,151,2,2,1,5
10002.1,1625086414532,50.011232032,1,0,0,5,10,4,5,144,2,0,0,0,0,53,5714096,0,27,1,62,8123,2318978,52151,0,1,233462,182817,47391,47532,11053,2695,11054,2016,184,1061,1061,939,18415,8029,21128668,2066,131,1307,2812,3818389,3818225,1298,118,131,144,216,5713203,3652915,94,188,2584,290,435,0,144,0,894,6869096,3627,0,768,6,1,4,156,1,4,160,2,2,1,6
10052.1,1625086471399,50.012313036,1,0,0,5,10,4,5,144,2,0,0,0,0,49,5578086,0,30,1,62,26953,2179417,50184,0,1,233535,182887,45152,45567,9179,1225,9179,504,59,1060,1060,933,17523,6299,20384019,2064,128,1304,2811,3822376,3822216,1227,120,127,139,207,5577682,3658680,89,182,2465,286,346,0,139,0,889,6785696,3433,0,724,6,1,4,148,1,4,152,2,2,1,6
10102.1,1625086528219,50.011140350,1,0,0,5,10,4,5,185,2,0,0,0,0,80,5663644,0,32,1,62,15488,2257060,51499,0,1,232968,182580,48986,49359,9803,1306,9808,630,58,1108,1108,984,19276,6766,20839173,2097,131,1297,2813,3830911,3830756,1242,119,130,143,218,5663183,3664007,95,186,2502,293,378,11,143,2,934,6902966,3533,0,727,6,1,4,148,1,4,152,2,2,1,6
10152.1,1625086585398,50.011145992,1,0,0,5,10,4,5,136,2,0,0,0,0,87,5718033,0,26,1,62,12192,2300348,51311,0,1,232643,182219,48118,48676,9588,1497,9608,819,189,1059,1059,937,18920,6583,21098822,2054,130,1297,2809,3840363,3840205,1297,118,129,146,216,5717665,3674398,95,186,2576,281,432,0,143,0,895,6939564,3620,0,781,6,1,4,154,1,4,158,2,2,1,6
10202.1,1625086642656,50.011788871,1,0,0,5,10,4,5,136,2,0,0,0,0,63,5856475,0,26,1,63,11824,2485521,51383,0,1,233712,183058,48013,48435,9603,1243,9593,756,183,1059,1059,942,18898,6575,21887620,2054,130,1303,2809,3803123,3802969,1289,118,129,142,216,5856145,3636390,95,186,2566,283,424,0,142,0,897,7170096,3648,0,761,6,1,4,153,1,4,157,2,2,1,6
10252.1,1625086699104,50.011899669,1,0,0,5,10,4,5,136,2,0,0,0,0,56,5784002,0,26,0,63,6528,2387498,52659,0,1,234393,183586,48044,48437,9592,1560,9582,1008,184,1064,1064,941,18873,6581,21483176,2063,130,1312,2809,3822961,3822809,1301,118,129,142,216,5783696,3656112,95,186,2590,282,437,0,142,0,898,7004410,3673,0,786,6,1,4,152,1,4,156,2,2,1,6
10302.1,1625086756516,50.009629175,1,0,0,5,10,4,5,140,2,0,0,0,0,75,5954686,0,26,1,57,14550,2536343,51754,0,1,231213,181051,47744,47355,9637,1558,9492,819,206,1051,1051,938,18570,6613,22270549,2045,129,1293,2811,3839469,3839316,1289,106,128,138,213,5954285,3675678,94,183,2576,293,434,0,141,0,892,7252218,3692,0,762,6,1,4,160,1,4,164,2,2,1,6
10352.1,1625086815233,50.012324388,1,0,0,13,28,14,15,933,4,0,0,0,0,244,5415119,0,80,2,85,22431,2160095,53999,29,2,237241,185247,98926,99948,46587,26556,46721,25830,217,1128,1128,1005,65384,40365,19883988,2145,279,1303,2890,3721127,3720784,1351,125,278,324,402,5414766,3518443,208,374,2792,349,581,26,323,5,940,6348514,3934,0,848,40,30,38,351,8,38,389,7,33,5,39
10402.1,1625086871890,50.011295867,1,0,0,5,10,4,5,132,2,0,0,0,1,59,5811047,0,29,1,55,16835,2438307,52958,0,1,233129,182536,46797,46927,9403,1618,9437,1071,176,1060,1060,941,18123,6458,21629024,2064,128,1302,2811,3797101,3796938,1285,108,127,140,212,5810159,3632377,94,184,2590,290,437,0,140,0,894,7048863,3701,0,765,6,1,4,156,1,4,160,2,2,1,6
10452.1,1625086930824,50.011926193,1,0,0,5,10,4,5,136,2,0,0,0,0,62,5826693,0,26,1,62,5642,2437559,52579,0,1,233988,183184,46852,47259,9449,1615,9423,756,190,1062,1062,936,18153,6462,21569787,2068,128,1308,2811,3812768,3812608,1303,118,127,139,212,5826320,3647601,95,185,2602,288,444,0,140,0,894,7026967,3668,0,766,6,1,4,147,1,4,151,2,2,1,6
10502.1,1625086988086,50.011389077,1,0,0,5,10,4,5,136,2,0,0,0,0,86,5861126,0,26,0,64,6088,2487010,52445,0,1,234424,183604,48118,48532,9565,1435,9584,1008,207,1067,1067,937,18911,6563,21868603,2069,130,1308,2809,3799687,3799526,1313,118,129,143,216,5860831,3632778,95,186,2601,282,434,0,143,0,893,7032702,3735,0,789,6,1,4,153,1,4,157,2,2,1,6
10552.1,1625087045546,50.011604612,1,0,0,5,10,4,5,144,2,0,0,0,0,87,5586222,0,28,1,63,12659,2186749,51719,0,1,235095,184133,48619,49024,9736,1314,9735,882,195,1069,1069,941,19163,6674,20299487,2074,134,1310,2809,3827953,3827796,1307,118,133,146,220,5585865,3660087,95,190,2604,283,437,0,146,0,896,6656739,3698,0,793,6,1,4,153,1,4,157,2,2,1,6
10602.1,1625087102590,50.012141500,1,0,0,5,10,4,5,136,2,0,0,0,0,74,5660521,0,34,1,68,16021,2284064,52666,0,1,233663,183134,48656,49093,9775,1371,9834,1197,58,1109,1109,982,19299,6754,20786903,2100,130,1301,2811,3807256,3807101,1247,118,130,146,218,5660248,3640092,95,186,2503,285,374,11,144,2,933,6795163,3576,0,750,6,1,4,154,1,4,158,2,2,1,5
10652.1,1625087159921,50.011402613,1,0,0,5,10,4,5,136,2,0,0,0,0,68,5587399,0,26,1,62,19309,2200301,49577,0,1,234429,183699,47912,48365,9557,1301,9569,882,58,1067,1067,940,18896,6568,20454613,2070,130,1306,2809,3814649,3814492,1228,118,129,142,216,5587067,3647865,94,185,2473,283,350,0,142,0,894,6801885,3521,0,727,4,1,4,151,1,4,155,2,2,1,4
10702.1,1625087216577,50.011447106,1,0,0,5,10,4,5,136,2,0,0,0,0,49,5791072,0,26,2,71,15602,2390497,52099,0,1,234066,183250,46756,47152,9440,1993,9429,1197,159,1057,1057,939,18152,6470,21341543,2058,128,1306,5371,3830474,3830315,1275,117,127,140,212,5790667,3662812,94,184,2563,288,428,0,140,0,897,6928169,3639,0,774,6,1,4,152,1,4,156,2,2,1,6
10752.1,1625087273232,50.011987275,1,0,0,5,10,4,5,136,2,0,0,0,0,67,5855110,0,26,2,64,15754,2470207,51826,0,1,234296,183446,46755,47152,9428,1868,9422,1323,177,1064,1064,944,18158,6441,21780953,2072,128,1308,2811,3809552,3809395,1294,118,127,139,212,5854764,3644417,94,184,2586,290,427,0,139,0,899,7061495,3637,0,767,6,1,4,153,1,4,157,2,2,1,5
10802.1,1625087330009,50.011314220,1,0,0,5,10,4,5,136,2,0,0,0,0,81,5801672,0,26,2,62,15557,2424242,51739,0,1,231807,181501,46742,47177,9453,1616,9456,945,195,1053,1053,936,18168,6458,21613952,2050,127,1301,2811,3797896,3797745,1295,118,127,140,212,5801339,3634380,94,184,2573,288,428,0,140,0,894,7246784,3694,0,789,8,1,4,149,1,4,153,8,2,1,10
10852.1,1625087387186,50.010907256,1,0,0,5,10,4,5,136,2,0,0,0,0,54,5706686,0,27,2,61,8750,2287643,51869,0,1,234764,183882,48000,48415,9583,1435,9608,882,186,1067,1067,946,18865,6604,20908359,2070,130,1309,2809,3845129,3844968,1300,118,129,142,216,5705761,3677875,95,186,2593,284,432,0,143,0,898,7013014,3664,0,773,8,1,4,156,1,4,160,8,2,1,10
10902.1,1625087444321,50.011931433,1,0,0,5,10,4,5,136,2,0,0,0,0,80,5765394,0,26,2,63,4139,2361170,52710,0,1,234773,183857,48115,48629,9583,1434,9577,819,178,1062,1062,937,18908,6586,21322311,2060,129,1309,2809,3830918,3830764,1299,117,129,145,216,5765049,3663687,96,187,2591,281,443,0,144,0,895,7120587,3691,0,795,8,1,4,157,1,4,161,8,2,1,10
10952.1,1625087501412,50.012704360,1,0,0,5,10,4,5,144,2,0,0,0,0,78,5794579,0,28,1,63,8656,2405819,51396,0,1,233512,182852,46553,46985,9389,1619,9406,945,185,1060,1060,948,18293,6432,21550444,2056,129,1303,2809,3812388,3812228,1290,117,129,142,211,5794255,3647146,91,185,2575,282,431,0,142,0,902,7036847,3647,0,786,4,1,4,152,1,4,156,2,2,1,4
11002.1,1625087559057,50.011222557,1,0,0,5,10,4,5,144,2,0,0,0,0,100,5763021,0,29,1,62,12876,2378251,51348,0,1,231949,181626,47324,47699,9584,1309,9573,693,178,1056,1056,935,18484,6562,21364139,2052,132,1296,2810,3806545,3806388,1291,118,131,143,216,5762768,3641980,94,188,2579,286,437,0,143,0,891,7007149,3600,0,785,6,1,4,160,1,4,164,2,2,1,6
11052.1,1625087616643,50.012050901,1,0,0,5,10,4,5,128,2,0,0,0,0,71,5837995,0,25,1,60,15368,2444941,51620,0,1,232584,182106,46272,46668,9290,1356,9285,630,190,1052,1052,933,17918,6373,21704990,2047,123,1305,2811,3815708,3815551,1293,118,123,136,208,5837610,3651804,94,180,2566,289,424,0,136,0,891,7093361,3655,0,790,6,1,4,153,1,4,157,2,2,1,5
11102.1,1625087673524,50.011495135,1,0,0,5,10,4,5,128,2,0,0,0,0,78,5768842,0,26,1,63,18982,2376666,51590,0,1,232357,182007,46108,46532,9273,1222,9275,1008,58,1058,1058,932,17882,6360,21402501,2060,124,1298,2811,3816293,3816146,1223,118,123,136,208,5768479,3652964,93,179,2458,289,346,0,135,0,887,7131788,3455,0,737,8,1,4,153,1,4,157,8,2,1,10
11152.1,1625087730977,50.011921137,1,0,0,5,10,4,5,128,2,0,0,0,0,80,5584975,0,32,1,62,10931,2239769,52187,0,1,233881,183215,46810,47254,9520,1103,9513,504,58,1108,1108,980,18278,6554,20606586,2106,125,1305,2813,3771997,3771840,1246,118,124,137,210,5584586,3607270,94,180,2505,292,371,11,137,2,932,6911039,3501,0,737,8,1,4,151,1,4,155,8,2,1,10
11202.1,1625087788031,50.012000524,1,0,0,5,10,4,5,153,2,0,0,0,0,61,5746491,0,26,1,61,14850,2344437,50571,0,1,233970,183343,49709,50119,9986,1385,10003,756,58,1060,1060,940,19692,6850,21309438,2056,138,1303,2809,3828519,3828356,1221,118,137,152,227,5746146,3660924,96,194,2462,285,353,0,152,0,894,7096302,3504,0,740,8,1,4,151,1,4,155,8,2,1,10
11252.1,1625087845579,50.011681008,1,0,0,5,10,4,5,136,2,0,0,0,0,77,5849325,0,26,1,62,13003,2472972,51374,0,1,233432,182841,48022,48433,9586,1117,9598,756,178,1061,1061,941,18888,6573,21821152,2058,130,1302,2809,3800694,3800540,1290,117,129,142,216,5848979,3634392,95,186,2573,282,427,0,142,0,898,7303235,3609,0,765,8,1,4,153,1,4,157,8,2,1,10
11302.1,1625087902454,50.011364667,1,0,0,5,10,4,5,136,2,0,0,0,0,105,5837460,0,26,1,62,17026,2470425,51843,0,1,231892,181650,47995,48300,9600,1559,9592,945,172,1056,1056,938,18886,6577,21755994,2048,130,1298,2809,3790707,3790549,1281,118,129,138,216,5837017,3625001,95,186,2563,284,428,0,142,0,892,7275668,3545,0,759,8,1,4,156,1,4,160,8,2,1,10
11352.1,1625087959476,50.011539007,1,0,0,5,10,4,5,136,2,0,0,0,0,64,6013521,0,25,1,63,5361,2643226,52128,0,1,234052,183307,48084,48423,9569,1498,9586,945,183,1064,1064,944,18842,6574,22704574,2064,130,1306,2810,3796687,3796524,1298,117,129,142,216,6012628,3629689,96,187,2600,286,452,0,144,0,902,7531476,3646,0,778,8,1,4,152,1,4,156,8,2,1,10
11402.1,1625088016712,50.012072825,1,0,0,5,10,4,5,138,2,0,0,0,0,67,5645111,0,31,1,61,17481,2303490,51124,0,1,232139,181722,45407,45835,9221,975,9237,630,153,1101,1101,975,17636,6376,20720847,2092,124,1297,2813,3765500,3765355,1292,118,124,135,205,5644785,3602136,91,180,2601,294,453,11,135,2,925,6836233,3614,0,754,8,1,4,141,1,4,145,8,2,1,10
11452.1,1625088073803,50.011325398,1,0,0,5,10,4,5,136,2,0,0,0,0,56,5739732,0,28,2,62,16389,2369521,51001,0,1,233686,182956,46696,47090,9465,1490,9462,630,189,1064,1064,940,18138,6462,21305690,2072,127,1305,2811,3797360,3797209,1302,118,127,140,212,5739408,3632575,94,184,2591,290,425,0,139,0,894,7134572,3648,0,784,7,1,4,145,1,4,149,7,2,1,9
11502.1,1625088131034,50.011923432,1,0,0,5,10,4,5,128,2,0,0,0,0,65,5711676,0,26,2,60,15555,2331660,51681,0,1,233337,182692,46327,46666,9294,1296,9308,1008,203,1066,1066,949,17928,6358,21146938,2076,124,1303,2811,3803514,3803366,1312,118,123,135,208,5711274,3639225,94,180,2606,296,432,0,137,0,898,7055759,3644,0,789,8,1,4,154,1,4,158,8,2,1,10
11552.1,1625088187871,50.011279439,1,0,0,5,10,4,5,136,2,0,0,0,0,74,5706751,0,30,2,60,11091,2325826,51065,0,1,234935,184025,48007,48444,9558,1685,9593,1260,195,1068,1068,942,18873,6596,20998057,2072,129,1310,2809,3809695,3809530,1310,117,129,142,216,5705827,3642485,95,186,2590,282,420,0,142,0,897,7051043,3636,0,783,8,1,4,149,1,4,153,8,2,1,10
11602.1,1625088245250,50.011544141,1,0,0,5,10,4,5,128,2,0,0,0,0,66,5760229,0,26,2,61,7728,2372181,52155,0,1,233641,182988,47551,48045,9461,1867,9471,1386,190,1063,1063,943,18655,6486,21266490,2062,127,1304,2809,3813847,3813697,1299,119,125,139,212,5759894,3647982,95,182,2583,283,433,0,139,0,898,7109620,3671,0,788,8,1,4,148,1,4,152,8,2,1,10
11652.1,1625088302792,50.016393301,1,0,0,5,10,4,5,136,2,0,0,0,0,105,5786230,0,32,2,61,17451,2398814,51706,0,1,233846,183276,48610,49073,9799,1746,9783,1071,58,1110,1110,977,19315,6749,21373076,2102,130,1302,2811,3814496,3814332,1248,118,130,143,218,5785826,3647339,95,186,2500,284,372,11,143,2,930,7118509,3516,0,737,7,1,4,155,1,4,159,7,2,1,9
11702.1,1625088359943,50.012189997,1,0,0,5,10,4,5,136,2,0,0,0,0,75,5741952,0,26,1,60,17541,2356612,50960,0,1,232608,182301,48032,48058,9574,1553,9584,1008,58,1060,1060,939,18851,6564,21206185,2056,129,1298,2810,3810618,3810464,1220,118,129,140,216,5741533,3644415,94,185,2453,284,350,0,142,0,896,6966573,3465,0,717,8,1,4,151,1,4,155,8,2,1,10
11752.1,1625088416983,50.011645011,1,0,0,5,10,4,5,136,2,0,0,0,0,62,5821450,0,25,1,62,12213,2438072,52567,0,1,234130,183321,46786,47242,9438,1554,9427,882,139,1061,1061,944,18137,6454,21685732,2066,128,1307,5371,3810681,3810529,1273,118,127,141,212,5821012,3643135,93,183,2563,290,418,0,140,0,900,7060049,3665,0,774,8,1,4,153,1,4,157,8,2,1,10
11802.1,1625088473880,50.012094239,1,0,0,5,10,4,5,144,2,0,0,0,0,85,5860660,0,27,1,63,16722,2508274,52633,0,1,234353,183478,47273,47681,9596,1435,9594,882,190,1063,1063,937,18374,6557,21899141,2070,132,1308,2811,3781560,3781396,1304,117,131,143,216,5860284,3615975,94,188,2603,289,438,0,144,0,891,7094959,3662,0,795,8,1,4,154,1,4,158,8,2,1,10
11852.1,1625088531191,50.011596073,1,0,0,5,10,4,5,136,2,0,0,0,0,57,5833351,0,26,0,63,13799,2428276,52021,0,1,233823,183054,46656,47180,9429,1742,9419,1071,178,1056,1056,938,18173,6444,21662708,2056,128,1310,2810,3830736,3830584,1289,118,127,139,212,5833044,3665845,94,184,2572,286,426,0,139,0,893,7260900,3638,0,784,8,1,4,147,1,4,151,8,2,1,10
11902.1,1625088587957,50.011386083,1,0,0,5,10,4,5,136,2,0,0,0,0,78,5730467,0,29,1,63,15304,2359144,51747,0,1,233294,182715,48047,48485,9604,1559,9585,1008,172,1060,1060,939,18908,6566,21219410,2056,130,1300,2809,3795897,3795742,1289,118,129,143,216,5730136,3629508,95,186,2579,281,438,0,143,0,895,7120367,3687,0,788,8,1,4,158,1,4,162,8,2,1,10
11952.1,1625088645423,50.011959366,1,0,0,5,10,4,5,146,2,0,0,0,0,74,5630496,0,34,1,62,14873,2241147,51792,0,1,234882,183977,49328,49742,9987,1637,9987,945,183,1115,1115,987,19534,6862,20614621,2112,134,1307,2811,3817636,3817477,1322,118,134,148,222,5630110,3648875,97,192,2644,287,471,11,149,2,936,6864721,3744,0,792,8,1,4,154,1,4,158,8,2,1,10
12002.1,1625088702699,50.015140968,1,0,0,5,10,4,5,136,2,0,0,0,0,69,5638122,0,27,2,62,21830,2240219,50874,0,1,231026,180910,46415,46764,9290,1298,9289,819,196,1052,1052,930,18272,6376,20690181,2040,127,1292,2809,3819605,3819456,1293,117,126,138,210,5637764,3655937,93,183,2566,280,430,0,141,0,887,6801976,3645,0,795,6,1,4,153,1,4,157,2,2,1,6
12052.1,1625088759643,50.011329352,1,0,0,5,10,4,5,136,2,0,0,0,0,82,5683443,0,26,2,63,15468,2312462,51014,0,1,230936,180825,46585,47055,9402,1679,9405,1071,153,1051,1051,934,18104,6459,21034105,2046,128,1291,2809,3793943,3793793,1265,119,127,140,212,5683117,3630637,94,184,2546,283,425,0,140,0,889,6896497,3582,0,760,6,1,4,144,1,4,148,2,2,1,6
12102.1,1625088816821,50.011581937,1,0,0,5,10,4,5,136,2,0,0,0,0,76,5784359,0,26,2,61,11726,2369217,51801,0,1,234313,183448,46826,47252,9454,1427,9470,1071,203,1063,1063,943,18174,6462,21286401,2069,128,1312,2811,3838337,3838185,1309,118,127,139,212,5783910,3673078,94,184,2600,288,435,0,139,0,901,7054659,3669,0,778,8,1,4,149,1,4,153,8,2,1,10
12152.1,1625088873824,50.011709678,1,0,0,5,10,4,5,136,2,0,0,0,0,73,5693850,0,26,2,60,7859,2308682,51024,0,1,234379,183494,46816,47259,9437,1302,9435,630,191,1065,1065,945,18167,6441,21006481,2073,128,1310,2811,3809331,3809171,1303,118,127,140,212,5693500,3644165,94,184,2599,290,433,0,139,0,900,6915178,3671,0,767,8,1,4,154,1,4,158,8,2,1,10
12202.1,1625088930588,50.011147994,1,0,0,5,10,4,5,138,2,0,0,0,0,81,5687973,0,33,2,63,15487,2309067,51629,0,1,234231,183497,47271,47713,9607,1553,9629,1134,59,1108,1108,976,18574,6639,20990592,2106,129,1306,2812,3804945,3804796,1248,120,128,141,214,5687526,3639683,94,184,2506,287,371,11,141,2,928,6958856,3527,0,724,8,1,4,154,1,4,158,8,2,1,10
12252.1,1625088987397,50.011663389,1,0,0,5,10,4,5,136,2,0,0,0,0,79,5753561,0,26,2,66,9223,2346507,51500,0,1,234090,183441,47923,48320,9561,1239,9557,693,58,1067,1067,945,18914,6580,21180845,2070,130,1304,2809,3832086,3831930,1228,118,129,143,216,5753250,3665745,94,185,2466,280,347,0,143,0,903,7084242,3495,0,721,8,1,4,153,1,4,157,8,2,1,10
12302.1,1625089044312,50.010774779,1,0,0,5,10,4,5,136,2,0,0,0,0,88,5740463,0,26,2,69,10938,2326475,52587,0,1,234948,184016,48036,48461,9563,1371,9588,1008,183,1070,1070,935,18872,6584,21038854,2076,130,1309,2809,3840315,3840150,1300,118,129,143,216,5739334,3673102,95,186,2589,282,429,0,143,0,892,6926073,3675,0,772,8,1,4,153,1,4,157,8,2,1,10
12352.1,1625089101737,50.011743662,1,0,0,5,10,4,5,144,2,0,0,0,0,82,5830974,0,28,2,65,16477,2410101,52302,0,1,234078,183348,48663,49046,9753,1569,9751,1008,183,1065,1065,942,19143,6683,21440373,2065,133,1308,2810,3847424,3847266,1299,117,133,146,220,5830647,3680169,95,190,2591,285,438,0,147,0,899,6958832,3656,0,793,8,1,4,152,1,4,156,8,2,1,10
12402.1,1625089158910,50.012003171,1,0,0,5,10,4,5,136,2,0,0,0,0,67,5803627,0,27,2,62,14833,2417449,51794,0,1,233253,182629,46717,47162,9447,1679,9439,1197,189,1055,1055,939,18134,6445,21543557,2054,127,1304,2810,3810265,3810109,1293,118,127,139,212,5803339,3645810,94,184,2573,288,424,0,139,0,892,6975850,3642,0,792,8,1,4,150,1,4,154,8,2,1,10
12452.1,1625089216072,50.011857265,1,0,0,5,10,4,5,144,2,0,0,0,0,73,5760935,0,35,2,63,9373,2375165,52420,0,1,234467,183580,47986,48427,9756,1691,9763,1260,156,1107,1107,973,18781,6727,21279349,2104,133,1307,2813,3810760,3810603,1301,118,132,145,218,5760554,3644320,95,189,2621,292,460,11,144,2,924,7091425,3677,0,772,8,1,4,154,1,4,158,8,2,1,10
12502.1,1625089273019,50.012272861,1,0,0,5,10,4,5,144,2,0,0,0,0,56,5881945,0,28,1,63,11663,2500017,52151,0,1,233932,183123,47257,47610,9598,1435,9594,945,189,1057,1057,941,18385,6533,21915841,2058,132,1306,2811,3804645,3804488,1299,118,131,144,216,5881507,3639172,95,189,2595,290,446,0,144,0,895,7304187,3692,0,804,8,1,4,156,1,4,160,8,2,1,10
12552.1,1625089330065,50.012009865,1,0,0,5,10,4,5,136,2,0,0,0,0,59,5947420,0,27,1,61,14743,2584878,52037,0,1,233312,182743,48085,48536,9577,1687,9603,1071,173,1056,1056,939,18902,6587,22279929,2048,130,1302,2810,3787913,3787750,1278,118,129,144,216,5947040,3621315,95,186,2555,284,427,0,144,0,896,7114880,3697,0,786,8,1,4,154,1,4,158,8,2,1,10
12602.1,1625089387273,50.012617697,1,0,0,5,10,4,5,136,2,0,0,0,0,71,5885517,0,26,2,62,9864,2511845,52260,0,1,233648,182998,48042,48474,9601,1307,9598,882,184,1054,1054,942,18926,6584,22031951,2044,130,1304,2809,3798767,3798601,1287,118,129,142,216,5885135,3632208,95,186,2565,283,432,0,143,0,897,7147315,3662,0,789,8,1,4,155,1,4,159,8,2,1,10
12652.1,1625089444204,50.011880273,1,0,0,5,10,4,5,136,2,0,0,0,0,49,5872272,0,26,1,62,5886,2501398,51301,0,1,233919,183204,48016,48404,9581,1372,9597,882,191,1054,1054,938,18885,6589,21975067,2044,130,1310,2809,3794572,3794416,1288,118,129,142,216,5871995,3627702,95,186,2562,281,430,0,143,0,896,7054771,3675,0,781,6,1,4,150,1,4,154,2,2,1,5
12702.1,1625089501567,50.011799096,1,0,0,5,10,4,5,144,2,0,0,0,0,50,5807558,0,27,2,62,22263,2487656,51772,0,1,233454,182874,48681,49114,9761,1378,9774,756,185,1058,1058,942,19137,6677,21783293,2052,134,1301,2810,3754831,3754669,1293,119,133,146,220,5807173,3587456,95,190,2582,287,438,0,146,0,895,7057686,3705,0,781,8,1,4,159,1,4,163,8,2,1,10
12752.1,1625089558563,50.011507034,1,0,0,5,10,4,5,138,2,0,0,0,0,64,5678145,0,33,2,63,11268,2338745,51098,0,1,232823,182401,47351,47721,9648,1614,9668,819,58,1100,1100,970,18531,6642,21026548,2090,129,1300,2813,3762454,3762302,1238,117,128,140,214,5677711,3597347,94,184,2493,291,373,11,140,2,921,6852745,3509,0,718,6,1,4,152,1,4,156,2,2,1,6
12802.1,1625089615886,50.011556666,1,0,0,5,10,4,5,144,2,0,0,0,0,38,5848343,0,29,2,65,3296,2468766,51458,0,1,233754,183105,47154,47669,9586,987,9586,315,58,1060,1060,935,18382,6554,21796111,2064,131,1304,2811,3803137,3802981,1225,118,131,145,216,5847959,3637974,93,187,2466,287,349,0,144,0,890,7017343,3498,0,726,6,1,4,160,1,4,164,2,2,1,6
12852.1,1625089672635,50.012562315,1,0,0,5,10,4,5,144,2,0,0,0,0,64,5798003,0,29,2,62,15373,2437546,52089,0,1,234020,183208,47156,47584,9556,1623,9546,882,184,1059,1059,934,18399,6573,21636618,2062,132,1306,2810,3786002,3785841,1296,118,131,143,216,5797703,3620509,94,188,2586,284,432,0,143,0,890,6960702,3650,0,774,6,1,4,151,1,4,155,2,2,1,6
12902.1,1625089729599,50.011766770,1,0,0,5,10,4,5,346,2,0,0,0,0,106,5589245,0,99,2,62,10973,2216114,52293,1,1,234343,183459,59263,59181,12391,2287,11926,1008,196,1095,1095,1057,25280,8798,20494486,2126,159,1303,2838,3805263,3805075,1330,118,155,174,261,5588912,3630886,112,217,2786,352,618,2,176,0,917,6788495,3802,0,822,9,1,4,175,2,4,179,3,3,2,9
12952.1,1625089787114,50.012028981,1,0,0,5,10,4,5,142,2,0,0,0,0,89,5719805,0,44,1,62,4714,2327185,52412,0,1,235250,184406,51974,52392,10266,1208,10212,504,190,1094,1094,1000,20416,7038,21047451,2123,135,1308,2809,3822281,3822108,1331,119,134,149,228,5719472,3651373,102,195,2681,286,466,0,151,0,935,7125810,3741,0,841,6,1,4,164,1,4,168,2,2,1,6
