time,timestamp,seconds,connectivity,alarmtimer:alarmtimer_fired,alarmtimer:alarmtimer_start,block:block_bio_backmerge,block:block_bio_remap,block:block_dirty_buffer,block:block_getrq,block:block_touch_buffer,block:block_unplug,cachefiles:cachefiles_create,cachefiles:cachefiles_lookup,cachefiles:cachefiles_mark_active,clk:clk_set_rate,cpu-migrations,cs,dma_fence:dma_fence_init,fib:fib_table_lookup,filemap:mm_filemap_add_to_page_cache,gpio:gpio_value,ipi:ipi_raise,irq:irq_handler_entry,irq:softirq_entry,jbd2:jbd2_handle_start,jbd2:jbd2_start_commit,kmem:kfree,kmem:kmalloc,kmem:kmem_cache_alloc,kmem:kmem_cache_free,kmem:mm_page_alloc,kmem:mm_page_alloc_zone_locked,kmem:mm_page_free,kmem:mm_page_pcpu_drain,mmc:mmc_request_start,net:net_dev_queue,net:net_dev_xmit,net:netif_rx,page-faults,pagemap:mm_lru_insertion,preemptirq:irq_enable,qdisc:qdisc_dequeue,random:get_random_bytes,random:mix_pool_bytes_nolock,random:urandom_read,raw_syscalls:sys_enter,raw_syscalls:sys_exit,rpm:rpm_resume,rpm:rpm_suspend,sched:sched_process_exec,sched:sched_process_free,sched:sched_process_wait,sched:sched_switch,sched:sched_wakeup,signal:signal_deliver,signal:signal_generate,skb:consume_skb,skb:kfree_skb,skb:skb_copy_datagram_iovec,sock:inet_sock_set_state,task:task_newtask,tcp:tcp_destroy_sock,tcp:tcp_probe,timer:hrtimer_start,timer:timer_start,udp:udp_fail_queue_rcv_skb,workqueue:workqueue_activate_work,writeback:global_dirty_state,writeback:sb_clear_inode_writeback,writeback:wbc_writepage,writeback:writeback_dirty_inode,writeback:writeback_dirty_inode_enqueue,writeback:writeback_dirty_page,writeback:writeback_mark_inode_dirty,writeback:writeback_pages_written,writeback:writeback_single_inode,writeback:writeback_write_inode,writeback:writeback_written
50.0088,1624969259763,50.008836674,1,0,0,6,16,4,10,893,2,0,0,0,28,48,6533224,0,58,3,136,11886,2341141,21643,1,2,198674,143626,67197,67201,26156,13710,26145,13323,68,1109,1109,33,46302,22206,23183283,2277,138,428,2826,4454497,4454334,104,119,138,150,228,6532816,4224584,93,189,3221,336,1404,0,150,0,924,8194147,2980,0,556,6,2,8,260,15,0,260,6,4,3,8
100.017,1624969316549,50.008480414,1,0,0,5,10,4,5,196,2,0,0,0,18,71,6597417,0,58,2,116,24102,2403837,21354,0,1,195499,141646,63856,64282,22923,11625,22932,11087,58,1114,1114,37,41246,19142,23559109,2279,137,426,2820,4448217,4448056,102,118,137,150,228,6596965,4222837,94,189,3049,323,1167,0,150,0,927,8328061,2889,0,524,8,1,4,215,13,4,219,8,2,1,10
150.026,1624969373158,50.009099211,1,0,0,5,10,4,5,157,2,0,0,0,34,51,6628072,0,43,2,116,22546,2461301,21550,0,1,195473,141710,61774,62125,22528,11376,22069,10520,58,1108,1108,37,40637,19043,23834589,2267,112,427,2825,4423190,4423055,102,117,110,122,200,6627882,4199343,94,161,3049,331,1189,0,123,0,925,8392887,2901,0,499,8,1,4,239,13,4,243,8,2,1,10
200.034,1624969429306,50.008485285,1,0,0,5,13,4,8,154,2,0,0,0,30,53,6436734,0,32,5,124,14700,2284793,21221,0,1,196967,142637,61240,61690,24343,13462,24352,13575,62,1145,1146,64,44157,21090,22743274,2287,82,428,2826,4407992,4407880,110,125,81,94,174,6436145,4182412,95,132,3220,333,1438,11,97,2,960,8080605,2964,0,497,8,1,4,259,16,4,263,8,2,1,10
250.043,1624969485425,50.009158646,1,0,0,5,10,4,5,206,2,0,0,0,54,57,6689618,0,57,2,118,13823,2517885,21798,0,1,197130,142847,65498,66363,25946,13732,25987,13670,59,1099,1099,33,46101,22109,24213041,2257,136,431,2824,4430550,4430393,104,120,134,148,224,6689417,4202678,93,185,3196,330,1402,0,146,0,916,8525592,3040,0,616,8,1,4,262,16,4,266,8,2,1,10
300.052,1624969542272,50.008728701,1,0,0,5,10,4,5,219,2,0,0,0,18,57,6612294,0,58,2,116,11608,2420114,22093,0,1,197206,142849,65968,66550,26126,13703,26109,13261,58,1103,1103,33,46288,22187,23662262,2265,139,426,5384,4454956,4454794,102,118,138,150,228,6611922,4223892,93,189,3203,329,1402,0,150,0,917,8193153,2914,0,591,4,1,4,244,16,4,248,2,2,1,4
350.062,1624969599552,50.009905739,1,0,0,5,10,4,5,149,2,0,0,0,5,63,6293025,0,61,2,116,20174,2123967,21106,0,1,194240,140464,58240,58687,21580,10487,21622,10362,58,1112,1112,33,38795,18280,21804812,2283,104,427,2820,4418399,4418274,102,118,103,115,192,6292498,4199013,93,155,3053,325,1165,0,115,0,914,7766770,2790,0,509,6,1,4,231,13,4,235,2,2,1,6
400.071,1624969656343,50.008720698,1,0,0,5,10,4,5,114,2,0,0,0,2,51,6332634,0,76,2,116,7749,2144609,21545,0,1,197113,142714,61606,62103,24390,13372,24421,13135,58,1120,1120,37,44288,21105,21979728,2291,89,427,2826,4448477,4448352,102,116,88,101,180,6332169,4222193,94,139,3248,339,1415,0,101,0,923,7760949,2861,0,467,6,1,4,254,16,4,258,2,2,1,6
450.08,1624969713373,50.009139598,1,0,0,5,10,4,5,106,2,0,0,0,42,43,6692737,0,61,2,118,7899,2492199,21604,0,1,197087,142764,61823,62633,24489,13276,24527,12883,59,1158,1159,64,44438,21203,24106320,2313,87,429,2828,4458004,4457896,104,119,85,99,178,6692675,4231633,95,136,3264,340,1442,11,99,2,964,8245030,2986,0,487,6,1,4,249,16,4,253,2,2,1,6
500.089,1624969770670,50.008737456,1,0,0,5,10,4,5,86,2,0,0,0,82,42,6512661,0,27,2,116,8145,2363802,20939,0,1,193585,140117,55643,56326,20659,11055,20696,10898,58,1096,1096,37,37879,17691,23173716,2243,74,432,2818,4399707,4399611,102,118,73,90,164,6512388,4182654,94,125,2994,316,1163,0,87,0,921,8095862,3048,0,500,6,1,4,244,13,4,248,2,2,1,6
550.098,1624969827251,50.008945466,1,0,0,5,10,4,5,93,2,0,0,0,56,60,6589872,0,38,2,116,12206,2424844,20747,0,1,195420,141739,58093,57952,23810,13734,21176,11213,58,1095,1095,33,41926,20736,23605193,2249,78,428,2824,4418578,4418479,102,118,77,82,165,6589652,4198375,93,128,3047,324,1211,0,89,0,912,8218222,2899,0,466,6,1,4,238,13,4,242,2,2,1,5
600.107,1624969883678,50.009341680,1,0,0,5,10,4,5,110,2,0,0,0,6,46,6302758,0,57,2,116,8784,2157341,20285,0,1,196318,142010,59901,60710,24255,13714,24303,13733,58,1104,1104,33,43548,21021,21971001,2266,87,426,2824,4402479,4402372,102,118,86,98,176,6302612,4178908,93,137,3204,329,1396,0,98,0,913,7737458,2768,0,489,4,1,4,253,16,4,257,2,2,1,4
650.116,1624969940622,50.009176443,1,0,0,5,10,4,5,142,2,0,0,0,38,54,6432205,0,58,2,116,16777,2289745,21387,0,1,196948,142588,61954,62777,24816,13919,24859,13639,58,1105,1105,33,44423,21368,22776383,2269,103,428,2826,4397297,4397173,102,116,102,114,192,6432040,4171870,93,153,3210,336,1405,0,114,0,920,7955937,2970,0,507,6,1,4,255,16,4,259,2,2,1,6
700.125,1624969997642,50.009297024,1,0,0,5,12,4,7,114,2,0,0,0,2,56,6307867,0,59,4,120,15178,2121110,20447,0,1,194242,140466,59798,60648,21559,11452,21583,11370,60,1114,1114,37,39301,18278,21837475,2279,93,425,2828,4437238,4437127,106,122,91,105,183,6307696,4215483,94,142,3083,329,1203,0,104,0,919,7835309,2852,0,500,6,1,4,258,19,4,262,2,2,1,5
750.134,1624970054455,50.009252405,1,0,0,5,10,4,5,113,2,0,0,0,50,51,6618154,0,62,2,118,20918,2410744,22240,0,1,197077,142784,62263,63126,24633,13939,24692,13449,59,1160,1161,64,44675,21292,23639365,2317,91,428,2828,4466658,4466548,104,120,89,103,182,6617967,4240075,95,140,3262,340,1436,11,102,2,958,8313932,3041,0,501,8,1,4,266,16,4,270,8,2,1,10
800.143,1624970111561,50.009201628,1,0,0,5,10,4,5,88,2,0,0,0,26,73,6339261,0,31,2,116,21009,2152808,20942,0,1,196005,141929,60024,60867,24016,13925,24063,13701,58,1100,1100,37,43645,20850,22047143,2251,78,429,2825,4443356,4443259,102,118,76,89,168,6339033,4219293,94,127,3179,333,1405,0,89,0,927,7888380,2889,0,464,8,1,4,257,16,4,261,8,2,1,10
850.153,1624970168482,50.009511522,1,0,0,5,10,4,5,79,2,0,0,0,10,72,6369175,0,33,2,116,8030,2179672,20560,0,1,193793,139785,57047,58205,22940,13667,23769,13952,58,1092,1092,33,41714,19861,22184520,2243,75,425,2819,4441092,4441000,102,118,73,87,164,6369116,4221098,93,125,3151,322,1380,0,85,0,912,7895250,2791,0,462,8,1,4,250,16,4,254,8,2,1,10
900.162,1624970225001,50.009142764,1,0,0,5,10,4,5,95,2,0,0,0,48,47,6473784,0,55,2,116,16198,2281639,20696,0,1,193211,139706,55662,56569,20912,11033,20982,11055,58,1101,1101,33,37758,17823,22763523,2261,84,427,2818,4441511,4441404,102,118,83,96,172,6473587,4225252,93,135,3023,318,1156,0,95,0,912,8027387,2854,0,464,6,1,4,226,13,4,230,2,2,1,6
950.171,1624970281881,50.009320084,1,0,0,5,10,4,5,123,2,0,0,0,76,60,6435015,0,62,2,116,14915,2263460,21232,0,1,196016,141924,60328,61109,24366,13559,24467,13480,58,1103,1103,33,43732,21081,22660880,2265,92,428,5384,4431528,4431421,102,118,90,102,180,6434903,4205878,93,141,3204,334,1399,0,102,0,910,7910996,2992,0,499,6,1,4,252,16,4,256,2,2,1,6
1000.18,1624970339432,50.011173465,1,0,0,5,10,4,5,117,2,0,0,0,48,55,6665606,0,64,2,118,5169,2435008,21598,0,1,196944,142576,61309,62039,24589,14320,24669,13984,59,1155,1156,60,44222,21261,23819147,2315,94,430,2828,4486842,4486728,104,120,91,104,182,6665411,4261746,94,142,3267,340,1433,11,104,2,952,8153828,3014,0,498,6,1,4,270,16,4,274,2,2,1,6
1050.19,1624970396859,50.009241381,1,0,0,5,10,4,5,97,2,0,0,0,10,56,6369354,0,57,2,116,7600,2168280,20094,0,1,194219,140472,56894,57691,20948,11222,21010,10866,58,1118,1118,37,38318,17868,22111251,2287,83,431,2820,4453269,4453173,102,118,81,95,172,6369235,4234196,94,133,3057,323,1166,0,95,0,927,7855908,2705,0,447,6,1,4,233,13,4,237,2,2,1,5
1100.2,1624970453674,50.008989578,1,0,0,5,10,4,5,116,2,0,0,0,54,48,6445405,0,47,2,116,22589,2242064,21262,0,1,196851,142608,61061,61579,24296,14058,24301,13481,58,1111,1111,37,44084,21011,22625682,2273,85,428,2826,4460120,4459998,102,118,84,97,176,6444998,4234849,94,135,3211,336,1410,0,97,0,926,8021026,2967,0,498,8,1,4,244,16,4,248,8,2,1,10
1150.21,1624970510741,50.013150335,1,0,0,5,10,4,5,90,2,0,0,0,25,59,6786413,0,25,2,116,11822,2564066,21327,0,1,195320,141442,59941,60771,23961,13703,24040,13418,58,1092,1092,37,43665,20846,24552707,2235,78,424,2824,4478178,4478076,102,118,76,89,168,6786155,4254847,94,127,3158,329,1403,0,89,0,920,8640139,2878,0,474,8,1,4,270,16,4,274,8,2,1,10
1200.22,1624970567603,50.009716781,1,0,0,5,10,4,5,99,2,0,0,0,4,44,6088399,0,63,2,116,20877,1965283,20607,0,1,191414,138094,58054,59204,21924,11731,24082,13417,58,1085,1085,33,40960,18689,20779618,2229,90,418,2818,4371992,4371880,102,118,89,103,180,6088217,4153916,93,141,3157,321,1374,0,101,0,903,7208486,2752,0,473,4,1,4,245,16,4,249,2,2,1,4
1250.23,1624970624765,50.009108317,1,0,0,5,10,4,5,99,2,0,0,0,74,49,6529867,0,60,2,116,10620,2348094,21562,0,1,193638,140095,56909,57733,21263,11072,21322,10803,58,1143,1144,60,38371,18121,23178763,2291,90,429,2820,4428979,4428872,102,119,88,102,178,6529703,4211171,94,140,3069,321,1187,11,100,2,949,8044422,3022,0,501,6,1,4,238,13,4,242,2,2,1,6
1300.24,1624970681792,50.009120030,1,0,0,5,10,4,5,124,2,0,0,0,30,53,6366545,0,54,2,116,16199,2208073,20789,0,1,196309,142078,60078,60876,24215,13650,24286,13480,58,1105,1105,33,43551,21006,22329837,2269,88,431,2826,4413459,4413350,102,117,86,99,176,6366400,4189743,93,137,3207,336,1409,0,98,0,921,7770599,2880,0,478,6,1,4,261,16,4,265,2,2,1,6
1350.25,1624970738842,50.008724339,1,0,0,5,10,4,5,122,2,0,0,0,2,67,6588763,0,54,2,118,12687,2392181,21808,0,1,197035,142679,61984,62620,24583,13439,24603,13418,59,1115,1115,37,44506,21193,23441251,2281,92,427,2826,4456251,4456127,104,120,92,106,184,6588408,4229767,94,143,3222,336,1415,0,106,0,929,8151571,2866,0,491,6,1,4,252,16,4,256,2,2,1,6
1400.26,1624970795889,50.009031973,1,0,0,5,10,4,5,85,2,0,0,0,58,73,6507966,0,54,2,116,13081,2355182,20992,0,1,194318,140632,57369,58231,21129,11288,21215,11023,58,1112,1112,37,38519,17964,23147666,2275,86,429,2820,4405097,4404989,102,118,85,99,176,6507812,4185836,94,137,3044,324,1170,0,98,0,931,8138383,2948,0,485,6,1,4,234,13,4,238,2,2,1,6
1450.27,1624970852731,50.010262281,1,0,0,5,10,4,5,88,2,0,0,0,49,55,6545955,0,29,2,116,6897,2373040,20711,0,1,194126,140486,56384,57001,20845,11215,20850,10615,58,1099,1100,37,38092,17778,23284839,2249,78,428,2820,4423044,4422944,102,118,77,90,168,6545800,4204707,94,129,3006,323,1169,0,90,0,928,8067856,2923,0,466,6,1,4,221,13,4,225,2,2,1,6
1500.28,1624970909709,50.009251231,1,0,0,5,10,4,5,102,2,0,0,0,4,84,6488781,0,39,2,116,17219,2323150,20989,0,1,196548,142286,60907,61696,25249,14972,24355,13607,58,1104,1104,37,44119,21976,23035770,2259,86,425,2824,4423015,4422911,102,118,84,97,175,6488570,4197651,94,135,3194,329,1406,0,97,0,920,7953659,2851,0,479,6,1,4,251,16,4,255,2,2,1,6
1550.29,1624970966593,50.009546348,1,0,0,5,10,4,5,108,2,0,0,0,26,72,6376801,0,55,2,118,23083,2197867,20939,0,1,193663,140176,59872,60741,24233,13495,24319,13260,59,1086,1086,33,43635,21006,22311414,2231,88,424,2824,4432526,4432425,104,120,86,99,176,6376695,4211193,93,137,3165,332,1399,0,99,0,905,7911696,2824,0,484,6,1,4,251,16,4,255,2,2,1,6
1600.3,1624971023569,50.009312775,1,0,0,5,10,4,5,84,2,0,0,0,62,56,6672971,0,28,2,116,4349,2493236,21544,0,1,193588,139975,54269,55147,20474,10927,20527,10709,58,1088,1088,33,37209,17551,23981467,2235,73,429,5378,4429409,4429312,102,118,71,84,160,6672756,4211405,93,123,2988,316,1156,0,84,0,923,8220027,3010,0,484,6,1,4,242,13,4,246,2,2,1,6
1650.31,1624971080203,50.011791760,1,0,0,5,10,4,5,76,2,0,0,0,0,30,6297961,0,52,2,116,8112,2148819,20064,0,1,193555,139863,54952,55701,20686,11088,20743,10866,58,1110,1110,33,37413,17661,21890687,2279,76,426,2820,4398509,4398414,102,116,75,88,164,6297732,4181766,93,127,3046,323,1163,0,87,0,921,7688449,2738,0,422,6,1,4,231,13,4,235,2,2,1,6
1700.32,1624971137356,50.009163920,1,0,0,5,10,4,5,91,2,0,0,0,4,67,6345355,0,27,2,116,9954,2177666,20720,0,1,196583,142317,60068,60928,23957,13955,24044,13670,58,1105,1105,37,43689,20835,22151680,2261,78,426,2826,4421448,4421349,102,118,76,89,168,6345175,4196821,94,127,3188,336,1413,0,89,0,926,7819339,2864,0,461,6,1,4,260,16,4,264,2,2,1,6
1750.33,1624971194616,50.009274190,1,0,0,5,10,4,5,122,2,0,0,0,56,52,6435498,0,42,2,116,13381,2275965,21313,0,1,195756,141838,61472,62270,24440,13747,24467,13544,58,1103,1103,37,44330,21107,22704334,2257,90,425,2826,4416880,4416775,102,118,88,101,180,6435355,4192148,94,139,3190,336,1409,0,101,0,923,7929681,2978,0,503,6,1,4,275,16,4,279,2,2,1,6
1800.34,1624971251814,50.009114007,1,0,0,5,10,4,5,67,2,0,0,0,48,59,6481473,0,35,2,116,18289,2299666,21095,0,1,194023,140401,56398,57237,20877,11437,20958,11213,58,1141,1142,64,38322,17853,22869966,2279,76,429,2820,4433445,4433352,102,118,74,88,166,6481357,4214998,95,126,3038,321,1189,11,88,2,961,8039739,2936,0,461,6,1,4,239,13,4,243,2,2,1,6
1850.35,1624971309261,50.008621769,1,0,0,5,10,4,5,86,2,0,0,0,48,45,6611553,0,28,2,116,10320,2434984,21022,0,1,196099,141925,58455,59046,23816,13448,23801,13009,58,1090,1090,33,42898,20718,23705311,2239,75,431,2824,4429053,4428941,102,118,74,86,164,6611167,4207261,93,125,3160,329,1397,0,86,0,917,8226695,2959,0,491,6,1,4,247,16,4,251,2,2,1,6
1900.36,1624971366258,50.009262803,1,0,0,5,10,4,5,107,2,0,0,0,20,54,6479695,0,52,2,116,12955,2287523,21241,0,1,195314,141318,59448,60245,24102,13867,24152,13387,58,1098,1098,32,43373,20919,22868784,2257,84,425,2824,4444363,4444267,102,118,82,94,172,6479488,4221956,93,133,3190,330,1400,0,95,0,911,8138427,2844,0,487,6,1,4,256,16,4,260,2,2,1,6
1950.37,1624971423542,50.009353623,1,0,0,5,10,4,5,70,2,0,0,0,0,21,6325945,0,28,2,116,5315,2144448,20085,0,1,193270,139660,54315,55162,20467,11335,20535,11151,58,1096,1096,33,37178,17561,21916447,2251,73,426,2818,4430867,4430775,102,118,71,84,160,6325725,4215056,93,123,3001,316,1158,0,83,0,913,7848183,2723,0,440,6,1,4,221,13,4,225,2,2,1,6
2000.38,1624971480590,50.010996547,1,0,0,5,10,4,5,116,2,0,0,0,31,44,6414032,0,66,2,116,8775,2264267,21020,0,1,194879,141334,57826,57870,22516,12704,21116,11276,58,1103,1103,33,39683,19377,22598839,2265,85,426,2826,4402381,4402276,102,118,84,95,172,6413431,4182781,93,135,3062,331,1185,0,96,0,918,7738577,2888,0,475,6,1,4,248,13,4,252,2,2,1,6
2050.39,1624971537655,50.009240734,1,0,0,5,10,4,5,83,2,0,0,0,16,87,6156172,0,34,2,116,22732,2033792,20913,0,1,195158,141363,61414,62183,26405,15731,24427,13292,58,1136,1138,64,44374,23182,21234225,2269,83,424,2829,4375509,4375406,102,118,81,96,174,6156030,4150327,95,132,3211,340,1438,11,96,2,957,7495165,2871,0,481,6,1,4,252,16,4,256,2,2,1,6
2100.4,1624971594877,50.009157862,1,0,0,5,10,4,5,92,2,0,0,0,62,73,6428936,0,43,2,116,14909,2259966,21659,0,1,196835,142601,60602,61477,24136,14024,24183,13638,58,1109,1109,37,43883,20922,22645364,2269,82,432,2826,4427857,4427751,102,119,80,94,172,6428762,4202733,94,131,3202,336,1412,0,93,0,924,7864531,3036,0,500,6,1,4,261,16,4,265,2,2,1,6
2150.41,1624971651595,50.008890289,1,0,0,5,10,4,5,66,2,0,0,0,14,45,6482845,0,28,2,116,6276,2266610,20921,0,1,193671,140087,55660,56336,20660,11306,20663,10961,58,1098,1098,37,37875,17656,22730616,2247,74,426,2818,4465153,4465068,102,118,73,89,164,6482626,4247707,94,125,2998,318,1166,0,86,0,917,7991554,2815,0,458,6,1,4,233,13,4,237,2,2,1,6
2200.42,1624971708465,50.011869139,1,0,0,5,10,4,5,92,2,0,0,0,53,53,6356053,0,29,2,116,7572,2187621,20797,0,1,196355,142132,58913,59708,23980,13516,24022,13544,58,1094,1094,33,43125,20829,22170043,2247,79,429,2824,4424799,4424690,102,118,78,90,168,6355803,4202225,93,129,3170,329,1401,0,91,0,915,7810303,2925,0,480,6,1,4,247,16,4,251,2,2,1,6
2250.43,1624971765271,50.009123054,1,0,0,5,10,4,5,93,2,0,0,0,22,56,6468254,0,45,2,118,7313,2300953,21133,0,1,195375,141330,58359,59275,23746,13920,23873,13574,59,1093,1093,33,42915,20708,22872877,2245,75,426,5384,4424575,4424456,104,120,74,86,164,6468107,4200540,93,125,3174,328,1395,0,86,0,912,7950837,2846,0,479,6,1,4,233,16,4,237,2,2,1,6
2300.44,1624971821983,50.009144476,1,0,0,5,10,4,5,92,2,0,0,0,14,65,6307325,0,33,2,116,11510,2151939,20633,0,1,196282,142029,59851,60706,24161,13770,24221,13481,58,1139,1140,60,43511,20998,21971084,2281,80,427,2828,4412114,4412009,102,118,79,91,170,6307131,4188235,94,130,3220,340,1435,11,91,2,952,7870530,2846,0,480,6,1,4,244,16,4,248,2,2,1,6
2350.45,1624971879023,50.008765650,1,0,0,5,10,4,5,113,2,0,0,0,40,38,6304720,0,52,2,116,3496,2161846,20817,0,1,194540,140799,58250,58856,21411,11140,21423,10992,58,1115,1115,37,38925,18128,21931624,2281,93,433,2820,4397210,4397091,102,117,93,107,184,6304385,4177316,94,145,3050,323,1167,0,107,0,931,7758781,2937,0,462,6,1,4,234,13,4,238,2,2,1,6
2400.46,1624971936363,50.008691890,1,0,0,5,10,4,5,99,2,0,0,0,24,57,6498588,0,27,2,116,13904,2313668,20632,0,1,194804,141022,58084,58661,23594,14077,23599,13669,58,1095,1095,37,42802,20572,22976863,2241,73,423,2826,4439254,4439154,102,118,72,84,159,6498247,4217480,90,122,3165,335,1408,0,84,0,922,8046214,2837,0,451,6,1,4,253,16,4,257,2,2,1,6
2450.47,1624971993067,50.009127584,1,0,0,5,10,4,5,98,2,0,0,0,0,47,6551551,0,51,2,118,11945,2371943,21131,0,1,196084,141950,60957,61655,24253,13681,24322,13638,59,1104,1104,37,44081,21019,23337105,2259,85,425,2825,4437028,4436922,104,120,84,98,176,6551360,4211888,94,135,3194,333,1404,0,98,0,920,8015473,2770,0,463,6,1,4,255,16,4,259,2,2,1,6
2500.48,1624972049520,50.010479666,1,0,0,5,10,4,5,70,2,0,0,0,16,47,6504544,0,26,2,116,8242,2351367,20584,0,1,192119,138802,54848,56253,20606,11620,23243,14079,58,1081,1081,33,37468,17650,23123869,2221,73,423,2818,4397285,4397194,102,118,72,85,163,6504468,4181829,93,124,2986,320,1177,0,84,0,911,8139711,2734,0,457,6,1,4,241,16,4,245,2,2,1,6
2550.49,1624972106179,50.011537105,1,0,0,5,10,4,5,90,2,0,0,0,22,41,6646482,0,32,2,116,7140,2482320,20619,0,1,193492,139868,54760,55524,20619,10929,20667,10961,58,1093,1093,33,37359,17649,23916015,2245,76,427,2818,4411768,4411676,102,118,75,87,164,6646261,4195602,93,127,3003,316,1163,0,87,0,916,8314500,2763,0,435,6,1,4,220,13,4,224,2,2,1,6
2600.5,1624972162447,50.008929551,1,0,0,5,10,4,5,98,2,0,0,0,32,65,6557204,0,47,2,116,11313,2372830,21341,0,1,196370,142126,60227,60779,24312,14249,24316,13954,58,1142,1143,60,43737,21080,23346072,2289,84,428,2827,4440265,4440155,102,118,83,96,174,6556791,4216100,94,134,3227,337,1429,11,95,2,955,7994548,2889,0,479,6,1,4,243,16,4,247,2,2,1,6
2650.51,1624972219844,50.008825948,1,0,0,5,10,4,5,83,2,0,0,0,32,57,6547115,0,29,2,116,15192,2374439,21364,0,1,196582,142358,60062,60701,24004,13862,24000,13512,58,1103,1103,37,43674,20828,23341682,2257,77,427,2826,4427923,4427811,102,118,76,90,168,6546763,4203127,94,127,3184,336,1408,0,90,0,923,8204265,2898,0,480,6,1,4,257,16,4,261,2,2,1,6
2700.52,1624972276828,50.009466375,1,0,0,5,10,4,5,75,2,0,0,0,46,63,6457572,0,49,2,116,5072,2299104,20792,0,1,194223,140539,56420,57247,20822,11343,20883,11118,58,1113,1113,37,38096,17775,22806307,2277,79,429,2820,4408736,4408633,102,118,77,90,168,6457410,4189802,94,129,3044,323,1170,0,90,0,930,8005894,2812,0,455,6,1,4,237,13,4,241,2,2,1,6
2750.54,1624972333513,50.016146901,1,0,0,5,10,4,5,83,2,0,0,0,23,56,6350515,0,30,2,116,20296,2213897,20586,0,1,195019,141511,57494,57873,22044,12473,20953,11276,58,1096,1096,37,39557,18974,22293198,2243,76,425,2825,4387926,4387829,102,118,74,86,164,6350225,4168004,94,125,3014,330,1191,0,88,0,922,7851084,2779,0,441,6,1,4,231,13,4,235,2,2,1,6
2800.55,1624972390336,50.008589277,1,0,0,5,10,4,5,101,2,0,0,0,4,73,6201857,0,58,2,118,14823,2043320,20934,0,1,195702,141708,60878,61554,24267,13744,24313,13795,59,1105,1105,37,43987,21010,21331712,2261,85,424,2824,4412236,4412115,104,120,84,100,176,6201393,4187803,94,135,3205,329,1410,0,97,0,921,7483122,2845,0,469,6,1,4,243,16,4,247,2,2,1,6
2850.56,1624972447634,50.009218096,1,0,0,5,10,4,5,96,2,0,0,0,24,61,6451397,0,32,2,116,8215,2264937,20927,0,1,196021,141880,59684,60535,24154,14336,24197,13984,58,1133,1134,60,43509,20995,22702414,2271,80,428,2826,4441510,4441399,102,118,79,91,170,6451225,4218106,94,130,3204,333,1437,11,91,2,946,7970643,2876,0,471,6,1,4,259,16,4,263,2,2,1,6
2900.57,1624972504339,50.012038846,1,0,0,5,10,4,5,81,2,0,0,0,22,79,6290581,0,34,2,116,18264,2139725,20311,0,1,193339,139774,54821,55713,20657,11244,20693,10804,58,1092,1092,33,37345,17651,21847526,2243,76,431,5379,4399151,4399058,102,118,76,88,164,6290261,4180419,93,127,2998,321,1167,0,88,0,914,7749578,2782,0,473,6,1,4,237,13,4,241,2,2,1,6
2950.58,1624972560929,50.009317415,1,0,0,5,10,4,5,121,2,0,0,0,28,56,6506091,0,38,2,118,7011,2344030,21283,0,1,196447,142208,60054,60946,24236,13555,24314,13543,59,1099,1099,33,43560,21001,23105565,2257,88,428,2826,4420402,4420300,104,119,86,100,176,6505944,4196644,93,137,3188,336,1412,0,98,0,926,8215907,2882,0,466,6,1,4,258,16,4,262,2,2,1,6
3000.59,1624972617691,50.008666342,1,0,0,5,11,4,6,98,2,0,0,0,26,62,6686621,0,28,3,118,14916,2511632,21349,0,1,196443,142271,61785,62425,24375,14846,24375,14362,59,1098,1098,37,44413,21081,24180831,2247,85,427,2826,4431243,4431131,104,120,84,99,179,6686218,4205811,96,136,3175,339,1412,0,99,0,921,8266114,2873,0,479,6,1,4,253,16,4,257,2,2,1,6
3050.6,1624972674177,50.009013507,1,0,0,5,10,4,5,104,2,0,0,0,54,72,6465070,0,48,2,116,22717,2294458,21510,0,1,196624,142440,61420,62068,24444,13245,24466,13323,58,1105,1105,37,44317,21110,22876836,2261,89,427,2825,4423925,4423815,102,118,88,101,180,6464948,4198513,94,139,3196,332,1404,0,101,0,923,7874637,2984,0,497,6,1,4,268,16,4,272,2,2,1,6
3100.61,1624972731098,50.011977000,1,0,0,5,10,4,5,76,2,0,0,0,13,56,6461474,0,33,2,116,21595,2277574,21018,0,1,193690,140061,55363,56152,20729,11502,20794,11244,58,1142,1143,64,37830,17773,22753447,2281,80,428,2820,4433144,4433041,102,119,78,90,165,6461270,4215250,91,129,3040,319,1189,11,90,2,960,8051605,2765,0,449,6,1,4,229,13,4,232,2,2,1,6
3150.62,1624972788011,50.009033878,1,0,0,5,10,4,5,93,2,0,0,0,2,45,6174379,0,45,2,116,17000,2081461,19966,0,1,194606,141047,56590,56924,22933,13258,20914,10961,58,1098,1098,33,39915,19939,21401906,2255,74,429,2824,4343368,4343275,102,118,72,83,160,6174186,4124509,93,123,3035,325,1181,0,84,0,915,7474841,2757,0,443,6,1,4,233,13,4,237,2,2,1,6
3200.63,1624972844967,50.010268047,1,0,0,5,10,4,5,82,2,0,0,0,22,55,6375675,0,25,2,116,9508,2229676,20900,0,1,195510,141465,58579,59445,23776,13198,23854,13323,58,1091,1091,33,42928,20720,22418362,2241,76,426,2825,4398107,4398008,102,118,74,87,164,6375507,4176059,93,125,3163,333,1401,0,87,0,919,7906199,2826,0,468,6,1,4,265,16,4,269,2,2,1,6
3250.64,1624972902016,50.008745942,1,0,0,5,10,4,5,93,2,0,0,0,26,41,6619369,0,38,2,118,13466,2450072,21182,0,1,196011,141834,59131,59766,23953,14178,23983,13638,59,1099,1099,33,43075,20801,23787746,2257,79,426,2826,4423362,4423248,104,119,78,91,168,6618990,4200522,93,129,3191,336,1405,0,90,0,919,8159368,2906,0,490,6,1,4,260,16,4,264,2,2,1,6
3300.65,1624972959187,50.010142712,1,0,0,5,10,4,5,70,2,0,0,0,79,45,6721968,0,35,2,118,16710,2526648,21720,0,1,194325,140672,56343,56950,20806,11060,20787,10803,59,1103,1103,37,38062,17751,24266310,2257,77,430,2820,4444932,4444818,104,120,77,91,168,6721625,4226794,94,129,3015,323,1166,0,91,0,929,8370457,3047,0,482,6,1,4,239,13,4,243,2,2,1,6
3350.66,1624973015440,50.010658393,1,0,0,5,10,4,5,94,2,0,0,0,25,74,6111860,0,30,2,116,16717,1994157,20583,0,1,196848,142564,60957,61805,24270,14183,24338,13701,58,1099,1099,37,44102,21037,20929129,2249,85,428,2825,4376575,4376467,102,118,84,97,176,6111724,4151172,94,135,3181,334,1409,0,97,0,920,7497675,2853,0,479,6,1,4,263,16,4,267,2,2,1,6
3400.67,1624973072474,50.009307557,1,0,0,5,10,4,5,92,2,0,0,0,2,52,6350614,0,46,2,116,14378,2202017,20743,0,1,196568,142250,59268,60172,23951,13362,24167,13701,58,1133,1134,53,43384,20841,22251214,2285,83,432,2825,4403322,4403220,102,118,81,93,170,6350511,4179107,91,131,3228,333,1430,7,93,2,944,7770131,2839,0,472,6,1,4,257,16,4,261,2,2,1,6
3450.68,1624973129325,50.009193921,1,0,0,5,10,4,5,75,2,0,0,0,64,51,6756604,0,27,2,116,8290,2582838,21419,0,1,194681,140506,56666,58036,21514,11468,23651,12945,58,1090,1090,33,40341,18475,24519450,2239,79,428,2818,4426451,4426353,102,118,77,92,168,6756526,4207108,93,129,3142,321,1378,0,90,0,919,8335789,2975,0,504,6,1,4,260,16,4,264,2,2,1,6
3500.69,1624973186034,50.008734462,1,0,0,5,10,4,5,96,2,0,0,0,16,44,6579758,0,44,2,116,6364,2406597,20565,0,1,193839,140136,55793,56280,20899,11410,20888,10929,58,1101,1101,33,37784,17791,23480096,2261,85,427,2819,4422194,4422077,102,118,83,95,172,6579321,4205149,93,135,3023,320,1164,0,95,0,914,8173840,2737,0,461,6,1,4,225,13,4,229,2,2,1,6
3550.7,1624973243359,50.009323771,1,0,0,5,10,4,5,83,2,0,0,0,4,51,6555570,0,27,2,116,19778,2361802,21233,0,1,195319,141291,58587,59708,23831,13764,24015,13607,58,1091,1091,33,42905,20731,23316599,2241,76,424,5385,4449517,4449423,102,117,74,95,164,6555339,4225085,93,125,3165,334,1402,0,87,0,918,8080685,2830,0,468,6,1,4,247,16,4,251,2,2,1,6
3600.71,1624973300153,50.009167931,1,0,0,5,10,4,5,88,2,0,0,0,20,49,6612897,0,53,2,116,7929,2445491,21751,0,1,196537,142308,60629,61555,24127,13930,24199,13701,58,1105,1105,37,43896,20946,23739870,2261,82,427,2826,4424502,4424400,102,118,80,96,172,6612743,4199658,94,131,3216,336,1412,0,93,0,930,8100178,2920,0,489,6,1,4,262,16,4,266,2,2,1,6
3650.72,1624973357140,50.009581476,1,0,0,5,10,4,5,67,2,0,0,0,26,85,6122569,0,42,2,116,16222,1975354,20417,0,1,193337,139882,56698,57314,21842,12160,20935,10835,58,1147,1148,64,38329,18804,20878714,2291,75,428,2822,4394220,4394118,102,118,74,87,166,6122488,4175814,95,126,3055,327,1194,11,87,2,961,7459704,2800,0,451,6,1,4,233,13,4,237,2,2,1,6
3700.73,1624973414051,50.008641768,1,0,0,5,10,4,5,65,2,0,0,0,26,52,6486455,0,29,2,116,18982,2318472,20946,0,1,193866,140234,55792,56357,20665,11182,20690,11087,58,1098,1098,37,37959,17686,22955697,2247,74,427,2819,4417881,4417781,102,119,73,87,164,6486095,4200024,94,125,3007,320,1164,0,87,0,923,7953398,2846,0,463,6,1,4,236,13,4,240,2,2,1,6
3750.74,1624973471393,50.008674317,1,0,0,5,10,4,5,117,2,0,0,0,42,66,6554878,0,39,2,116,17990,2388298,21307,0,1,196698,142465,60415,60989,24145,14305,24145,14205,58,1102,1102,37,43933,20943,23385432,2255,81,428,2824,4424154,4424048,102,118,80,93,172,6554505,4199465,94,131,3184,329,1408,0,93,0,924,8086711,2943,0,490,6,1,4,255,16,4,259,2,2,1,6
3800.75,1624973527970,50.009158346,1,0,0,5,10,4,5,85,2,0,0,0,40,49,6507312,0,29,2,116,13935,2351961,20850,0,1,195307,141357,58472,59313,23802,13605,23849,13261,58,1086,1086,33,42938,20737,23148278,2231,75,426,2824,4410712,4410618,102,118,74,87,164,6507131,4189239,93,125,3156,330,1407,0,86,0,913,8191167,2869,0,483,6,1,4,248,16,4,252,2,2,1,6
3850.76,1624973584573,50.009109595,1,0,0,5,10,4,5,66,2,0,0,0,4,47,6410349,0,35,2,116,14903,2265519,20009,0,1,191958,138736,54372,55280,20519,11241,20586,11118,58,1090,1090,33,37150,17549,22592075,2239,73,423,2819,4389501,4389408,102,118,71,84,160,6410190,4174611,93,123,2995,320,1163,0,84,0,916,7912618,2692,0,436,6,1,4,230,13,4,234,2,2,1,6
3900.77,1624973641480,50.010943972,1,0,0,5,10,4,5,86,2,0,0,0,53,60,6439450,0,32,2,116,14623,2287373,20626,0,1,195396,141548,59271,59103,24028,13864,21474,11087,58,1133,1134,60,43194,20908,22749139,2271,79,428,2828,4406401,4406295,102,117,78,89,167,6438842,4184271,94,129,3195,337,1413,11,90,2,954,7969708,2943,0,459,6,1,4,244,13,4,248,2,2,1,6
3950.78,1624973698413,50.009221686,1,0,0,5,10,4,5,101,2,0,0,0,46,71,6371344,0,32,2,116,15708,2210905,21108,0,1,195937,141941,60572,61601,24118,13770,24244,13418,58,1098,1098,37,43950,20948,22326721,2247,82,430,2826,4417134,4417028,102,118,80,96,172,6371183,4192851,94,131,3176,338,1408,0,93,0,924,7781119,2917,0,491,6,1,4,255,16,4,259,2,2,1,6
4000.79,1624973755875,50.009544070,1,0,0,5,10,4,5,66,2,0,0,0,18,71,6374462,0,30,2,118,15679,2213887,20859,0,1,194732,140600,58610,59911,22502,12477,24004,13637,59,1101,1101,37,41983,19389,22363594,2253,81,426,2819,4411995,4411895,104,120,79,95,172,6374361,4189602,94,131,3160,324,1390,0,92,0,922,7693804,2822,0,459,6,1,4,265,16,4,269,2,2,1,6
4050.8,1624973812177,50.009046565,1,0,0,5,10,4,5,76,2,0,0,0,26,44,6649270,0,26,2,116,7861,2436586,20555,0,1,193885,140253,55679,56460,20685,11118,20738,10489,58,1097,1097,37,37915,17701,23729546,2245,75,427,2818,4463614,4463520,102,118,73,86,164,6649096,4245660,94,125,2995,317,1163,0,86,0,927,8141985,2784,0,442,6,1,4,232,13,4,236,2,2,1,6
4100.81,1624973869630,50.010582702,1,0,0,5,10,4,5,83,2,0,0,0,61,87,6499920,0,34,2,116,8203,2310122,21205,0,1,196048,141908,58476,59198,23816,13479,23890,13071,58,1093,1093,33,42934,20746,22949286,2245,76,429,2824,4443573,4443477,102,118,74,87,164,6499695,4221702,93,125,3171,329,1406,0,87,0,911,8109685,2917,0,463,6,1,4,267,16,4,271,2,2,1,6
4150.82,1624973926634,50.009070889,1,0,0,5,10,4,5,90,2,0,0,0,48,54,6612880,0,27,2,116,8038,2421203,20702,0,1,196309,142105,59048,59865,23996,13704,24053,13229,58,1091,1091,33,43144,20839,23625325,2241,80,428,2825,4447296,4447193,102,118,78,90,168,6612692,4224676,93,129,3172,333,1412,0,90,0,916,8126682,2907,0,471,6,1,4,257,16,4,261,2,2,1,6
4200.83,1624973983486,50.009594843,1,0,0,5,10,4,5,68,2,0,0,0,64,51,6567179,0,35,2,116,12626,2381830,21087,0,1,194610,140456,56512,57755,21959,12125,23659,13103,58,1095,1095,33,40777,18931,23384287,2249,75,433,5379,4439789,4439697,102,118,73,86,164,6567133,4217896,93,125,3161,326,1385,0,85,0,916,8026091,2934,0,482,6,1,4,255,16,4,259,2,2,1,6
4250.84,1624974040781,50.009243002,1,0,0,5,10,4,5,76,2,0,0,0,2,52,6185068,0,25,2,118,10900,2046107,19920,0,1,193776,140158,55933,56867,22735,12884,20780,10835,59,1100,1100,37,38017,19723,21263671,2251,74,426,2821,4391049,4390954,104,120,73,88,164,6184853,4172436,94,125,3006,323,1171,0,87,0,925,7572520,2754,0,427,6,1,4,252,13,4,256,2,2,1,6
4300.85,1624974098012,50.008957491,1,0,0,5,10,4,5,82,2,0,0,0,26,30,6586556,0,30,2,118,7503,2393876,21249,0,1,196575,142353,60075,60683,23988,13799,23979,13450,59,1104,1104,37,43688,20831,23484299,2259,76,428,2826,4449166,4449061,104,120,76,89,168,6586146,4224572,94,127,3186,336,1413,0,89,0,932,8170196,2923,0,474,6,1,4,252,16,4,256,2,2,1,6
4350.86,1624974155117,50.008680154,1,0,0,5,10,4,5,88,2,0,0,0,26,54,6360644,0,24,2,116,5885,2171091,20332,0,1,195777,141780,59991,60576,23966,13263,23957,13197,58,1095,1095,36,43630,20822,22120313,2243,77,425,2825,4444681,4444567,102,118,76,89,168,6360251,4220810,94,127,3165,332,1407,0,90,0,919,7860879,2838,0,481,6,1,4,244,16,4,248,2,2,1,6
4400.87,1624974212026,50.008785178,1,0,0,5,10,4,5,70,2,0,0,0,14,32,6560810,0,47,2,116,6967,2381159,21136,0,1,193962,140307,56353,56895,20790,11217,20789,11087,58,1099,1099,37,38090,17767,23341847,2249,78,427,2818,4430397,4430291,102,118,77,90,168,6560465,4212018,94,129,3021,317,1165,0,90,0,924,8094402,2821,0,455,6,1,4,224,13,4,228,2,2,1,5
4450.88,1624974269051,50.008957011,1,0,0,5,10,4,5,107,2,0,0,0,46,63,6577137,0,35,2,116,6293,2404440,21245,0,1,196251,142124,59165,59210,24030,13328,21480,10992,58,1135,1136,60,43146,20909,23481849,2275,79,434,2826,4427943,4427832,102,118,78,89,167,6576725,4205211,94,129,3193,330,1412,11,90,2,951,8103543,2941,0,471,6,1,4,234,13,4,238,2,2,1,6
4500.89,1624974326241,50.009113715,1,0,0,5,10,4,5,92,2,0,0,0,48,41,6413013,0,25,2,116,9643,2231297,20664,0,1,196111,141956,58692,59374,23795,14079,23781,13607,58,1096,1096,33,42896,20718,22475276,2251,74,428,2825,4437733,4437637,102,118,74,86,164,6412851,4215294,93,125,3174,333,1403,0,86,0,917,7844691,2905,0,471,6,1,4,258,16,4,262,2,2,1,6
4550.9,1624974382475,50.008730081,1,0,0,5,10,4,5,84,2,0,0,0,42,68,6424338,0,36,2,116,9756,2260624,21185,0,1,195707,141660,59124,59780,23926,13672,23923,13575,58,1094,1094,33,43121,20817,22623369,2247,79,427,2825,4418070,4417959,102,119,78,91,168,6423939,4195793,93,129,3175,335,1404,0,90,0,920,7852076,2919,0,491,6,1,4,261,16,4,265,2,2,1,6
4600.91,1624974439572,50.009336895,1,0,0,5,10,4,5,67,2,0,0,0,2,56,6384461,0,30,2,116,18196,2176388,20311,0,1,193939,140278,55964,56910,20637,10835,20738,10835,58,1104,1104,37,37875,17672,22194717,2259,75,427,2820,4457548,4457451,102,118,73,91,164,6384305,4239013,94,125,3016,324,1172,0,86,0,924,7929630,2742,0,420,6,1,4,244,13,4,248,2,2,1,6
4650.92,1624974496096,50.008767276,1,0,0,5,10,4,5,112,2,0,0,0,12,75,6465165,0,31,2,116,11972,2260547,21251,0,1,196734,142467,60881,61057,24289,13616,24254,13512,58,1104,1104,37,44044,21014,22694342,2259,85,427,2825,4458882,4458761,102,118,84,97,176,6464767,4233451,94,135,3184,333,1405,0,97,0,924,7927177,2872,0,447,6,1,4,249,16,4,253,2,2,1,6
4700.93,1624974553270,50.009255478,1,0,0,5,10,4,5,80,2,0,0,0,18,77,6459034,0,34,2,116,20558,2279341,20575,0,1,195328,141446,60580,61412,24205,14054,24259,13985,58,1135,1136,64,44011,21001,22781049,2267,79,425,2827,4436488,4436389,102,118,77,90,170,6458793,4212302,95,128,3196,336,1425,11,90,2,957,7841806,2861,0,469,6,1,4,250,16,4,254,2,2,1,5
4750.94,1624974610341,50.009411955,1,0,0,5,10,4,5,92,2,0,0,0,8,63,6552373,0,28,2,116,9230,2326907,20841,0,1,195976,141750,58414,59252,23804,13355,23880,13071,58,1090,1090,33,42886,20730,23156867,2239,76,430,2824,4477017,4476923,102,118,74,86,164,6552196,4254713,93,125,3160,329,1398,0,86,0,912,8288701,2747,0,446,4,1,4,249,16,4,253,2,2,1,4
4800.95,1624974666821,50.011846806,1,0,0,5,10,4,5,70,2,0,0,0,35,49,6578181,0,34,2,116,10885,2388036,21053,0,1,192596,139246,54836,55608,20698,11402,20761,11244,58,1089,1090,33,37387,17669,23406620,2237,77,425,2819,4435474,4435372,102,117,75,87,164,6577951,4220052,93,127,3002,321,1167,0,87,0,921,8084658,2811,0,446,6,1,4,234,13,4,238,2,2,1,6
4850.96,1624974723784,50.009165048,1,0,0,5,10,4,5,86,2,0,0,0,34,58,6448977,0,31,2,116,12769,2278500,20946,0,1,196082,141904,59020,59704,23948,14114,23959,13890,58,1090,1090,33,43135,20834,22743148,2239,79,427,5385,4428483,4428379,102,118,78,90,168,6448829,4203504,93,129,3165,336,1402,0,90,0,910,8084614,2885,0,479,8,1,4,250,16,4,254,8,2,1,10
4900.97,1624974781379,50.009487747,1,0,0,5,10,4,5,85,2,0,0,0,30,56,6415498,0,33,2,116,10885,2212913,20909,0,1,195516,141526,59725,60566,23988,13832,24044,13544,58,1097,1097,35,43590,20829,22433675,2249,77,425,2826,4451543,4451442,102,118,76,90,167,6415267,4228773,94,127,3179,337,1406,0,90,0,920,8065142,2878,0,489,8,1,4,260,16,4,264,8,2,1,10
4950.98,1624974837980,50.009593643,1,0,0,5,10,4,5,70,2,0,0,0,16,49,6311229,0,32,2,116,27419,2143265,20536,0,1,193198,139783,56948,57794,21046,11219,21095,11244,58,1138,1139,64,38499,17974,21932493,2273,79,426,2821,4420611,4420517,102,118,78,91,170,6311022,4201935,95,130,3037,323,1196,11,91,2,955,7840014,2823,0,451,7,1,4,237,13,4,241,7,2,1,9
5000.99,1624974894422,50.008722727,1,0,0,5,10,4,5,70,2,0,0,0,26,52,6581097,0,30,2,116,15609,2388990,20851,0,1,194242,140676,57034,57377,21384,11118,20802,10677,58,1098,1098,37,38833,18330,23437574,2247,74,430,2824,4443287,4443185,102,118,74,86,164,6580711,4224173,94,125,3017,327,1190,0,87,0,925,8318123,2794,0,446,8,1,4,228,13,4,232,8,2,1,10
5051,1624974951325,50.008575868,1,0,0,5,10,4,5,93,2,0,0,0,32,46,6477212,0,26,2,116,5706,2298951,20700,0,1,195765,141673,58418,58874,23800,13701,23796,13512,58,1085,1085,33,42850,20705,22867516,2229,74,427,2824,4431929,4431825,102,118,74,87,164,6476830,4210162,93,125,3150,330,1408,0,87,0,915,8170427,2843,0,490,8,1,4,260,16,4,264,8,2,1,10
5101.02,1624975008469,50.017324520,1,0,0,5,10,4,5,86,2,0,0,0,46,62,6451626,0,33,2,116,8526,2253606,21186,0,1,196141,141978,59067,59931,23948,13736,23995,13418,58,1093,1093,33,43158,20824,22626893,2245,80,428,2825,4453235,4453138,102,118,79,90,168,6451359,4230659,93,129,3173,333,1403,0,90,0,917,7914993,2948,0,495,8,1,4,253,16,4,257,8,2,1,10
5151.03,1624975065462,50.009179842,1,0,0,5,10,4,5,68,2,0,0,0,22,47,6533652,0,29,2,116,21592,2318253,20883,0,1,191811,138652,54380,55219,20489,11211,20547,11055,58,1085,1085,33,37131,17555,23058102,2228,73,423,2819,4460195,4460105,102,118,71,84,160,6533497,4245665,93,123,2983,322,1161,0,83,0,915,8130643,2777,0,451,8,1,4,230,13,4,234,8,2,1,10
5201.04,1624975122122,50.011847834,1,0,0,5,10,4,5,96,2,0,0,0,13,71,6171634,0,43,2,116,20274,2018339,20955,0,1,195766,141668,59189,59972,23961,13675,24025,13417,58,1092,1092,33,43162,20821,21189128,2243,78,426,2826,4405735,4405635,102,118,78,90,168,6171374,4182926,93,129,3191,336,1411,0,90,0,922,7456218,2883,0,476,8,1,4,259,16,4,263,8,2,1,10
5251.05,1624975179111,50.009168268,1,0,0,5,10,4,5,80,2,0,0,0,8,45,6574155,0,39,2,116,17617,2363508,21113,0,1,195615,141668,60731,61163,24200,13833,24247,13575,58,1141,1142,64,44022,21027,23357106,2279,79,428,2827,4468200,4468096,102,116,77,90,170,6573958,4243749,95,128,3211,336,1439,11,90,2,958,8263817,2879,0,478,8,1,4,265,16,4,269,8,2,1,10
5301.06,1624975235840,50.009475712,1,0,0,5,10,4,5,69,2,0,0,0,24,50,6590864,0,27,2,118,4773,2379723,21228,0,1,194580,140503,58429,59643,22762,12852,23860,13481,59,1098,1098,37,42142,19673,23402999,2246,77,427,2820,4465319,4465216,104,119,75,89,168,6590777,4243274,94,127,3151,324,1391,0,88,0,927,8171832,2800,0,471,8,1,4,258,16,4,262,8,2,1,10
5351.07,1624975292903,50.008719929,1,0,0,5,10,4,5,68,2,0,0,0,30,36,6593726,0,33,2,116,4328,2387232,21182,0,1,193733,140180,56266,56729,20810,10870,20834,10709,58,1102,1102,37,38076,17756,23427279,2255,77,427,2819,4456649,4456541,102,118,77,91,168,6593281,4238690,94,129,3011,319,1169,0,90,0,925,8167644,2891,0,474,8,1,4,239,13,4,243,8,2,1,10
5401.08,1624975349556,50.008696823,1,0,0,5,10,4,5,87,2,0,0,0,68,91,6507128,0,25,2,116,18664,2325041,20895,0,1,196058,141933,58468,59079,23804,13637,23827,13450,58,1087,1087,33,42865,20729,23049778,2233,75,428,2824,4436702,4436594,102,118,74,86,164,6506715,4214899,93,125,3152,329,1402,0,87,0,914,8104116,2989,0,488,8,1,4,260,16,4,264,8,2,1,10
5451.09,1624975406791,50.009341906,1,0,0,5,10,4,5,90,2,0,0,0,50,62,6442242,0,31,2,116,16665,2268389,20973,0,1,195564,141598,59596,60382,24075,13018,24138,12788,58,1092,1092,33,43344,20899,22693773,2243,83,426,2825,4428831,4428725,102,118,82,95,172,6442070,4206435,93,133,3178,333,1411,0,95,0,917,7939329,2974,0,507,8,1,4,257,16,4,261,8,2,1,10
5501.1,1624975463939,50.009146889,1,0,0,5,10,4,5,75,2,0,0,0,10,49,6422272,0,35,2,116,18204,2236981,20396,0,1,193416,139829,55619,56469,20831,11278,20882,10992,58,1138,1139,60,37733,17820,22504351,2281,78,432,5381,4438208,4438107,102,118,76,88,166,6422145,4218581,94,128,3039,324,1190,11,88,2,951,7937646,2828,0,454,7,1,4,223,13,4,227,7,2,1,9
5551.11,1624975521410,50.009192514,1,0,0,5,10,4,5,82,2,0,0,0,42,64,6553481,0,28,2,116,17994,2393145,21580,0,1,196272,142186,60165,60987,24004,13356,24064,13196,58,1099,1099,37,43666,20841,23426868,2249,77,427,2826,4418297,4418195,102,118,76,89,168,6553330,4193992,94,127,3173,337,1410,0,89,0,924,8233034,2913,0,472,8,1,4,262,16,4,266,8,2,1,10
5601.12,1624975578839,50.008553567,1,0,0,5,10,4,5,94,2,0,0,0,40,50,6635689,0,33,2,116,10399,2482658,20991,0,1,195640,141717,60583,61166,24130,13930,24149,13764,58,1096,1096,37,43873,20944,23929616,2243,81,425,2825,4409413,4409299,102,118,80,94,172,6635309,4185364,94,131,3172,333,1406,0,94,0,925,8340369,2959,0,494,8,1,4,259,16,4,263,8,2,1,10
5651.13,1624975635840,50.009093466,1,0,0,5,10,4,5,74,2,0,0,0,8,53,6322944,0,27,2,116,15639,2136895,20810,0,1,194225,140179,57592,58538,21303,10994,23544,13071,58,1096,1096,37,40671,18274,21919905,2243,76,425,2819,4440247,4440149,102,118,75,90,168,6322549,4219316,94,127,3145,325,1380,0,88,0,921,7767468,2781,0,456,8,1,4,256,16,4,260,8,2,1,10
5701.14,1624975692471,50.009153944,1,0,0,5,10,4,5,81,2,0,0,0,26,56,6488676,0,33,2,116,12274,2286542,20825,0,1,193173,139777,56700,57563,20972,11157,21016,10992,58,1098,1098,37,38297,17857,22834546,2247,82,425,2819,4452741,4452642,102,118,81,98,172,6488593,4234698,94,133,3003,320,1167,0,94,0,920,8042532,2803,0,455,8,1,4,237,13,4,241,8,2,1,10
5751.15,1624975748926,50.009336105,1,0,0,5,10,4,5,90,2,0,0,0,44,58,6593150,0,35,2,116,8939,2386995,21511,0,1,196131,141992,59313,60100,24029,13954,24116,13921,58,1137,1138,60,43278,20910,23442848,2279,77,428,2827,4458755,4458661,102,118,75,87,166,6593013,4235478,94,126,3208,339,1437,11,87,2,953,8076117,2965,0,472,8,1,4,242,16,4,246,8,2,1,10
5801.16,1624975805907,50.009294072,1,0,0,5,10,4,5,94,2,0,0,0,6,60,6192378,0,30,2,116,9070,2029411,20556,0,1,196140,141889,58679,59476,24733,14676,23855,13291,58,1098,1098,33,42926,21681,21243992,2255,76,431,2825,4418642,4418550,102,118,74,86,164,6192223,4195918,93,125,3183,333,1404,0,86,0,916,7571624,2821,0,459,8,1,4,260,16,4,264,8,2,1,10
5851.17,1624975862282,50.009612638,1,0,0,5,10,4,5,79,2,0,0,0,54,61,6360834,0,28,2,116,21039,2174388,20894,0,1,194354,140242,55589,56926,20787,11305,23402,13197,58,1096,1096,33,38704,17790,22135136,2251,74,428,2820,4438542,4438448,102,118,72,86,163,6360721,4220004,93,124,3159,328,1386,0,85,0,921,7676583,2959,0,493,8,1,4,245,16,4,249,8,2,1,10
5901.18,1624975919362,50.009283485,1,0,0,5,10,4,5,64,2,0,0,0,6,51,6351880,0,26,2,116,16242,2140328,20115,0,1,193824,140186,55845,56728,20649,11275,20715,10992,58,1099,1100,37,37957,17677,21982758,2249,75,426,2819,4462640,4462544,102,118,73,86,164,6351652,4244265,94,125,3006,319,1165,0,86,0,922,7792933,2753,0,438,8,1,4,241,13,4,245,8,2,1,10
5951.19,1624975976161,50.008699143,1,0,0,5,10,4,5,89,2,0,0,0,12,59,6527525,0,33,2,116,14939,2324068,21086,0,1,196491,142252,60010,60664,23973,13766,23989,13764,58,1099,1099,37,43686,20829,23117654,2249,77,426,2825,4455075,4454975,102,118,76,89,168,6527163,4230474,94,127,3173,332,1405,0,89,0,922,8037910,2845,0,468,8,1,4,251,16,4,255,8,2,1,10
6001.2,1624976033012,50.008381768,1,0,0,5,10,4,5,104,2,0,0,0,4,50,6287001,0,29,2,116,5429,2118556,20751,0,1,196703,142400,60446,60902,24129,13739,24157,13481,58,1096,1096,37,43879,20912,21772602,2242,81,427,2825,4425163,4425059,102,118,80,95,172,6286603,4200081,94,131,3174,332,1408,0,94,0,918,7691262,2830,0,480,8,1,4,260,16,4,264,8,2,1,10
6051.21,1624976089736,50.010661664,1,0,0,5,10,4,5,67,2,0,0,0,74,62,6554488,0,33,2,118,11698,2363004,20995,0,1,193480,139813,53282,54786,20255,11302,22996,13481,59,1124,1125,51,36691,17455,23238373,2271,71,433,2819,4439288,4439198,104,120,69,82,157,6554370,4224139,90,120,3042,324,1195,7,81,2,943,8266050,3004,0,500,8,1,4,241,16,4,245,8,2,1,10
6101.22,1624976146933,50.009305378,1,0,0,5,10,4,5,74,2,0,0,0,2,39,6642432,0,26,2,118,19121,2415415,20662,0,1,193152,139593,54430,55390,20516,10988,20603,10772,59,1092,1092,33,37217,17588,23654691,2242,73,425,2819,4472325,4472235,104,120,71,85,160,6642271,4256312,93,123,2996,320,1164,0,83,0,921,8463263,2776,0,465,8,1,4,245,13,4,249,8,2,1,10
6151.23,1624976204066,50.011155086,1,0,0,5,10,4,5,90,2,0,0,0,25,55,6511654,0,30,2,118,21511,2311349,21076,0,1,195348,141389,60363,60859,24215,13804,24245,13512,59,1091,1091,32,43722,20981,23022082,2243,83,425,5385,4459586,4459476,104,120,82,95,175,6511124,4234334,95,134,3172,336,1406,0,95,0,919,8155505,2902,0,497,8,1,4,261,16,4,265,8,2,1,10
6201.24,1624976261233,50.010769521,1,0,0,5,10,4,5,80,2,0,0,0,51,60,6647584,0,29,2,116,15299,2444302,21651,0,1,195850,141883,60114,60532,24013,13955,24027,13764,58,1095,1095,37,43656,20828,23815973,2239,77,426,2826,4456461,4456356,102,118,76,89,168,6646919,4232744,94,127,3168,337,1410,0,89,0,923,8349749,2990,0,508,8,1,4,249,16,4,253,8,2,1,10
6251.25,1624976318055,50.009302449,1,0,0,5,10,4,5,71,2,0,0,0,16,66,6028488,0,25,2,116,20043,1904994,19934,0,1,193932,140284,56315,57272,20786,11280,20858,11024,58,1099,1099,37,38161,17774,20408440,2249,78,427,2819,4375987,4375887,102,119,77,94,168,6028336,4157202,94,129,3007,319,1168,0,91,0,921,7370555,2801,0,455,8,1,4,232,13,4,236,8,2,1,10
6301.26,1624976375294,50.008668060,1,0,0,5,10,4,5,87,2,0,0,0,36,59,6389891,0,38,2,116,15752,2227496,21248,0,1,196057,142030,61204,61741,24381,14277,24390,14204,58,1139,1140,64,44284,21105,22441482,2275,81,431,2827,4420909,4420788,102,118,81,94,174,6389501,4195730,95,132,3205,337,1435,11,94,2,961,7885416,2966,0,486,8,1,4,241,16,4,245,8,2,1,10
6351.27,1624976432380,50.008799688,1,0,0,5,10,4,5,87,2,0,0,0,6,57,6761983,0,27,2,116,13907,2529832,20929,0,1,195987,141826,58058,58565,23682,13950,23652,13480,58,1095,1095,37,42901,20638,24344593,2241,74,425,2824,4484679,4484574,102,118,73,85,160,6761533,4261996,91,123,3161,330,1405,0,85,0,921,8314700,2814,0,466,8,1,4,258,16,4,262,8,2,1,10
6401.28,1624976489596,50.009033445,1,0,0,5,10,4,5,88,2,0,0,0,4,50,6331223,0,33,2,116,5784,2173918,20734,0,1,196299,142020,59201,59930,26034,15722,24048,13605,58,1098,1098,33,43237,22872,22099462,2255,78,426,2826,4413592,4413488,102,119,78,92,168,6331030,4189904,93,129,3182,333,1408,0,92,0,919,7843323,2767,0,459,8,1,4,269,16,4,273,8,2,1,10
6451.29,1624976546996,50.011364763,1,0,0,5,10,4,5,66,2,0,0,0,5,59,6236980,0,27,2,116,27091,2067596,20127,0,1,193382,139767,54447,55227,20526,11273,20564,11023,58,1095,1095,33,37195,17568,21468501,2249,72,426,2819,4419078,4418959,102,118,71,83,160,6236661,4202915,93,123,3004,320,1166,0,83,0,919,7806628,2724,0,436,8,1,4,232,13,4,236,8,2,1,10
6501.3,1624976603737,50.008619681,1,0,0,5,10,4,5,92,2,0,0,0,24,54,6540829,0,30,2,116,18064,2342272,21201,0,1,195529,141522,59551,60153,24120,14117,24160,13732,58,1092,1092,33,43312,20908,23198720,2245,83,425,2825,4451106,4450999,102,118,82,94,172,6540483,4228500,94,134,3176,333,1410,0,94,0,918,8283516,2885,0,491,8,1,4,251,16,4,255,8,2,1,10
6551.31,1624976660745,50.008832671,1,0,0,5,10,4,5,92,2,0,0,0,32,75,6658952,0,33,2,116,13126,2477892,21678,0,1,195994,141969,60778,61391,24229,13518,24229,13166,58,1137,1138,64,44057,21041,23903785,2271,78,427,2827,4437168,4437065,102,118,77,91,170,6658619,4212335,95,128,3199,337,1437,11,91,2,957,8433671,2970,0,497,8,1,4,252,16,4,256,8,2,1,10
6601.32,1624976717964,50.011737779,1,0,0,5,10,4,5,65,2,0,0,0,46,62,6396768,0,30,2,116,10733,2227138,20885,0,1,193614,140097,55797,56594,20695,11212,20750,11055,58,1098,1098,37,37906,17676,22387542,2247,75,428,2819,4417708,4417615,102,118,74,86,164,6396502,4200226,94,125,2998,319,1160,0,86,0,926,8001440,2874,0,480,8,1,4,238,13,4,242,8,2,1,10
6651.33,1624976774289,50.009680712,1,0,0,5,10,4,5,64,2,0,0,0,30,46,6503573,0,29,2,116,15637,2340745,20339,0,1,193662,140023,53783,54757,20299,11206,20402,10992,58,1096,1096,37,37013,17418,23069117,2243,71,428,2819,4412311,4412220,102,118,69,86,155,6503378,4196015,90,120,2994,318,1162,0,81,0,919,8200296,2793,0,467,8,1,4,228,13,4,232,8,2,1,10
6701.34,1624976830994,50.008599625,1,0,0,5,10,4,5,97,2,0,0,0,42,54,6830035,0,29,2,116,7509,2622172,21572,0,1,195442,141462,59058,59490,23956,13925,24004,13732,58,1090,1090,33,43078,20833,24864745,2239,79,426,2825,4461163,4461061,102,118,78,90,168,6829499,4239434,93,129,3169,333,1402,0,90,0,919,8749666,2923,0,497,8,1,4,258,16,4,262,8,2,1,10
6751.35,1624976887770,50.008720448,1,0,0,5,10,4,5,86,2,0,0,0,74,53,6665197,0,35,2,116,23627,2486799,21463,0,1,194876,141107,59040,59669,23959,13798,23975,13700,58,1087,1087,33,43099,20822,24011662,2233,79,426,2825,4430968,4430863,102,118,78,90,168,6664880,4209812,93,129,3162,333,1402,0,90,0,915,8489167,3017,0,513,8,1,4,245,16,4,249,8,2,1,10
6801.36,1624976944563,50.009348108,1,0,0,5,10,4,5,70,2,0,0,0,26,49,6233684,0,26,2,118,12114,2089674,20378,0,1,193856,139891,57530,58769,22763,12757,23842,13291,59,1090,1090,33,41654,19693,21555686,2239,79,426,5380,4399122,4399023,104,120,77,91,168,6233509,4176337,93,129,3153,325,1391,0,89,0,914,7688659,2822,0,477,8,1,4,255,16,4,259,8,2,1,10
6851.37,1624977001525,50.014141690,1,0,0,5,10,4,5,80,2,0,0,0,32,38,6647799,0,29,2,116,18756,2460812,20770,0,1,192876,139539,55829,56675,20690,11180,20731,10834,58,1092,1092,37,37927,17689,23834381,2235,75,429,2819,4435270,4435178,102,118,74,86,164,6647594,4218251,94,125,2988,319,1163,0,86,0,924,8498567,2848,0,474,8,1,4,238,13,4,242,8,2,1,10
6901.38,1624977058027,50.009192355,1,0,0,5,10,4,5,83,2,0,0,0,24,58,6503795,0,27,2,116,26536,2292971,21403,0,1,196380,142200,60021,60855,23987,13546,24041,13417,58,1097,1097,37,43673,20855,22942038,2245,78,426,2825,4467924,4467828,102,118,76,89,168,6503633,4243480,94,127,3169,332,1402,0,89,0,919,8147363,2917,0,483,8,1,4,242,16,4,246,8,2,1,10
6951.39,1624977114970,50.008940066,1,0,0,5,10,4,5,84,2,0,0,0,18,64,6413746,0,32,2,116,20635,2223944,20833,0,1,196297,142141,60533,61239,24125,13582,24172,13386,58,1100,1100,37,43906,20920,22489887,2251,81,426,2825,4445648,4445534,102,118,80,95,172,6413394,4220816,94,131,3175,335,1405,0,94,0,922,8010334,2860,0,483,8,1,4,243,16,4,247,8,2,1,10
7001.4,1624977172686,50.009810429,1,0,0,5,10,4,5,75,2,0,0,0,2,37,6604775,0,32,2,116,22149,2410750,20916,0,1,192989,139468,54383,54934,20478,11555,20509,11181,58,1093,1093,33,37158,17588,23542108,2245,71,425,2819,4442378,4442284,102,118,71,83,160,6604618,4226636,93,123,3000,319,1162,0,83,0,918,8193749,2756,0,438,8,1,4,214,13,4,218,8,2,1,10
7051.41,1624977229667,50.008648042,1,0,0,5,10,4,5,86,2,0,0,0,16,29,6737667,0,25,2,116,7254,2505754,20553,0,1,195549,141629,58476,58460,23789,13483,21234,11023,58,1094,1094,33,41907,20737,24216940,2247,78,427,2825,4486040,4485925,102,118,77,88,165,6737258,4264564,93,128,3138,329,1356,0,89,0,922,8468149,2802,0,448,8,1,4,223,13,4,227,8,2,1,10
7101.42,1624977286180,50.009287263,1,0,0,5,10,4,5,86,2,0,0,0,12,40,6387119,0,40,2,116,9658,2196430,20759,0,1,196037,141876,59777,60625,24147,13645,24214,13228,58,1141,1142,60,43523,20995,22301642,2287,81,431,2827,4445390,4445288,102,118,79,92,170,6386888,4221885,94,130,3220,337,1438,11,92,2,957,7965948,2830,0,459,8,1,4,243,16,4,247,8,2,1,10
7151.43,1624977342608,50.009128094,1,0,0,5,10,4,5,92,2,0,0,0,12,68,6121950,0,27,2,116,10833,1992757,20637,0,1,196137,142011,60153,61004,24026,13735,24064,13638,58,1102,1102,37,43688,20857,20946311,2255,78,425,2826,4387671,4387566,102,118,76,90,168,6121753,4163336,94,127,3182,336,1408,0,89,0,925,7602767,2872,0,464,8,1,4,257,16,4,261,8,2,1,10
7201.44,1624977399321,50.009340470,1,0,0,5,10,4,5,78,2,0,0,0,46,64,6269331,0,29,2,116,10930,2112313,20799,0,1,193932,140343,55848,56745,20669,11465,20774,11244,58,1100,1100,37,37893,17691,21701245,2251,75,428,2819,4403645,4403521,102,118,73,87,164,6269100,4185809,94,125,3003,320,1169,0,87,0,923,7841042,2920,0,459,8,1,4,238,13,4,242,8,2,1,10
7251.45,1624977455717,50.011908190,1,0,0,5,10,4,5,84,2,0,0,0,3,45,6638234,0,27,2,116,6580,2436613,20890,0,1,195376,141721,57325,57393,21748,12157,20846,11432,58,1100,1100,37,39293,18710,23733529,2251,75,426,2824,4451571,4451475,102,118,74,86,164,6638021,4231653,94,125,3023,327,1190,0,87,0,922,8205097,2761,0,437,8,1,4,242,13,4,246,8,2,1,10
7301.46,1624977512740,50.009227438,1,0,0,5,10,4,5,84,2,0,0,0,4,48,6104078,0,25,2,116,19313,1968466,20036,0,1,196232,141962,59069,59854,23903,13735,23970,13323,58,1094,1094,33,43153,20833,20827683,2247,80,426,2825,4392110,4392012,102,118,78,90,168,6103930,4169024,93,129,3173,332,1403,0,90,0,915,7458485,2808,0,465,8,1,4,267,16,4,271,8,2,1,10
7351.47,1624977570317,50.011847774,1,0,0,5,10,4,5,84,2,0,0,0,24,54,6548575,0,37,2,116,14805,2378047,21051,0,1,196559,142249,59836,60701,24167,13865,24231,13543,58,1140,1141,60,43519,21003,23360051,2285,81,433,2827,4426603,4426506,102,118,80,91,170,6548349,4202640,94,130,3218,337,1429,11,91,2,962,8166663,2931,0,475,8,1,4,255,16,4,259,8,2,1,10
7401.48,1624977627199,50.009445054,1,0,0,5,10,4,5,73,2,0,0,0,24,55,6560369,0,27,2,116,21594,2370773,20502,0,1,193436,139828,54430,55325,20479,11020,20570,10614,58,1095,1095,33,37146,17553,23301438,2249,72,427,2819,4438268,4438180,102,118,71,84,160,6560208,4222453,93,123,3002,320,1161,0,84,0,918,8208516,2821,0,453,8,1,4,223,13,4,227,8,2,1,10
7451.49,1624977684210,50.010407017,1,0,0,5,10,4,5,97,2,0,0,0,5,64,6523629,0,34,2,116,13885,2345541,20756,0,1,195346,141323,59069,59773,23971,13768,23965,13354,58,1094,1094,33,43138,20841,23172905,2246,78,424,5385,4432200,4432094,102,119,78,92,168,6523240,4207389,93,129,3176,333,1405,0,91,0,917,8054440,2776,0,487,8,1,4,248,16,4,252,8,2,1,10
7501.5,1624977741363,50.009133466,1,0,0,5,10,4,5,80,2,0,0,0,46,53,6596929,0,25,2,116,8161,2402391,21325,0,1,196709,142484,60125,60931,23956,13828,23997,13323,58,1100,1100,37,43718,20849,23517347,2251,78,428,2825,4451740,4451637,102,118,76,89,168,6596749,4227197,94,127,3173,333,1407,0,89,0,925,8331960,2956,0,497,8,1,4,253,16,4,257,8,2,1,10
7551.51,1624977798802,50.009297383,1,0,0,5,10,4,5,82,2,0,0,0,38,51,6571873,0,53,2,116,16012,2389279,21261,0,1,194370,140664,57312,58163,21082,11162,21142,10929,58,1102,1102,37,38517,17938,23406197,2255,88,429,2819,4434004,4433898,102,117,85,98,176,6571710,4214681,94,137,3032,322,1167,0,98,0,931,8049889,2897,0,474,8,1,4,234,13,4,238,8,2,1,10
7601.52,1624977855425,50.009321741,1,0,0,5,10,4,5,80,2,0,0,0,2,44,6395159,0,32,2,116,10991,2186530,20671,0,1,195789,142045,60004,60169,24064,13767,21534,11212,58,1142,1143,64,42856,20946,22292928,2281,77,427,2827,4461778,4461679,102,118,76,88,167,6394943,4238213,95,127,3086,332,1254,11,89,2,966,8000739,2848,0,453,8,1,4,239,13,4,243,8,2,1,10
7651.53,1624977912897,50.008795641,1,0,0,5,10,4,5,80,2,0,0,0,2,51,6293730,0,27,2,116,4787,2147109,20544,0,1,196172,141912,58749,59206,23847,13793,23827,13606,58,1098,1098,33,42887,20737,21911471,2255,75,430,5386,4402270,4402175,102,118,74,87,164,6293447,4176897,93,125,3178,336,1404,0,86,0,919,7910838,2845,0,473,8,1,4,232,16,4,236,8,2,1,10
7701.54,1624977969794,50.009279790,1,0,0,5,10,4,5,70,2,0,0,0,0,55,6354750,0,31,2,116,14639,2184245,20227,0,1,192572,138949,57730,58866,23115,13043,23896,13008,58,1087,1087,33,42013,20031,22189237,2233,79,421,2820,4421853,4421753,102,118,77,90,168,6354601,4202082,93,129,3143,325,1383,0,90,0,912,7991610,2686,0,460,8,1,4,257,16,4,261,8,2,1,10
7751.55,1624978026505,50.009029798,1,0,0,5,10,4,5,66,2,0,0,0,14,53,6312418,0,28,2,116,19008,2153674,20083,0,1,192574,139199,54383,54985,20480,11083,20504,10740,58,1090,1090,33,37128,17554,21945225,2239,72,424,2819,4406857,4406766,102,118,71,86,160,6312156,4191470,93,123,2993,321,1164,0,84,0,917,7888164,2761,0,443,8,1,4,225,13,4,229,8,2,1,10
7801.56,1624978082197,50.011873702,1,0,0,5,10,4,5,90,2,0,0,0,45,70,6564473,0,33,2,116,18927,2393520,21416,0,1,196606,142418,60026,60737,24028,14208,24063,14079,58,1100,1100,37,43668,20861,23452294,2250,77,428,2825,4428778,4428671,102,118,76,88,168,6564215,4204271,94,127,3179,332,1409,0,90,0,922,8317035,2910,0,485,8,1,4,256,16,4,260,8,2,1,10
7851.57,1624978139401,50.009170073,1,0,0,5,10,4,5,114,2,0,0,0,20,64,6611953,0,27,2,116,12711,2408529,21321,0,1,196339,142178,60502,61380,24141,13896,24178,13858,58,1097,1097,37,43900,20954,23606868,2245,82,427,2825,4459626,4459526,102,118,80,93,172,6611843,4234550,94,131,3173,332,1408,0,93,0,919,8379945,2903,0,497,8,1,4,257,16,4,261,8,2,1,10
7901.58,1624978196342,50.009540133,1,0,0,5,10,4,5,64,2,0,0,0,56,46,6548664,0,35,2,116,5356,2369205,21648,0,1,195211,141005,59050,60278,22864,13233,24124,13795,58,1140,1141,64,42375,19723,23272497,2277,78,433,2821,4436873,4436775,102,118,76,91,170,6548553,4213242,95,128,3190,328,1414,11,89,2,960,8307937,3004,0,504,8,1,4,249,16,4,253,8,2,1,10
7951.59,1624978253374,50.008926529,1,0,0,5,10,4,5,64,2,0,0,0,22,78,6338317,0,29,2,116,10982,2167658,19944,0,1,193319,139755,54553,55332,21444,11745,20557,10834,58,1095,1095,35,37251,18504,22053132,2245,71,426,2820,4419853,4419754,102,119,71,84,161,6338086,4203598,93,123,3000,323,1165,0,84,0,918,7912141,2761,0,467,8,1,4,232,13,4,236,8,2,1,10
8001.6,1624978309979,50.008976173,1,0,0,5,10,4,5,86,2,0,0,0,46,49,6641445,0,29,2,116,10521,2457815,21753,0,1,196341,142122,59153,59998,23963,13422,24035,13354,58,1095,1095,33,43221,20847,23857248,2248,79,428,2825,4438538,4438440,102,118,78,91,168,6641218,4215730,93,129,3176,333,1403,0,91,0,924,8364998,2978,0,493,8,1,4,255,16,4,259,8,2,1,10
8051.61,1624978367081,50.009699871,1,0,0,5,10,4,5,80,2,0,0,0,46,37,6830073,0,26,2,116,17128,2619601,21529,0,1,196128,141962,58682,59532,23821,13541,23901,13573,58,1090,1090,33,43004,20736,24866961,2239,75,428,2825,4466300,4466206,102,118,74,86,164,6829871,4243808,93,125,3163,333,1405,0,86,0,922,8626969,2953,0,496,8,1,4,250,16,4,254,8,2,1,10
8101.62,1624978424328,50.008954081,1,0,0,5,10,4,5,68,2,0,0,0,10,60,6370193,0,25,2,116,5891,2202269,20257,0,1,193384,139793,54905,55507,20637,11464,20690,11149,58,1093,1093,33,37403,17669,22249039,2244,76,426,5379,4419432,4419339,102,118,75,88,164,6369959,4200509,93,127,3003,320,1173,0,87,0,914,8019225,2769,0,463,8,1,4,238,13,4,242,8,2,1,10
8151.63,1624978480705,50.008532890,1,0,0,5,10,4,5,64,2,0,0,0,44,58,6737572,0,36,2,116,18082,2533857,21051,0,1,193258,139862,56523,57037,20859,10837,20879,10802,58,1138,1139,64,38277,17852,24323408,2273,74,430,2821,4453591,4453481,102,118,74,87,166,6737172,4235591,95,126,3030,325,1189,11,87,2,955,8609049,2926,0,477,8,1,4,245,13,4,249,8,2,1,10
8201.64,1624978537253,50.008485411,1,0,0,5,10,4,5,80,2,0,0,0,32,48,6391410,0,27,2,116,16419,2242879,20975,0,1,195157,141346,60013,60461,23974,13670,23990,13543,58,1092,1092,37,43657,20836,22500717,2234,76,424,2825,4404362,4404261,102,118,76,90,168,6390943,4181158,94,127,3157,334,1407,0,89,0,921,7997186,2868,0,478,8,1,4,251,16,4,255,8,2,1,10
8251.65,1624978594480,50.008893218,1,0,0,5,10,4,5,80,2,0,0,0,16,62,6396321,0,25,2,116,25809,2192238,20813,0,1,194934,141165,59987,60650,23998,13926,23978,13575,58,1091,1091,37,43699,20814,22336243,2233,77,422,2825,4454712,4454617,102,118,76,91,168,6396113,4231530,94,127,3155,332,1407,0,91,0,921,7889810,2871,0,478,8,1,4,261,16,4,265,8,2,1,10
8301.66,1624978651404,50.008604052,1,0,0,5,10,4,5,70,2,0,0,0,2,70,6471231,0,27,2,116,5725,2315985,20081,0,1,193470,139836,54888,55481,20618,11118,20633,10898,58,1094,1095,33,37375,17665,22885518,2247,76,426,2819,4403311,4403201,102,118,75,87,164,6470825,4186887,93,127,3002,320,1163,0,87,0,919,8118268,2698,0,459,8,1,4,230,13,4,234,8,2,1,10
8351.67,1624978708344,50.009229410,1,0,0,5,10,4,5,79,2,0,0,0,4,57,6299330,0,49,2,116,17186,2142058,20396,0,1,193587,139923,56014,56988,20917,11381,21184,11276,58,1097,1097,33,37831,17878,21870819,2253,82,426,2819,4408749,4408650,102,118,80,96,182,6299173,4190877,97,134,3025,324,1219,0,96,0,916,7621354,2770,0,455,8,1,4,238,13,4,242,8,2,1,10
8401.68,1624978765738,50.008754943,1,0,0,5,10,4,5,80,2,0,0,0,2,52,6383176,0,35,2,116,13004,2227014,20701,0,1,195922,141687,56232,56885,23604,13604,23605,13229,58,1139,1140,60,42444,20646,22362008,2283,72,431,2827,4410174,4410079,102,117,71,83,157,6382798,4188375,91,122,2132,338,1426,11,82,2,953,7887036,2847,0,481,8,1,4,251,16,4,255,8,2,1,10
8451.69,1624978822560,50.010321936,1,0,0,5,10,4,5,94,2,0,0,0,37,65,6711812,0,25,2,116,18394,2515730,21254,0,1,196674,142447,58938,59562,23959,13106,24004,12946,58,1100,1100,37,43687,20831,24218557,2251,77,428,2825,4452355,4452237,102,117,76,90,168,6711215,4227798,94,127,2111,335,1410,0,89,0,924,8554615,2944,0,486,8,1,4,265,16,4,269,8,2,1,10
8501.7,1624978879950,50.009236996,1,0,0,5,10,4,5,78,2,0,0,0,72,36,6384349,0,31,2,116,22388,2225967,20881,0,1,194476,140708,57220,58554,21066,10527,21307,10394,58,1099,1099,37,38584,17963,22390910,2249,84,429,2819,4408955,4408853,102,118,82,100,175,6384165,4189707,96,134,3017,319,1183,0,95,0,918,7885201,3014,0,517,8,1,4,256,16,4,260,8,2,1,10
8551.71,1624978937186,50.009409514,1,0,0,5,10,4,5,80,2,0,0,0,48,40,6609765,0,25,2,118,12092,2422105,21267,0,1,196747,142505,60103,60919,26051,15659,24082,13733,59,1097,1097,37,43821,22910,23620898,2244,78,428,2826,4445884,4445781,104,120,76,91,168,6609582,4220998,94,127,3168,332,1404,0,91,0,922,8199250,3008,0,490,8,1,4,253,16,4,257,8,2,1,10
8601.72,1624978993271,50.013480334,1,0,0,5,10,4,5,82,2,0,0,0,14,50,6364333,0,30,2,116,17705,2203297,20780,0,1,196373,142082,59139,60000,23983,13610,24039,13198,58,1092,1092,33,43152,20824,22273571,2243,80,426,2826,4417361,4417265,102,118,79,90,168,6364073,4194110,93,129,3174,336,1403,0,90,0,916,7893590,2823,0,478,8,1,4,264,16,4,268,8,2,1,10
8651.73,1624979050555,50.009190647,1,0,0,5,10,4,5,80,2,0,0,0,6,43,6272006,0,25,2,118,7910,2124765,20225,0,1,195998,141795,58541,59312,23796,13416,23840,13355,59,1090,1090,33,42926,20717,21779166,2239,74,427,2825,4401865,4401765,104,120,74,87,164,6271586,4179514,93,125,3160,333,1406,0,86,0,914,7802229,2775,0,468,8,1,4,252,16,4,256,8,2,1,10
8701.74,1624979106941,50.009447048,1,0,0,5,10,4,5,64,2,0,0,0,0,69,6134355,0,33,2,116,22554,1993020,19668,0,1,192899,139429,55098,56105,20714,11117,20778,10929,58,1135,1136,60,37525,17753,20947699,2275,74,429,2821,4391072,4390972,102,118,72,84,162,6134052,4174364,94,124,3037,324,1190,11,84,2,954,7585680,2743,0,416,8,1,4,223,13,4,227,8,2,1,10
8751.75,1624979164132,50.008444205,1,0,0,5,10,4,5,81,2,0,0,0,54,29,6418410,0,30,2,116,18241,2287636,21022,0,1,196201,142021,59003,59509,23955,13955,23985,13291,58,1088,1088,33,43132,20825,22722112,2235,78,428,2824,4386666,4386565,102,118,78,91,168,6417927,4164101,93,129,3165,331,1404,0,90,0,916,7966330,2934,0,496,8,1,4,245,16,4,249,8,2,1,10
8801.76,1624979221375,50.009158839,1,0,0,5,10,4,5,94,2,0,0,0,26,68,6631721,0,29,2,116,16730,2443697,21044,0,1,196523,142304,60030,60857,23983,14178,24040,13953,58,1099,1099,37,43682,20838,23774010,2249,78,427,2825,4444491,4444389,102,118,76,91,168,6631526,4219959,94,127,3175,333,1405,0,91,0,921,8386621,2897,0,464,8,1,4,261,16,4,265,8,2,1,10
8851.77,1624979277929,50.011192504,1,0,0,5,10,4,5,77,2,0,0,0,49,51,6446167,0,27,2,116,5288,2292281,21073,0,1,195974,141803,58765,59996,23249,13294,23986,13858,58,1097,1097,37,42684,20174,22796434,2245,77,428,2820,4408409,4408305,102,118,75,89,168,6446080,4185377,94,127,3149,326,1385,0,88,0,928,8097386,2965,0,475,8,1,4,258,16,4,262,8,2,1,10
8901.78,1624979334459,50.011166745,1,0,0,5,10,4,5,64,2,0,0,0,8,44,6152436,0,27,2,118,18413,2064262,19972,0,1,193638,140061,55951,56894,20712,11306,20782,10898,59,1102,1102,37,37915,17704,21266233,2255,75,426,2820,4339415,4339326,104,120,73,87,164,6152270,4121285,94,125,3011,323,1166,0,86,0,922,7428491,2746,0,441,8,1,4,220,13,4,224,8,2,1,10
8951.79,1624979391683,50.009201402,1,0,0,5,10,4,5,99,2,0,0,0,14,50,6401704,0,37,2,118,23293,2231849,21257,0,1,195215,141278,59782,60758,24183,13643,24275,13291,59,1135,1136,60,43509,21008,22486308,2275,80,429,5387,4428757,4428654,104,120,79,91,170,6401520,4203367,94,130,3206,337,1432,11,91,2,954,7877251,2851,0,470,8,1,4,244,16,4,248,8,2,1,10
9001.8,1624979448818,50.009084034,1,0,0,5,10,4,5,84,2,0,0,0,0,44,6492697,0,26,2,116,18219,2277309,20950,0,1,195268,141266,59069,59797,23956,13987,24014,13638,58,1089,1089,33,43143,20818,22828409,2237,79,424,2825,4470722,4470627,102,118,78,91,168,6492532,4248679,93,129,3169,333,1406,0,90,0,915,8052430,2809,0,484,8,1,4,256,16,4,260,8,2,1,10
9051.81,1624979505665,50.009174932,1,0,0,5,10,4,5,64,2,0,0,0,18,52,6467152,0,26,2,116,14621,2254998,20171,0,1,193291,139691,54259,55251,20490,11775,20625,11433,58,1091,1091,33,37118,17568,22685518,2241,73,426,2818,4454426,4454325,102,118,71,85,160,6466952,4238744,93,123,2991,316,1158,0,83,0,918,8157313,2722,0,449,8,1,4,226,13,4,230,8,2,1,10
9101.82,1624979562515,50.011631725,1,0,0,5,10,4,5,75,2,0,0,0,29,50,6425265,0,28,2,116,5056,2251462,20922,0,1,193975,140332,55848,56535,20713,11246,20742,10929,58,1101,1101,37,37953,17703,22553877,2253,74,427,2819,4423870,4423770,102,118,73,86,164,6424919,4205830,94,125,3007,319,1163,0,88,0,922,8045803,2847,0,468,8,1,4,232,13,4,236,8,2,1,10
9151.83,1624979620045,50.009040019,1,0,0,5,10,4,5,80,2,0,0,0,48,74,6367838,0,39,2,116,11856,2189577,21117,0,1,196287,142191,60044,60764,24026,14019,24102,13701,58,1096,1096,37,43706,20868,22233602,2243,76,428,2825,4435472,4435375,102,118,76,89,168,6367577,4211264,94,127,3179,332,1412,0,89,0,918,7917419,2934,0,498,8,1,4,264,16,4,268,8,2,1,10
9201.84,1624979677191,50.008933420,1,0,0,5,10,4,5,87,2,0,0,0,70,56,6406953,0,33,2,116,19456,2251408,21123,0,1,196603,142464,60784,61625,24244,13863,24324,13638,58,1141,1142,64,44046,21050,22568138,2279,78,434,2827,4412095,4411974,102,118,77,91,170,6406713,4187180,95,128,3205,336,1431,11,91,2,957,7979810,3065,0,502,8,1,4,253,16,4,257,8,2,1,10
9251.85,1624979733357,50.009136397,1,0,0,5,10,4,5,87,2,0,0,0,64,67,6632293,0,25,2,116,11412,2422615,21079,0,1,193070,139656,55028,55846,20672,11181,20741,11055,58,1090,1090,33,37341,17675,23636014,2239,76,428,2820,4456251,4456158,102,118,75,87,164,6632078,4240551,93,127,3001,323,1168,0,87,0,917,8390117,2980,0,513,8,1,4,232,13,4,236,8,2,1,10
9301.86,1624979790303,50.010383527,1,0,0,5,10,4,5,96,2,0,0,0,13,69,6226085,0,27,2,116,15627,2105853,20328,0,1,195368,141674,58324,58553,22309,11537,21267,10898,58,1095,1095,33,39650,19139,21638818,2249,84,426,2824,4367706,4367603,102,118,84,96,175,6225791,4147736,95,136,3027,330,1199,0,97,0,916,7777092,2759,0,454,8,1,4,243,13,4,247,8,2,1,10
9351.87,1624979847041,50.008785640,1,0,0,5,10,4,5,86,2,0,0,0,30,43,6397993,0,30,2,116,15563,2240448,21093,0,1,196134,141949,59100,59787,23936,13738,23936,13512,58,1093,1093,33,43128,20809,22506690,2245,79,426,2825,4410736,4410634,102,117,78,93,168,6397647,4188098,93,129,3171,335,1406,0,92,0,918,8054777,2889,0,503,8,1,4,257,16,4,261,8,2,1,10
9401.88,1624979903891,50.008681911,1,0,0,5,10,4,5,116,2,0,0,0,38,52,6556647,0,32,2,116,11072,2394511,21067,0,1,196768,142501,60416,61052,24142,13456,24167,13323,58,1098,1098,37,43883,20930,23418972,2247,81,428,2824,4419916,4419811,102,119,80,93,172,6556235,4194934,94,131,3178,330,1419,0,93,0,920,8278021,2926,0,507,7,1,4,265,16,4,269,7,2,1,9
9451.89,1624979960355,50.009265442,1,0,0,5,10,4,5,64,2,0,0,0,44,42,6433148,0,26,2,116,15457,2300983,20638,0,1,193786,140222,55798,56803,20659,11180,20782,11024,58,1094,1094,37,37897,17682,22775733,2239,75,428,2819,4380994,4380900,102,117,73,87,164,6432989,4163444,94,125,2990,319,1164,0,86,0,925,8132940,2848,0,483,8,1,4,225,13,4,229,8,2,1,10
9501.9,1624980017253,50.009226214,1,0,0,5,10,4,5,62,2,0,0,0,18,44,6313904,0,26,2,116,8209,2146354,20249,0,1,193039,139647,55760,56570,20672,11054,20741,10898,58,1093,1093,37,37903,17683,21904106,2237,74,425,2819,4417211,4417109,102,119,73,87,164,6313470,4199924,94,125,2986,320,1165,0,86,0,919,7929430,2780,0,463,8,1,4,227,13,4,231,8,2,1,10
9551.91,1624980073773,50.009273225,1,0,0,5,10,4,5,95,2,0,0,0,54,98,6398962,0,29,2,116,17813,2262636,21438,0,1,195628,141629,59178,60097,23972,13609,24067,13543,58,1089,1089,33,43126,20840,22590055,2237,80,426,2826,4390373,4390271,102,118,78,92,168,6398729,4167767,93,129,3171,337,1409,0,90,0,917,7976829,2980,0,508,7,1,4,253,16,4,257,7,2,1,9
9601.92,1624980130196,50.008992597,1,0,0,5,10,4,5,86,2,0,0,0,78,50,6812234,0,25,2,116,8016,2600262,21606,0,1,196370,142175,58639,59445,23839,13199,23900,13071,58,1092,1092,33,42934,20749,24698215,2243,75,429,2825,4466640,4466547,102,118,74,88,164,6812044,4244137,93,125,3166,333,1402,0,87,0,925,8659951,3064,0,515,8,1,4,260,16,4,264,8,2,1,10
9651.93,1624980187189,50.009601273,1,0,0,5,10,4,5,74,2,0,0,0,2,45,6131243,0,26,2,116,6131,1985494,20170,0,1,194820,140707,57320,58501,23098,13162,23775,13322,58,1092,1092,33,41924,20081,20935314,2243,75,425,2820,4397599,4397506,102,118,73,86,164,6131141,4176550,93,125,3149,325,1379,0,85,0,915,7625426,2796,0,471,8,1,4,265,16,4,269,8,2,1,10
9701.94,1624980244243,50.008901258,1,0,0,5,10,4,5,67,2,0,0,0,26,58,6430621,0,25,2,116,12162,2242517,20654,0,1,192987,139623,55755,56414,20682,11496,20679,11213,58,1095,1095,37,37893,17658,22517346,2241,74,426,2818,4438771,4438674,102,118,73,86,164,6430249,4221169,94,125,2991,316,1160,0,86,0,917,8068784,2796,0,459,8,1,4,235,13,4,239,8,2,1,10
9751.95,1624980301129,50.008847993,1,0,0,5,10,4,5,80,2,0,0,0,4,71,6622574,0,36,2,116,4186,2430355,21162,0,1,196385,142183,60749,61400,24268,13706,24286,13512,58,1141,1142,64,44060,21074,23685756,2279,77,430,2827,4450487,4450387,102,118,77,90,170,6622277,4224900,95,128,3207,336,1432,11,90,2,954,8366598,2825,0,472,8,1,4,254,16,4,258,8,2,1,10
9801.96,1624980358284,50.008764919,1,0,0,5,10,4,5,110,2,0,0,0,60,71,6713680,0,27,2,116,8542,2517545,22040,0,1,196789,142565,60521,61147,24157,13489,24162,13449,58,1096,1096,37,43882,20953,24205372,2243,81,428,2825,4453895,4453794,102,119,80,94,172,6713400,4228936,94,131,3174,332,1409,0,94,0,927,8209877,3033,0,505,8,1,4,251,16,4,255,8,2,1,10
9851.97,1624980415099,50.009632014,1,0,0,5,10,4,5,69,2,0,0,0,24,79,6417249,0,28,2,116,13795,2217720,20692,0,1,194803,140642,57642,58986,21419,11973,23786,13638,58,1103,1103,37,39970,18279,22430054,2257,80,427,2820,4451840,4451738,102,118,78,93,171,6417187,4230546,94,130,3164,328,1388,0,91,0,925,7896319,2803,0,476,8,1,4,252,16,4,256,8,2,1,10
9901.98,1624980471963,50.009190067,1,0,0,5,10,4,5,62,2,0,0,0,26,56,6362681,0,27,2,116,16049,2185678,20500,0,1,193274,139708,54427,55338,20524,11086,20578,10772,58,1096,1096,33,37160,17578,22177926,2251,73,427,2819,4423979,4423883,102,118,71,86,160,6362551,4208475,93,123,3007,320,1161,0,85,0,918,7958500,2860,0,460,8,1,4,230,13,4,234,8,2,1,10
9951.99,1624980529145,50.008925791,1,0,0,5,10,4,5,96,2,0,0,0,28,67,6783916,0,42,2,116,8852,2562566,21701,0,1,194953,141080,58658,59382,23826,13417,23852,13512,58,1087,1087,33,42910,20741,24532089,2233,75,425,2825,4475512,4475423,102,118,74,86,164,6783751,4254254,93,125,3172,335,1403,0,86,0,916,8683741,2878,0,481,8,1,4,255,16,4,259,8,2,1,10
10002,1624980586418,50.008772575,1,0,0,5,10,4,5,92,2,0,0,0,0,50,6199190,0,50,2,116,4299,2021854,19700,0,1,196222,141939,59275,59913,24024,13957,24044,13575,58,1139,1140,60,43283,20896,21212614,2283,76,431,2826,4433471,4433370,102,117,75,87,166,6198805,4210065,94,126,3225,342,1430,11,87,2,952,7663480,2799,0,468,8,1,4,248,16,4,252,8,2,1,10
10052,1624980643285,50.009042150,1,0,0,5,10,4,5,70,2,0,0,0,24,51,6427472,0,25,2,116,6778,2252187,20833,0,1,193833,140230,56222,57047,20816,10931,20870,11149,58,1099,1099,37,38137,17805,22550168,2249,79,426,2818,4426320,4426220,102,117,77,91,168,6427255,4208131,94,129,3004,316,1166,0,90,0,917,8032731,2838,0,466,8,1,4,237,13,4,241,8,2,1,10
10102,1624980700308,50.009129699,1,0,0,5,10,4,5,82,2,0,0,0,14,59,6187488,0,28,2,116,18820,2083323,20441,0,1,194939,141447,58116,58497,23113,13197,21111,11244,58,1095,1095,37,40645,20039,21451859,2241,76,425,2825,4358192,4358096,102,118,74,86,164,6187293,4137250,94,125,3015,328,1187,0,87,0,919,7713731,2800,0,462,8,1,4,226,13,4,230,8,2,1,10
10152,1624980757428,50.008498956,1,0,0,5,10,4,5,96,2,0,0,0,26,68,6748046,0,27,2,116,8898,2536082,21796,0,1,196530,142321,60147,60592,23992,13768,23971,13638,58,1100,1100,37,43712,20840,24357505,2251,77,427,2826,4469307,4469208,102,118,76,90,168,6747576,4244810,94,127,3176,336,1407,0,91,0,922,8579505,2917,0,495,8,1,4,253,16,4,257,8,2,1,10
10202,1624980814558,50.009196415,1,0,0,5,10,4,5,86,2,0,0,0,22,61,6258743,0,28,2,116,7617,2128505,20650,0,1,196242,142012,59237,60090,23981,13483,24042,13071,58,1092,1092,33,43245,20844,21763908,2243,79,427,2826,4385721,4385621,102,118,78,90,168,6258610,4162622,93,129,3169,337,1405,0,90,0,924,7821776,2829,0,485,8,1,4,263,16,4,267,8,2,1,10
10252,1624980871568,50.010555496,1,0,0,5,10,4,5,64,2,0,0,0,4,46,6278888,0,31,2,116,6850,2132950,19797,0,1,193549,139899,55198,56028,20713,11182,20761,10992,58,1140,1141,60,37588,17761,21794939,2285,73,431,5381,4398007,4397911,102,117,72,84,162,6278673,4178559,94,124,3044,324,1187,11,84,2,954,7835279,2759,0,433,8,1,4,232,13,4,236,8,2,1,10
10302,1624980928098,50.008833702,1,0,0,5,10,4,5,88,2,0,0,0,2,63,6189513,0,27,2,116,7803,2053287,20250,0,1,195965,141690,56658,57283,23458,13696,23454,13355,58,1096,1096,33,42077,20485,21315600,2250,71,426,2825,4387878,4387783,102,118,70,81,155,6189146,4166829,89,120,3171,332,1400,0,81,0,914,7697492,2742,0,459,8,1,4,259,16,4,263,8,2,1,10
10352,1624980984699,50.009069709,1,0,0,5,10,4,5,100,2,0,0,0,6,55,6370181,0,30,2,116,10378,2199089,20690,0,1,196473,142225,60445,61235,24157,13487,24219,13480,58,1093,1093,37,43901,20969,22269626,2237,82,426,2824,4427710,4427608,102,118,80,94,172,6370004,4202831,94,131,3167,330,1411,0,93,0,919,7921177,2797,0,464,8,1,4,253,16,4,257,8,2,1,10
10402,1624981041910,50.009692388,1,0,0,5,10,4,5,66,2,0,0,0,14,62,6132176,0,25,2,116,15405,2022921,20047,0,1,193687,140103,55880,56835,20672,11244,20796,11055,58,1094,1094,37,37959,17704,21098820,2239,75,426,2819,4355113,4355020,102,118,73,87,164,6132008,4137026,94,125,2988,319,1162,0,86,0,919,7605413,2767,0,449,8,1,4,235,13,4,239,8,2,1,10
10452,1624981098755,50.008679699,1,0,0,5,10,4,5,88,2,0,0,0,32,60,6544100,0,26,2,116,9513,2391612,20427,0,1,194781,141329,57387,57595,21831,12035,20860,10709,58,1092,1092,37,39355,18771,23376377,2235,75,426,2824,4400780,4400678,102,118,74,89,164,6543752,4181406,94,125,3006,327,1184,0,89,0,925,8363565,2828,0,447,8,1,4,242,13,4,246,8,2,1,10
10502,1624981155547,50.010490602,1,0,0,5,10,4,5,104,2,0,0,0,17,58,6712853,0,27,2,118,12181,2511554,21242,0,1,196758,142476,60613,61466,24170,13582,24209,13481,59,1100,1100,37,43840,20961,24207065,2251,82,427,2826,4457497,4457391,104,120,80,94,172,6712702,4232242,94,131,3176,336,1408,0,93,0,929,8554556,2857,0,491,8,1,4,251,16,4,255,8,2,1,10
10552,1624981212251,50.009214184,1,0,0,5,10,4,5,90,2,0,0,0,30,64,6396121,0,34,2,116,14207,2274591,20952,0,1,195531,141514,59320,60120,24042,13358,24091,12789,58,1133,1134,60,43324,20926,22624681,2271,76,430,2827,4376911,4376816,102,119,75,87,166,6395927,4154136,94,126,3202,339,1428,11,87,2,950,8074430,2952,0,493,8,1,4,257,16,4,261,8,2,1,10
10602,1624981269589,50.009058464,1,0,0,5,10,4,5,82,2,0,0,0,28,66,6088520,0,28,2,116,21229,1969498,20092,0,1,193470,139873,54917,55742,20648,10803,20729,10677,58,1096,1096,33,37379,17674,20775207,2251,76,427,2819,4369649,4369547,102,118,75,87,164,6088301,4153088,93,127,3011,320,1165,0,87,0,918,7523874,2802,0,440,8,1,4,233,13,4,237,8,2,1,10
10652,1624981326137,50.009120101,1,0,0,5,10,4,5,83,2,0,0,0,78,41,6751264,0,28,2,118,8424,2572092,21181,0,1,193923,140367,55846,56223,21075,11372,20777,11087,59,1089,1089,33,38112,18046,24484975,2237,78,429,2823,4426230,4426137,102,118,76,88,164,6751134,4209526,93,127,3009,324,1179,0,88,0,918,8581474,2993,0,492,8,1,4,243,13,4,247,8,2,1,10
10702,1624981383003,50.009302934,1,0,0,5,10,4,5,90,2,0,0,0,4,63,6256467,0,28,2,116,12415,2105486,20609,0,1,195913,141837,60151,60882,26042,15881,24078,13638,58,1098,1098,37,43801,22888,21676755,2247,78,424,2826,4408847,4408750,102,118,76,92,168,6256319,4184395,94,127,3170,332,1403,0,93,0,919,7742126,2777,0,460,6,1,4,262,16,4,266,2,2,1,6
10752,1624981439682,50.009272904,1,0,0,5,10,4,5,83,2,0,0,0,0,33,6517180,0,46,2,116,4570,2306956,21230,0,1,196450,142219,60216,61013,24006,13736,24057,13544,58,1100,1100,37,43725,20863,23016404,2251,77,426,2825,4464446,4464349,102,118,76,89,168,6516990,4239516,94,127,3193,333,1405,0,89,0,922,8031101,2828,0,481,8,1,4,262,16,4,266,8,2,1,10
10802,1624981496430,50.009158849,1,0,0,5,10,4,5,70,2,0,0,0,4,42,6287690,0,37,2,116,7518,2145016,20520,0,1,193946,140311,57215,57847,21028,11470,21040,11118,58,1148,1149,64,38468,17970,21869658,2293,78,430,2822,4393553,4393454,102,117,78,91,170,6287487,4173938,95,130,3056,327,1193,11,91,2,956,7831247,2797,0,436,8,1,4,222,13,4,226,8,2,1,10
10852,1624981553826,50.008925298,1,0,0,5,10,4,5,93,2,0,0,0,0,47,6422352,0,27,2,118,9104,2253781,21315,0,1,196023,141828,59282,60000,23963,13673,23981,13512,59,1097,1097,33,43130,20819,22623791,2253,79,426,2826,4419884,4419788,104,119,78,91,168,6422163,4196774,93,129,3184,337,1410,0,90,0,923,8044453,2845,0,454,8,1,4,254,16,4,258,8,2,1,10
10902,1624981611295,50.009111637,1,0,0,5,10,4,5,90,2,0,0,0,2,60,6260271,0,26,2,116,6002,2114873,20414,0,1,195913,141734,58729,59557,23872,14141,23909,13638,58,1094,1094,33,42961,20747,21737298,2247,76,426,5385,4400117,4400019,102,118,74,86,164,6260058,4174900,93,125,3172,334,1402,0,86,0,919,7821419,2798,0,457,8,1,4,262,16,4,266,8,2,1,10
10952,1624981668521,50.009231041,1,0,0,5,10,4,5,70,2,0,0,0,2,59,6209689,0,27,2,116,9083,2063087,20389,0,1,193279,139685,54841,55793,20638,10961,20721,11055,58,1093,1093,33,37348,17665,21413253,2245,76,425,2818,4389067,4388968,102,118,75,88,164,6209424,4172679,93,127,2995,316,1157,0,87,0,913,7622509,2774,0,433,8,1,4,223,13,4,227,8,2,1,10
11002,1624981725331,50.008901282,1,0,0,5,10,4,5,80,2,0,0,0,76,58,6404869,0,25,2,116,20520,2251677,21168,0,1,194619,141250,57246,57418,22161,12629,20860,11181,58,1087,1087,35,39629,19131,22552585,2229,75,427,2824,4404701,4404589,102,118,74,89,163,6404481,4186380,94,125,2999,324,1182,0,88,0,912,8062364,2990,0,478,8,1,4,224,13,4,228,8,2,1,10
11052,1624981782369,50.008849255,1,0,0,5,10,4,5,111,2,0,0,0,34,69,6194488,0,34,2,116,13491,2109790,20603,0,1,196135,142007,58702,59333,23849,13576,23839,13323,58,1141,1142,64,43170,20785,21512997,2279,74,431,2827,4338888,4338789,102,117,73,85,161,6194158,4115565,91,123,3207,335,1437,11,85,2,963,7715623,2928,0,490,8,1,4,240,16,4,244,8,2,1,10
11102,1624981839416,50.009249855,1,0,0,5,10,4,5,86,2,0,0,0,2,61,6286466,0,27,2,116,8370,2130584,20973,0,1,196405,142198,60510,61391,24159,14086,24214,13544,58,1100,1100,37,43873,20966,21869312,2251,82,425,2825,4407290,4407188,102,119,80,93,172,6286300,4182438,94,131,3181,332,1409,0,93,0,922,7836396,2846,0,471,8,1,4,260,16,4,264,8,2,1,10
11152,1624981896344,50.009070805,1,0,0,5,10,4,5,64,2,0,0,0,62,59,6553322,0,29,2,116,6000,2379404,20691,0,1,193855,140324,55995,56886,20709,11590,20760,11024,58,1100,1100,37,37890,17686,23290534,2251,75,428,2820,4423775,4423677,102,118,73,87,164,6553207,4205988,94,125,3006,325,1172,0,86,0,930,8306530,2931,0,464,8,1,4,237,13,4,241,8,2,1,10
11202,1624981953375,50.009036060,1,0,0,5,10,4,5,84,2,0,0,0,8,53,6474994,0,27,2,116,13680,2297842,20846,0,1,195421,141410,59222,59861,24012,13736,23992,13827,58,1092,1092,33,43117,20816,22903073,2243,79,424,2826,4427283,4427181,102,118,78,90,168,6474763,4204554,93,129,3168,336,1404,0,90,0,919,7981654,2787,0,456,8,1,4,261,16,4,265,8,2,1,10
11252,1624982010605,50.010635125,1,0,0,5,10,4,5,96,2,0,0,0,17,51,6405201,0,31,2,116,9570,2224603,21286,0,1,196031,141846,59159,60023,23995,13736,24033,13669,58,1091,1091,33,43174,20851,22430623,2241,80,426,2825,4436240,4436124,102,118,78,92,168,6405016,4213328,93,129,3169,333,1401,0,91,0,913,7944607,2832,0,473,8,1,4,261,16,4,265,8,2,1,10
11302,1624982067623,50.009435330,1,0,0,5,10,4,5,64,2,0,0,0,36,75,6274676,0,27,2,118,10012,2135257,20123,0,1,194255,140137,56262,57613,21337,11463,23519,12976,59,1088,1088,33,40186,18352,21800641,2235,75,431,2818,4388317,4388223,104,120,73,88,164,6274576,4169284,93,125,3137,322,1374,0,86,0,915,7727141,2852,0,475,8,1,4,265,16,4,269,8,2,1,10
11352,1624982124389,50.008689311,1,0,0,5,10,4,5,64,2,0,0,0,6,50,6439053,0,25,2,116,11313,2242367,20499,0,1,192680,139313,54050,54764,20342,11366,20497,11023,58,1117,1118,53,37185,17490,22500631,2253,70,425,2818,4445727,4445629,102,118,70,83,158,6438720,4230069,91,121,3005,317,1177,7,82,2,943,8086395,2762,0,435,8,1,4,231,13,4,235,8,2,1,10
11402,1624982181379,50.008737011,1,0,0,5,10,4,5,92,2,0,0,0,38,91,6202784,0,27,2,116,16655,2114985,21052,0,1,195298,141453,59997,60594,23993,13767,23987,13701,58,1094,1094,37,43618,20831,21608749,2238,77,425,2825,4339455,4339323,102,118,76,90,168,6202318,4116154,94,127,3161,332,1407,0,89,0,922,7716095,2920,0,480,8,1,4,262,16,4,266,8,2,1,10
11452,1624982238494,50.009110811,1,0,0,5,10,4,5,91,2,0,0,0,0,52,6399591,0,25,2,116,6613,2209302,20869,0,1,195893,141823,60076,60929,23999,13452,24074,13165,58,1098,1098,37,43692,20851,22382160,2247,77,424,2826,4442376,4442281,102,118,76,90,168,6399416,4217984,94,127,3173,336,1411,0,89,0,923,7943683,2797,0,458,8,1,4,266,16,4,270,8,2,1,10
11502,1624982295838,50.008731792,1,0,0,5,10,4,5,68,2,0,0,0,26,37,6520163,0,25,2,116,9873,2349572,20524,0,1,193701,140129,55964,56632,20702,11182,20718,11181,58,1101,1101,37,37860,17695,23135158,2253,75,426,2820,4421409,4421308,102,118,73,87,164,6519804,4203540,94,125,3006,323,1167,0,87,0,924,8197101,2762,0,444,7,1,4,244,13,4,248,7,2,1,9
11552,1624982352213,50.008653673,1,0,0,5,10,4,5,70,2,0,0,0,4,57,6638785,0,42,2,116,23211,2432522,21428,0,1,193400,139777,54923,55532,20681,11216,20689,11150,58,1094,1094,33,37301,17649,23722517,2247,75,426,5379,4456991,4456881,102,118,75,88,164,6638351,4238135,93,127,3017,320,1162,0,88,0,922,8286363,2820,0,448,8,1,4,240,13,4,244,8,2,1,10
11602,1624982408653,50.009277888,1,0,0,5,10,4,5,108,2,0,0,0,26,74,6315749,0,33,2,116,17312,2126949,20886,0,1,195950,141813,59690,60525,24164,13960,24228,13607,58,1132,1133,60,43526,21016,21889039,2269,81,430,2826,4444769,4444676,102,118,79,91,170,6315593,4221338,94,130,3196,333,1424,11,91,2,945,7797310,2865,0,467,6,1,4,254,16,4,258,2,2,1,6
11652,1624982465914,50.008753284,1,0,0,5,10,4,5,94,2,0,0,0,0,48,6355337,0,26,2,118,4669,2167834,21223,0,1,196032,141826,59487,60126,24081,13834,24102,13543,59,1093,1093,32,43354,20909,22167787,2247,83,425,2824,4432032,4431920,104,119,82,94,172,6354947,4208771,93,133,3174,329,1401,0,94,0,915,7715729,2804,0,455,6,1,4,252,16,4,256,2,2,1,6
11702,1624982523105,50.011985279,1,0,0,5,10,4,5,77,2,0,0,0,91,38,6609878,0,40,2,118,7092,2462301,21551,0,1,194065,140507,56371,57131,20846,11122,20876,10677,59,1098,1098,37,38139,17780,23749727,2247,79,429,2819,4398990,4398890,104,120,77,90,168,6609658,4180967,94,129,3024,319,1173,0,90,0,929,8213306,3076,0,474,6,1,4,234,13,4,238,2,2,1,6
11752,1624982580155,50.009206814,1,0,0,5,10,4,5,108,2,0,0,0,44,67,6411355,0,31,2,116,17148,2230919,21428,0,1,195868,142202,59581,59904,24009,13610,21530,10990,58,1104,1104,37,42566,20815,22487823,2259,81,428,2826,4431587,4431490,102,118,79,92,169,6411165,4209091,94,130,3032,333,1189,0,92,0,923,7964920,2891,0,454,6,1,4,250,13,4,254,2,2,1,6
11802,1624982636876,50.009096704,1,0,0,5,10,4,5,95,2,0,0,0,24,61,6553317,0,25,2,116,20882,2350734,21624,0,1,196254,142127,60154,60949,24007,13326,24071,13259,58,1100,1100,37,43668,20857,23265881,2251,76,426,2826,4456697,4456595,102,118,76,89,168,6553103,4232176,94,127,3175,336,1409,0,90,0,926,8036469,2938,0,471,6,1,4,267,16,4,271,2,2,1,6
11852,1624982693825,50.010768700,1,0,0,5,10,4,5,107,2,0,0,0,85,63,6350809,0,39,2,116,9035,2226333,21248,0,1,196113,142018,59403,60261,24073,13860,24119,13637,58,1135,1136,60,43315,20937,22339685,2275,77,433,2828,4380341,4380246,102,118,75,88,166,6350679,4157440,94,126,3218,340,1433,11,87,2,952,7925208,3076,0,478,8,1,4,255,16,4,259,8,2,1,10
11902,1624982750658,50.009086240,1,0,0,5,10,4,5,78,2,0,0,0,42,57,6355105,0,42,2,116,11426,2214011,21201,0,1,193209,139690,54839,55654,20669,12000,20732,11653,58,1088,1088,33,37371,17675,22284746,2235,76,427,2818,4386405,4386305,102,117,75,88,164,6354915,4170673,93,127,3006,325,1166,0,87,0,915,8020118,2906,0,453,8,1,4,232,13,4,236,8,2,1,10
11952,1624982807223,50.009255228,1,0,0,5,10,4,5,90,2,0,0,0,34,69,6606849,0,26,2,116,16131,2421860,21409,0,1,195960,141810,58509,59372,23802,14330,23880,13983,58,1089,1089,33,42979,20745,23630254,2237,76,426,2824,4440638,4440547,102,118,74,86,164,6606723,4218512,93,125,3156,330,1397,0,86,0,916,8321103,2888,0,464,8,1,4,266,16,4,270,8,2,1,10
12002,1624982864467,50.009156851,1,0,0,5,10,4,5,109,2,0,0,0,46,58,6419875,0,28,2,116,9364,2231704,21236,0,1,196366,142229,60428,61235,24152,13801,24201,13511,58,1097,1097,37,43915,20964,22516989,2245,82,427,2824,4438970,4438870,102,117,80,93,172,6419683,4214286,94,131,3173,330,1412,0,93,0,923,7915831,2949,0,495,8,1,4,259,16,4,263,8,2,1,10
12052,1624982921231,50.009336294,1,0,0,5,10,4,5,86,2,0,0,0,22,72,6096612,0,27,2,116,12180,1945961,20838,0,1,196413,142221,60049,60899,24012,14207,24051,13858,58,1100,1100,37,43677,20847,20745568,2250,78,426,2825,4404599,4404505,102,117,76,90,168,6096429,4179904,94,127,3172,332,1403,0,90,0,925,7304424,2855,0,456,8,1,4,256,16,4,260,8,2,1,10
12102,1624982978234,50.008767609,1,0,0,5,10,4,5,74,2,0,0,0,24,66,6262546,0,29,2,116,15471,2123582,20284,0,1,193770,140192,56007,56662,20741,11653,20758,11495,58,1102,1102,37,37900,17692,21750085,2255,74,431,2820,4385303,4385197,102,118,73,86,164,6262132,4167118,94,125,3013,323,1169,0,86,0,928,7761484,2812,0,438,8,1,4,238,13,4,242,8,2,1,10
12152,1624983034565,50.008809054,1,0,0,5,10,4,5,90,2,0,0,0,40,47,6314406,0,27,2,116,11260,2169723,20642,0,1,195695,141688,59609,60293,24097,13896,24113,13228,58,1088,1088,33,43326,20894,22056688,2235,83,425,2826,4399917,4399816,102,118,82,96,172,6314201,4177224,93,133,3166,336,1416,0,94,0,917,7679439,2864,0,472,8,1,4,252,16,4,256,8,2,1,10
12202,1624983091756,50.009124030,1,0,0,5,10,4,5,105,2,0,0,0,46,52,6470831,0,30,2,116,8747,2300000,21245,0,1,195876,141810,59121,59891,23958,13988,24027,13826,58,1093,1093,33,43121,20822,22878259,2245,80,427,5385,4425844,4425741,102,117,78,90,168,6470674,4201019,93,129,3171,334,1407,0,90,0,918,7879541,2929,0,482,8,1,4,256,16,4,260,8,2,1,10
12252,1624983148964,50.009800866,1,0,0,5,10,4,5,64,2,0,0,0,12,56,6087526,0,25,2,116,9137,1977651,20038,0,1,193879,139816,55389,56726,20682,11745,23275,13638,58,1085,1086,33,38437,17713,20806885,2229,74,425,2818,4355754,4355661,102,117,72,85,163,6087422,4137561,93,124,3133,322,1377,0,84,0,915,7517388,2785,0,472,8,1,4,247,16,4,251,8,2,1,10
12302,1624983205689,50.008721103,1,0,0,5,10,4,5,64,2,0,0,0,40,69,6413128,0,25,2,116,7049,2266971,20547,0,1,193029,139675,55765,56411,21612,12092,20660,10866,58,1094,1094,37,37947,18582,22588528,2239,74,425,2818,4393840,4393745,102,118,73,87,164,6412880,4176831,94,125,2987,316,1161,0,86,0,918,8083214,2867,0,476,8,1,4,240,13,4,244,8,2,1,10
12352,1624983262232,50.008760628,1,0,0,5,10,4,5,79,2,0,0,0,58,47,6414285,0,41,2,116,3918,2248058,20916,0,1,195992,141985,60007,60681,24013,14018,24033,13795,58,1094,1094,37,43732,20861,22554861,2239,77,427,2825,4418895,4418793,102,117,76,89,168,6413936,4195169,94,127,3180,334,1418,0,89,0,916,7996710,2969,0,485,8,1,4,262,16,4,266,8,2,1,10
12402,1624983319459,50.011806626,1,0,0,5,10,4,5,88,2,0,0,0,49,72,6351651,0,32,2,116,13625,2194343,21206,0,1,195544,141685,60803,61666,24210,13894,24267,13795,58,1138,1139,64,44158,21033,22225899,2273,79,425,2828,4411047,4410940,102,117,77,91,170,6351343,4186702,95,128,3204,340,1439,11,90,2,956,7987633,2976,0,491,8,1,4,259,16,4,263,8,2,1,10
12452,1624983376506,50.008745879,1,0,0,5,10,4,5,90,2,0,0,0,90,51,6374973,0,25,2,116,7018,2226308,20663,0,1,193955,140467,58142,58778,21225,11572,21215,11180,58,1097,1097,37,38855,18048,22353199,2245,85,428,2820,4399700,4399583,102,118,85,101,179,6374518,4180692,96,138,3013,325,1184,0,101,0,927,8000638,3037,0,497,8,1,4,240,13,4,244,8,2,1,10
12502,1624983433051,50.008808172,1,0,0,5,10,4,5,80,2,0,0,0,38,41,6533809,0,28,2,116,4069,2340230,20738,0,1,194581,141090,55906,56178,21718,11619,20673,11118,58,1091,1091,33,38619,18669,23114309,2241,72,426,2824,4444063,4443961,102,118,72,83,160,6533409,4226864,93,123,3012,329,1183,0,84,0,919,8220391,2823,0,452,8,1,4,225,13,4,229,8,2,1,10
12552,1624983489514,50.009226787,1,0,0,5,10,4,5,97,2,0,0,0,42,63,6342489,0,25,2,116,14898,2217872,20977,0,1,195857,141758,58499,59372,23804,14141,23919,13733,58,1086,1086,33,42938,20748,22284929,2231,76,427,2824,4379944,4379854,102,118,74,86,164,6342327,4158026,93,125,3154,329,1406,0,87,0,915,7893289,2896,0,489,8,1,4,262,16,4,266,8,2,1,10
12602,1624983546835,50.008663961,1,0,0,5,10,4,5,84,2,0,0,0,4,46,6273937,0,30,2,116,11926,2095751,20594,0,1,195425,141396,58976,59582,23958,13451,23966,13418,58,1090,1090,33,43214,20817,21673202,2239,79,424,2824,4432424,4432309,102,118,78,90,168,6273533,4210191,93,129,3163,329,1409,0,90,0,910,7791950,2831,0,491,8,1,4,257,16,4,261,8,2,1,10
12652,1624983603966,50.009259328,1,0,0,5,10,4,5,77,2,0,0,0,56,48,6725050,0,31,2,116,18208,2505684,21155,0,1,193635,140148,56462,57300,20906,11435,20963,11150,58,1138,1139,64,38317,17865,24180564,2273,75,432,2820,4468642,4468551,102,118,74,87,166,6724932,4250456,95,126,3030,320,1191,11,87,2,956,8614311,2967,0,469,8,1,4,237,13,4,241,8,2,1,10
12702,1624983661066,50.009131911,1,0,0,5,10,4,5,82,2,0,0,0,26,40,6533618,0,25,2,116,6573,2301374,21151,0,1,196377,142246,60608,61071,24170,13927,24221,13763,58,1098,1098,37,43917,20959,23032432,2247,80,426,2826,4482444,4482336,102,118,80,93,172,6533374,4257403,94,131,3177,336,1412,0,93,0,924,8161000,2868,0,460,8,1,4,269,16,4,273,8,2,1,10
12752,1624983718248,50.009187247,1,0,0,5,10,4,5,93,2,0,0,0,32,57,6597585,0,25,2,116,11663,2412546,21216,0,1,195149,141340,60088,60924,24030,14206,24089,13890,58,1095,1095,37,43713,20875,23577744,2241,77,424,2826,4440893,4440798,102,118,76,89,168,6597538,4217539,94,127,3165,336,1408,0,89,0,920,8318685,2892,0,491,8,1,4,271,16,4,275,8,2,1,10
12802,1624983775610,50.009317876,1,0,0,5,10,4,5,74,2,0,0,0,58,47,6514789,0,25,2,116,3321,2352687,21109,0,1,194117,140096,55899,57108,21087,11527,23360,13480,58,1089,1089,33,39452,18145,23115788,2237,73,428,2820,4413074,4412983,102,118,72,87,163,6514669,4194428,93,124,3143,328,1387,0,86,0,918,8258360,2957,0,479,8,1,4,254,16,4,258,8,2,1,10
12852,1624983832847,50.009282226,1,0,0,5,10,4,5,74,2,0,0,0,42,50,6500297,0,26,2,116,9384,2328766,20443,0,1,193184,139711,54530,55254,22533,13258,20540,10992,58,1089,1089,33,37265,19605,23020476,2237,72,427,5380,4421801,4421708,102,117,71,84,160,6500176,4203514,93,123,2989,321,1169,0,84,0,922,8146904,2825,0,453,6,1,4,234,13,4,238,2,2,1,6
12902,1624983889511,50.009174649,1,0,0,5,10,4,5,80,2,0,0,0,16,66,6291364,0,31,2,116,7394,2137304,20905,0,1,195375,141382,59218,59873,24051,14080,24039,13858,58,1127,1128,60,43305,20920,21875062,2259,76,429,2826,4407840,4407743,102,118,75,87,166,6291026,4185357,94,126,3185,333,1426,11,87,2,944,7759399,2819,0,456,6,1,4,248,16,4,252,2,2,1,6
12952,1624983946562,50.009014774,1,0,0,5,10,4,5,107,2,0,0,0,62,43,6390187,0,28,2,116,9746,2233992,21031,0,1,194805,141038,58979,59677,23971,13610,24002,13417,58,1083,1083,33,43170,20822,22436469,2225,79,425,2824,4409180,4409080,102,118,78,92,168,6389860,4187988,93,129,3153,331,1403,0,90,0,913,7779177,3016,0,497,6,1,4,265,16,4,269,2,2,1,6
13002,1624984003420,50.008571902,1,0,0,5,10,4,5,64,2,0,0,0,24,52,6480872,0,26,2,116,5218,2298348,20358,0,1,193560,140001,55819,56785,20714,11085,20759,10802,58,1097,1097,37,37865,17703,22841093,2243,74,426,2817,4432008,4431905,102,118,73,88,164,6480373,4214647,94,125,2995,313,1162,0,87,0,920,8066863,2802,0,454,6,1,4,223,13,4,227,2,2,1,6
13052,1624984060016,50.008719790,1,0,0,5,10,4,5,64,2,0,0,0,8,73,6466146,0,26,2,116,20130,2287709,20684,0,1,191828,138776,55914,56534,20700,11369,20675,11118,58,1090,1090,37,37901,17695,22806942,2231,74,422,2820,4423146,4423049,102,118,73,87,164,6465948,4206695,94,125,2986,323,1169,0,86,0,924,8161689,2795,0,445,8,1,4,231,13,4,235,8,2,1,10
13102,1624984116832,50.008731700,1,0,0,5,10,4,5,119,2,0,0,0,46,61,6449948,0,27,2,116,15293,2279482,21498,0,1,194317,140774,60070,60827,24009,13231,24060,13166,58,1090,1090,37,43635,20837,22755297,2231,77,422,2826,4424556,4424453,102,118,76,92,168,6449550,4201971,94,127,3159,336,1406,0,90,0,917,8058392,2933,0,491,8,1,4,250,16,4,254,8,2,1,10
