time,timestamp,seconds,connectivity,alarmtimer:alarmtimer_fired,alarmtimer:alarmtimer_start,block:block_bio_backmerge,block:block_bio_remap,block:block_dirty_buffer,block:block_getrq,block:block_touch_buffer,block:block_unplug,cachefiles:cachefiles_create,cachefiles:cachefiles_lookup,cachefiles:cachefiles_mark_active,clk:clk_set_rate,cpu-migrations,cs,dma_fence:dma_fence_init,fib:fib_table_lookup,filemap:mm_filemap_add_to_page_cache,gpio:gpio_value,ipi:ipi_raise,irq:irq_handler_entry,irq:softirq_entry,jbd2:jbd2_handle_start,jbd2:jbd2_start_commit,kmem:kfree,kmem:kmalloc,kmem:kmem_cache_alloc,kmem:kmem_cache_free,kmem:mm_page_alloc,kmem:mm_page_alloc_zone_locked,kmem:mm_page_free,kmem:mm_page_pcpu_drain,mmc:mmc_request_start,net:net_dev_queue,net:net_dev_xmit,net:netif_rx,page-faults,pagemap:mm_lru_insertion,preemptirq:irq_enable,qdisc:qdisc_dequeue,random:get_random_bytes,random:mix_pool_bytes_nolock,random:urandom_read,raw_syscalls:sys_enter,raw_syscalls:sys_exit,rpm:rpm_resume,rpm:rpm_suspend,sched:sched_process_exec,sched:sched_process_free,sched:sched_process_wait,sched:sched_switch,sched:sched_wakeup,signal:signal_deliver,signal:signal_generate,skb:consume_skb,skb:kfree_skb,skb:skb_copy_datagram_iovec,sock:inet_sock_set_state,task:task_newtask,tcp:tcp_destroy_sock,tcp:tcp_probe,timer:hrtimer_start,timer:timer_start,udp:udp_fail_queue_rcv_skb,workqueue:workqueue_activate_work,writeback:global_dirty_state,writeback:sb_clear_inode_writeback,writeback:wbc_writepage,writeback:writeback_dirty_inode,writeback:writeback_dirty_inode_enqueue,writeback:writeback_dirty_page,writeback:writeback_mark_inode_dirty,writeback:writeback_pages_written,writeback:writeback_single_inode,writeback:writeback_write_inode,writeback:writeback_written
50.0086,1625070301421,50.008575130,1,0,0,36,49,6,12,920,3,0,0,0,60,80,6512477,0,36,37,140,16036,2340938,21918,5,2,197359,142172,64726,67127,24876,13818,25365,14269,70,1099,1099,33,44882,21494,23141556,2257,94,431,2848,4431544,4431418,108,124,93,108,189,6512095,4204419,99,147,3268,341,1508,4,105,1,933,8178036,3051,0,531,5,2,7,285,17,2,287,2,4,3,4
100.017,1625070358029,50.008865233,1,0,0,5,10,4,5,92,2,0,0,0,0,61,6622322,0,27,2,116,4907,2397748,21283,0,1,194662,140410,57965,58803,22869,12888,23940,13355,58,1092,1092,33,41781,19722,23562450,2243,82,425,2819,4476150,4476045,102,117,81,97,172,6621978,4254927,93,133,3153,321,1380,0,93,0,915,8429888,2815,0,488,6,1,4,261,16,4,265,2,2,1,6
150.026,1625070415508,50.008623198,1,0,0,5,10,4,5,86,2,0,0,0,18,43,6616930,0,43,2,116,9540,2433841,20808,0,1,193986,140317,55828,56382,20662,10961,20657,10646,58,1100,1100,37,37822,17671,23658663,2251,74,427,2818,4434622,4434511,102,117,73,86,164,6616524,4216648,94,125,3014,325,1164,0,86,0,924,8449138,2845,0,463,6,1,4,231,13,4,235,2,2,1,6
200.037,1625070471868,50.010696966,1,0,0,5,10,4,5,94,2,0,0,0,34,74,6512440,0,25,2,116,12340,2326931,21366,0,1,195204,141392,60158,60982,24019,13262,24066,12883,58,1092,1092,37,43665,20846,23088378,2234,77,424,2826,4437723,4437626,102,117,76,90,168,6512251,4214264,94,127,3161,336,1410,0,89,0,924,8231606,2912,0,490,6,1,4,265,16,4,269,2,2,1,6
250.057,1625070528605,50.019934382,1,0,0,5,10,4,5,157,2,0,0,0,41,48,6580612,0,31,2,116,14071,2404734,21001,0,1,196186,142095,60901,61709,24199,13802,24236,13323,58,1139,1140,64,44057,21037,23528407,2275,78,427,5388,4435490,4435396,102,118,78,90,170,6580299,4207865,95,128,3204,340,1441,11,91,2,962,8354986,2904,0,481,6,1,4,268,16,4,272,2,2,1,5
300.066,1625070586283,50.008835440,1,0,0,5,10,4,5,75,2,0,0,0,36,31,6434962,0,27,2,116,16042,2315500,20950,0,1,193653,140006,54462,54729,20505,10830,20502,10551,58,1094,1094,33,37095,17587,22844665,2246,72,431,2820,4368952,4368856,102,118,71,84,160,6434579,4152876,93,123,3003,324,1168,0,83,0,916,8001417,2862,0,476,4,1,4,228,13,4,232,2,2,1,4
350.075,1625070642305,50.008936820,1,0,0,5,10,4,5,100,2,0,0,0,38,64,6570773,0,25,2,116,11604,2395483,21153,0,1,195292,141627,56812,57193,22522,12662,20909,11024,58,1091,1091,33,39542,19455,23423822,2241,78,428,2824,4426291,4426194,102,116,76,87,164,6570607,4207513,93,127,3014,324,1191,0,88,0,915,8178420,2905,0,467,6,1,4,246,13,4,250,2,2,1,6
400.084,1625070699255,50.008773133,1,0,0,5,10,4,5,110,2,0,0,0,0,43,6419569,0,28,2,116,3760,2216585,20691,0,1,196107,141834,58555,59133,23825,14046,23852,13669,58,1091,1091,33,42907,20751,22428117,2240,74,426,2824,4457676,4457577,102,117,74,86,164,6419210,4234779,93,125,3165,332,1400,0,86,0,918,7980993,2776,0,456,6,1,4,249,16,4,253,2,2,1,6
450.093,1625070756117,50.008585354,1,0,0,5,10,4,5,98,2,0,0,0,2,76,6283259,0,29,2,116,7643,2117622,21130,0,1,196243,142063,60411,60855,24133,13487,24137,13260,58,1100,1100,37,43823,20957,21795130,2251,80,425,2824,4418484,4418374,102,116,80,94,172,6282837,4193896,94,131,3171,331,1401,0,94,0,920,7783243,2850,0,475,6,1,4,263,16,4,267,2,2,1,6
500.102,1625070813404,50.008843603,1,0,0,5,10,4,5,87,2,0,0,0,40,62,6686856,0,32,2,116,16055,2485331,21502,0,1,194047,140419,56674,57299,20894,11091,20881,10458,58,1143,1144,64,38245,17854,23968637,2282,75,428,2822,4447846,4447744,102,118,74,87,166,6686494,4228905,95,126,3045,327,1193,11,87,2,964,8199887,2900,0,452,6,1,4,235,13,4,239,2,2,1,6
550.111,1625070869445,50.009120385,1,0,0,5,10,4,5,77,2,0,0,0,2,35,6295174,0,25,2,116,10770,2149842,20216,0,1,193703,140270,57230,57705,21412,11623,20841,10961,58,1100,1100,37,38930,18372,21920222,2251,76,424,2825,4393699,4393594,102,118,74,86,164,6294969,4174552,94,125,3022,331,1189,0,88,0,925,7771784,2701,0,440,6,1,4,243,13,4,247,2,2,1,6
600.12,1625070926124,50.009319188,1,0,0,5,10,4,5,104,2,0,0,0,28,65,6514978,0,28,2,118,12033,2361638,21358,0,1,195250,141291,58699,59534,23834,13480,23892,13228,59,1090,1090,33,42921,20772,23210988,2239,76,425,2826,4406821,4406728,104,120,74,86,164,6514885,4185084,93,125,3164,336,1403,0,86,0,916,8197533,2893,0,468,6,1,4,259,16,4,263,2,2,1,6
650.129,1625070983251,50.008615285,1,0,0,5,10,4,5,99,2,0,0,0,20,59,6519944,0,29,2,118,17010,2349301,21489,0,1,196233,141971,58952,59475,23999,13704,23999,13228,59,1091,1091,33,43103,20826,23176033,2241,79,427,2824,4425273,4425160,104,120,78,91,168,6519538,4202526,93,129,3164,329,1401,0,90,0,915,8079013,2859,0,459,6,1,4,249,16,4,253,2,2,1,6
700.138,1625071039607,50.008959046,1,0,0,5,10,4,5,76,2,0,0,0,58,62,6420363,0,27,2,116,12236,2246848,20629,0,1,192832,139453,54754,55334,20649,10993,20646,10708,58,1089,1089,33,37334,17658,22529040,2237,75,427,5378,4424584,4424474,102,118,75,88,164,6419977,4206896,93,127,2983,316,1156,0,88,0,912,7971637,2840,0,462,6,1,4,241,13,4,245,2,2,1,6
750.147,1625071096637,50.009026627,1,0,0,5,10,4,5,105,2,0,0,0,2,67,6334071,0,31,2,118,16381,2137935,20673,0,1,194898,141154,60653,61369,24242,13926,24260,13512,59,1132,1133,64,44050,21036,21984878,2261,78,423,2826,4448014,4447910,104,120,77,90,170,6333817,4223978,95,128,3188,333,1434,11,90,2,956,7725651,2821,0,436,6,1,4,241,16,4,245,2,2,1,6
800.156,1625071153679,50.009016301,1,0,0,5,10,4,5,102,2,0,0,0,12,75,6400097,0,25,2,116,10654,2207436,20843,0,1,196255,142099,60113,60847,24015,13515,24076,13542,58,1097,1097,37,43674,20881,22382656,2245,77,425,2826,4445776,4445674,102,118,76,90,168,6399903,4221260,94,127,3169,336,1413,0,90,0,929,7845073,2846,0,462,6,1,4,258,16,4,262,2,2,1,6
850.166,1625071211297,50.010201415,1,0,0,5,10,4,5,85,2,0,0,0,22,48,6271273,0,43,2,116,8436,2135476,21127,0,1,194179,140408,56590,58054,20809,11592,23480,13858,58,1103,1103,37,38659,17769,21787818,2257,76,431,2820,4384762,4384666,102,118,74,88,167,6271174,4165670,94,126,3050,326,1200,0,87,0,928,7617077,2857,0,469,6,1,4,254,16,4,258,2,2,1,6
900.175,1625071268416,50.009166218,1,0,0,5,10,4,5,85,2,0,0,0,22,66,6171110,0,28,2,116,7782,2007566,20191,0,1,193726,140192,56906,57629,20968,11314,20995,11086,58,1102,1102,37,38268,17872,21102517,2253,82,426,5380,4412675,4412576,102,118,81,92,172,6170947,4191325,94,133,3015,324,1178,0,95,0,921,7647469,2827,0,450,6,1,4,236,13,4,240,2,2,1,6
950.184,1625071325454,50.009018488,1,0,0,5,10,4,5,102,2,0,0,0,22,42,6408411,0,26,2,118,11245,2205472,21184,0,1,194592,140752,56623,57184,23442,13476,23435,13071,58,1085,1085,33,42046,20468,22387168,2227,71,423,2825,4448393,4448306,102,118,70,83,155,6408133,4228639,89,120,3153,331,1404,0,83,0,914,7893015,2876,0,461,6,1,4,250,16,4,254,2,2,1,6
1000.19,1625071382163,50.008876173,1,0,0,5,10,4,5,86,2,0,0,0,4,64,6440728,0,27,2,116,16053,2265465,20455,0,1,194967,141045,58518,59162,23799,13259,23810,12946,58,1082,1082,33,42917,20746,22709322,2223,75,423,2824,4420855,4420760,102,119,74,86,164,6440370,4199235,93,125,3142,331,1399,0,86,0,909,8097584,2740,0,457,6,1,4,260,16,4,264,2,2,1,6
1050.2,1625071438787,50.009972795,1,0,0,5,10,4,5,70,2,0,0,0,69,30,6644440,0,28,2,118,12121,2459291,21299,0,1,192712,139376,54348,54811,20512,11208,20528,10929,59,1082,1082,33,37156,17577,23831797,2223,72,427,2818,4428875,4428778,104,120,71,83,160,6644120,4214183,93,123,2975,316,1156,0,83,0,912,8275855,2951,0,485,6,1,4,235,13,4,239,2,2,1,6
1100.21,1625071495506,50.008661798,1,0,0,5,10,4,5,85,2,0,0,0,30,55,6762208,0,28,2,116,25298,2555717,21106,0,1,193328,139887,56365,56791,20793,10776,20796,10772,58,1097,1097,37,38054,17776,24455851,2245,78,430,2819,4455885,4455776,102,118,77,90,168,6761807,4238168,94,129,2999,320,1164,0,91,0,924,8415703,2848,0,469,6,1,4,228,13,4,232,2,2,1,6
1150.22,1625071552445,50.009339039,1,0,0,5,10,4,5,96,2,0,0,0,16,49,6644457,0,27,2,116,24034,2455386,21497,0,1,196225,142090,60667,61368,24147,13897,24186,13417,58,1098,1098,37,43871,20940,23874727,2247,80,426,2826,4446306,4446197,102,119,80,95,172,6644070,4221433,94,131,3178,337,1412,0,93,0,931,8296417,2900,0,482,6,1,4,262,16,4,266,2,2,1,6
1200.23,1625071609349,50.009033762,1,0,0,5,10,4,5,104,2,0,0,0,26,64,6498812,0,25,2,118,16477,2352769,21650,0,1,196360,142183,60118,60953,23988,13830,24059,13795,59,1098,1098,37,43650,20846,23145816,2247,76,426,2826,4403610,4403513,104,120,76,90,168,6498571,4178994,94,127,3171,336,1408,0,89,0,930,7972814,2905,0,486,6,1,4,263,16,4,267,2,2,1,6
1250.24,1625071666276,50.008751242,1,0,0,5,10,4,5,70,2,0,0,0,44,47,6682291,0,28,2,116,17791,2474522,21183,0,1,192723,139350,54485,55111,21466,12218,20527,10740,58,1091,1091,33,37144,18510,23976469,2241,73,426,2820,4453777,4453671,102,117,71,84,160,6681885,4238731,93,123,2997,323,1163,0,84,0,921,8380655,2893,0,462,6,1,4,241,13,4,245,2,2,1,6
1300.25,1625071722971,50.009160523,1,0,0,5,10,4,5,89,2,0,0,0,32,40,6518500,0,31,2,116,7104,2356515,21156,0,1,195957,141880,58585,58396,23909,13701,21382,11086,58,1134,1135,60,42199,20820,23184298,2273,75,427,2826,4416678,4416582,102,118,74,85,163,6518291,4194405,94,125,3179,329,1397,11,86,2,947,8313278,2874,0,463,6,1,4,239,13,4,243,2,2,1,6
1350.26,1625071779789,50.009142978,1,0,0,5,10,4,5,106,2,0,0,0,30,76,6495409,0,25,2,116,22162,2310910,21038,0,1,195074,141156,58487,59230,23806,13480,23861,13260,58,1085,1085,33,42990,20747,22986366,2229,75,428,5384,4436458,4436362,102,116,74,87,164,6495214,4212536,93,125,3150,330,1400,0,86,0,912,8180297,2891,0,479,6,1,4,257,16,4,261,2,2,1,5
1400.27,1625071837256,50.008644462,1,0,0,5,10,4,5,85,2,0,0,0,36,45,6285288,0,28,2,118,9809,2139693,21344,0,1,195947,141936,60381,61035,24121,13675,24117,13323,59,1093,1093,37,43896,20923,21862289,2237,81,426,2824,4402317,4402201,104,118,80,94,172,6284863,4178348,94,131,3166,329,1414,0,93,0,920,7721444,2910,0,491,8,1,4,247,16,4,251,8,2,1,10
1450.28,1625071894812,50.008805747,1,0,0,5,10,4,5,70,2,0,0,0,12,54,6248014,0,25,2,116,17855,2090944,20120,0,1,193956,140294,55844,56468,20707,11242,20725,10709,58,1100,1100,37,37897,17722,21562467,2250,74,427,2819,4408507,4408404,102,117,73,86,164,6247627,4190226,94,125,3004,320,1169,0,86,0,928,7769951,2693,0,433,4,1,4,241,13,4,245,2,2,1,4
1500.29,1625071951809,50.009619664,1,0,0,5,10,4,5,95,2,0,0,0,16,72,6249876,0,29,2,118,20717,2117030,20965,0,1,196879,142564,60586,61462,24129,13770,24182,13764,59,1105,1105,37,43944,20938,21715091,2258,82,427,2826,4391603,4391505,104,120,80,92,172,6249726,4166258,94,131,3190,336,1410,0,93,0,926,7776343,2858,0,475,6,1,4,265,16,4,269,2,2,1,6
1550.3,1625072008536,50.009161108,1,0,0,5,10,4,5,95,2,0,0,0,44,72,6341618,0,36,2,116,19684,2183259,21266,0,1,194856,141080,59854,60614,24236,13896,24283,13638,58,1134,1135,60,43555,21020,22175080,2271,80,424,5388,4413451,4413347,102,116,79,92,170,6341464,4188430,94,130,3201,341,1434,11,91,2,948,7952581,2957,0,487,6,1,4,247,16,4,251,2,2,1,6
1600.31,1625072065723,50.009066654,1,0,0,5,10,4,5,64,2,0,0,0,2,46,6310585,0,28,2,116,12114,2164913,20379,0,1,193288,139681,54315,55100,20503,11271,20560,10992,58,1094,1094,33,37185,17582,22001873,2247,72,425,2819,4388403,4388314,102,118,71,83,160,6310399,4172551,93,123,2999,321,1161,0,83,0,917,7888844,2728,0,443,6,1,4,231,13,4,235,2,2,1,6
1650.32,1625072123392,50.010994918,1,0,0,5,10,4,5,97,2,0,0,0,14,84,6496794,0,41,2,116,11828,2296720,21122,0,1,195805,141678,58975,59860,23962,13958,24042,13418,58,1092,1092,33,43189,20846,22924145,2243,80,430,2824,4453693,4453597,102,118,78,92,168,6496690,4231364,93,129,3177,329,1405,0,91,0,916,7993241,2875,0,461,6,1,4,252,16,4,256,2,2,1,5
1700.33,1625072179980,50.011980904,1,0,0,5,10,4,5,87,2,0,0,0,7,73,6138124,0,26,2,116,17586,1991813,21012,0,1,196035,141810,58469,59275,23868,13888,23919,13544,58,1089,1089,33,42974,20762,21012475,2236,76,426,2824,4398560,4398453,102,118,74,86,164,6137892,4176133,93,125,3159,329,1404,0,86,0,913,7583924,2826,0,461,8,1,4,261,16,4,265,8,2,1,10
1750.34,1625072236798,50.008654756,1,0,0,5,10,4,5,85,2,0,0,0,6,61,6539923,0,25,2,116,9149,2334789,20755,0,1,196218,142080,60101,60674,24007,14018,23995,13765,58,1101,1101,37,43682,20856,23160958,2253,77,426,2825,4460196,4460082,102,118,76,89,168,6539606,4235848,94,127,3176,333,1413,0,90,0,922,8253925,2803,0,485,8,1,4,265,16,4,269,8,2,1,10
1800.35,1625072293958,50.009192694,1,0,0,5,10,4,5,89,2,0,0,0,8,44,6410336,0,32,2,116,6423,2223182,20875,0,1,194046,140365,56574,57568,20893,10680,21023,10929,58,1146,1147,64,38318,17861,22412712,2289,76,427,2821,4439345,4439247,102,118,74,91,166,6410130,4220404,95,126,3046,325,1194,11,87,2,962,8104841,2794,0,452,7,1,4,238,13,4,242,7,2,1,9
1850.36,1625072350838,50.009175014,1,0,0,5,10,4,5,97,2,0,0,0,38,55,6576763,0,28,2,116,4101,2407976,21622,0,1,196848,142582,60259,60953,26079,15752,27019,16159,58,1100,1100,37,43791,22911,23514461,2251,76,428,2827,4426901,4426806,102,118,76,90,168,6576434,4201785,94,127,3181,336,1414,0,90,0,929,8274686,2950,0,508,8,1,4,267,16,4,271,8,2,1,10
1900.37,1625072407545,50.009195351,1,0,0,5,10,4,5,94,2,0,0,0,78,43,6314300,0,25,2,118,28308,2169372,21364,0,1,196536,142327,58736,59622,23810,13921,23889,13293,59,1091,1091,33,42973,20746,22073926,2241,76,433,2826,4399917,4399821,104,120,74,89,164,6314100,4177425,93,125,3166,336,1413,0,86,0,918,7877440,3014,0,506,8,1,4,268,16,4,272,8,2,1,10
1950.38,1625072464698,50.009125893,1,0,0,5,10,4,5,88,2,0,0,0,24,56,6133586,0,26,2,116,25307,2033123,20260,0,1,193662,139994,54859,55662,20625,11370,20678,11119,58,1090,1090,33,37374,17677,21140107,2239,77,427,2819,4348728,4348629,102,118,75,87,164,6133366,4132167,93,127,2997,319,1163,0,87,0,919,7468312,2815,0,457,8,1,4,236,13,4,240,8,2,1,10
2000.39,1625072521621,50.009101582,1,0,0,5,10,4,5,88,2,0,0,0,36,72,6411070,0,27,2,116,20063,2241776,20985,0,1,195429,141722,56669,57096,22216,12128,20908,10582,58,1093,1093,33,39287,19206,22518734,2245,78,427,2824,4420983,4420877,102,118,76,89,164,6410886,4202130,93,127,3014,324,1186,0,88,0,916,7939325,2876,0,456,8,1,4,234,13,4,238,8,2,1,10
2050.4,1625072578425,50.009396651,1,0,0,5,10,4,5,86,2,0,0,0,20,86,6244371,0,26,2,116,17092,2120039,20880,0,1,195854,141802,59918,60802,24029,14081,24132,13701,58,1093,1093,37,43698,20869,21712166,2236,78,425,2824,4381635,4381542,102,118,76,89,168,6244276,4157585,94,127,3164,329,1413,0,89,0,919,7734004,2834,0,467,8,1,4,261,16,4,265,8,2,1,10
2100.41,1625072635890,50.009170547,1,0,0,5,10,4,5,88,2,0,0,0,24,73,6373545,0,31,2,116,5222,2194842,21599,0,1,196744,142485,60714,61603,24261,14179,24323,13701,58,1145,1146,64,44123,21041,22274085,2287,79,428,2827,4433052,4432952,102,118,77,91,170,6373314,4207661,95,128,3215,337,1438,11,90,2,961,7864026,2912,0,482,8,1,4,250,16,4,254,8,2,1,10
2150.42,1625072692637,50.009168863,1,0,0,5,10,4,5,66,2,0,0,0,22,56,6681676,0,26,2,116,7251,2475370,21458,0,1,192433,139236,55885,56712,20680,11370,20771,11307,58,1094,1094,37,37938,17690,23948927,2239,75,428,2820,4455699,4455583,102,118,73,87,164,6681476,4238956,94,125,2993,323,1172,0,87,0,926,8277361,2841,0,452,8,1,4,238,13,4,242,8,2,1,10
2200.43,1625072749551,50.009412618,1,0,0,5,10,4,5,97,2,0,0,0,8,53,6315590,0,29,2,116,24243,2141396,21307,0,1,196750,142453,60614,61596,24160,13519,24241,13575,58,1101,1101,37,43827,20942,21983188,2253,82,427,5386,4433161,4433053,102,118,80,93,172,6315333,4205168,94,131,3184,339,1411,0,93,0,929,7812417,2830,0,471,8,1,4,267,16,4,271,8,2,1,10
2250.44,1625072806279,50.008700985,1,0,0,5,10,4,5,107,2,0,0,0,62,70,6680302,0,26,2,116,14556,2485020,21522,0,1,196167,141988,58542,59113,23831,13951,23820,13324,58,1090,1090,33,42921,20749,24025458,2238,75,428,2825,4447147,4447037,102,118,74,87,164,6679874,4225394,93,125,3160,332,1397,0,86,0,912,8449923,3017,0,487,8,1,4,262,16,4,266,8,2,1,10
2300.45,1625072863079,50.009239380,1,0,0,5,10,4,5,99,2,0,0,0,22,54,6305803,0,29,2,118,7488,2156509,20012,0,1,195910,141754,58991,59811,24004,14084,24054,13607,59,1086,1086,33,43146,20853,21963863,2231,79,425,2824,4404350,4404249,104,120,78,90,168,6305578,4181903,93,129,3157,330,1400,0,91,0,910,7832367,2838,0,467,8,1,4,243,16,4,247,8,2,1,10
2350.46,1625072919645,50.008700242,1,0,0,5,10,4,5,70,2,0,0,0,20,42,6681148,0,32,2,116,13770,2489368,21033,0,1,193280,139734,55011,55642,20709,11685,20728,11276,58,1132,1133,60,37593,17733,24013907,2268,73,426,2820,4440518,4440421,102,118,72,84,162,6680797,4224315,94,124,3023,320,1189,11,84,2,959,8446636,2847,0,448,8,1,4,226,13,4,230,8,2,1,10
2400.47,1625072976613,50.009314653,1,0,0,5,10,4,5,86,2,0,0,0,50,64,6427821,0,25,2,116,10000,2293790,20861,0,1,195643,142036,58839,59138,23520,13546,21188,11213,58,1097,1097,37,41954,20418,22766483,2244,77,432,2825,4387193,4387101,102,118,75,87,165,6427668,4165787,94,126,3018,328,1193,0,88,0,927,7967380,2929,0,453,8,1,4,246,13,4,250,8,2,1,10
2450.48,1625073033319,50.008852624,1,0,0,5,10,4,5,88,2,0,0,0,58,59,6215288,0,47,2,116,14511,2080110,21428,0,1,196533,142423,61047,61706,24261,14091,24264,13512,58,1103,1103,37,44093,21035,21502045,2257,85,428,2826,4391128,4391018,102,117,84,98,175,6214912,4166140,94,135,3206,337,1420,0,97,0,924,7539355,3050,0,488,8,1,4,264,16,4,268,8,2,1,10
2500.49,1625073090300,50.009838064,1,0,0,5,10,4,5,84,2,0,0,0,0,54,6724555,0,25,2,116,25019,2501585,21470,0,1,195790,141743,60024,60639,23993,13956,24006,14016,58,1098,1098,37,43655,20868,24196045,2246,77,424,2826,4476170,4476070,102,118,76,89,168,6724324,4252230,94,127,3172,336,1411,0,89,0,929,8195070,2861,0,466,8,1,4,263,16,4,267,8,2,1,10
2550.5,1625073147070,50.008894618,1,0,0,5,10,4,5,64,2,0,0,0,4,58,6427544,0,29,2,116,12069,2248880,20263,0,1,192632,139222,54310,55000,20459,11493,20486,11024,58,1090,1090,33,37125,17536,22553147,2239,72,424,2819,4426941,4426846,102,118,71,84,160,6427194,4211629,93,123,2990,320,1163,0,84,0,916,8017237,2750,0,433,4,1,4,218,13,4,222,2,2,1,4
2600.51,1625073203500,50.009155757,1,0,0,5,10,4,5,83,2,0,0,0,62,31,6379718,0,31,2,116,17464,2203357,21272,0,1,195326,141473,58568,58769,23959,13924,21420,11182,58,1132,1133,60,42463,20856,22308055,2267,76,427,2826,4432355,4432259,102,118,74,85,163,6379514,4210842,94,125,3181,330,1403,11,86,2,950,7753414,3028,0,472,6,1,4,238,13,4,242,2,2,1,5
2650.52,1625073260525,50.008690503,1,0,0,5,10,4,5,86,2,0,0,0,10,63,6036143,0,25,2,116,7115,1919456,20152,0,1,195884,141706,58546,58970,23813,13984,23844,13702,58,1091,1091,33,42910,20743,20496336,2241,74,426,2824,4367684,4367578,102,118,74,86,164,6035684,4145239,93,125,3161,329,1396,0,87,0,914,7462620,2803,0,460,8,1,4,263,16,4,267,8,2,1,10
2700.53,1625073317330,50.009329560,1,0,0,5,10,4,5,94,2,0,0,0,2,46,6508210,0,25,2,116,8302,2301048,21239,0,1,196552,142299,60118,61005,24020,13704,24087,13733,58,1100,1100,37,43692,20886,22966352,2249,77,430,2825,4464846,4464754,102,118,76,89,168,6508016,4239888,94,127,3175,333,1406,0,89,0,923,7993181,2825,0,466,8,1,4,256,16,4,260,8,2,1,10
2750.54,1625073374782,50.009218244,1,0,0,5,11,4,6,97,2,0,0,0,46,59,6646516,0,26,3,120,21628,2449573,21506,0,1,194262,140603,58157,58952,21241,11224,21300,10961,60,1096,1096,37,38882,18064,23819643,2242,85,428,2819,4448378,4448263,106,120,85,100,179,6646266,4228841,96,138,3006,322,1170,0,99,0,923,8282446,2915,0,485,8,1,4,241,13,4,245,8,2,1,10
2800.55,1625073431352,50.009120997,1,0,0,5,10,4,5,93,2,0,0,0,16,53,6398958,0,29,2,116,7134,2221591,20968,0,1,196377,142224,60649,61600,24150,13457,24257,13103,58,1099,1099,37,43894,20942,22408320,2248,82,425,2826,4435018,4434914,102,118,80,96,172,6398762,4210017,94,131,3175,338,1407,0,94,0,919,7990937,2839,0,477,8,1,4,260,16,4,264,8,2,1,10
2850.56,1625073488290,50.008697281,1,0,0,5,10,4,5,102,2,0,0,0,14,56,6584220,0,26,2,116,9906,2392142,21089,0,1,195598,141522,58624,59270,23816,13890,23841,13858,58,1086,1086,33,42943,20740,23429200,2231,75,425,5385,4449325,4449226,102,117,74,87,164,6583843,4224602,93,125,3158,332,1398,0,87,0,912,8302821,2925,0,482,8,1,4,263,16,4,267,8,2,1,10
2900.57,1625073545227,50.010248381,1,0,0,5,10,4,5,76,2,0,0,0,2,56,6335529,0,34,2,116,16000,2192418,20730,0,1,194408,140220,57501,58913,21949,12100,23979,13576,58,1133,1134,60,40999,18860,22166913,2271,80,426,2821,4396563,4396463,102,118,78,96,170,6335435,4175807,94,130,3180,328,1403,11,90,2,952,7914313,2821,0,472,8,1,4,257,16,4,261,8,2,1,10
2950.58,1625073601841,50.009252386,1,0,0,5,10,4,5,69,2,0,0,0,4,51,6433050,0,27,2,116,3402,2291955,20564,0,1,192933,139410,54271,55226,20535,11524,20586,11245,58,1088,1088,33,37178,17581,22720271,2235,73,429,2818,4387713,4387616,102,118,71,83,160,6432869,4172221,93,123,2988,316,1158,0,83,0,915,8139672,2742,0,454,8,1,4,244,13,4,248,8,2,1,10
3000.59,1625073658833,50.009050893,1,0,0,5,10,4,5,93,2,0,0,0,14,54,6269992,0,26,2,116,12082,2140898,21058,0,1,196441,142239,60502,61004,24166,14244,24170,14174,58,1098,1098,37,43874,20945,21855173,2247,81,426,2825,4386422,4386318,102,118,80,90,172,6269795,4161486,94,131,3177,333,1409,0,93,0,929,7792082,2833,0,479,8,1,4,259,16,4,263,8,2,1,10
3050.6,1625073716143,50.008686792,1,0,0,5,10,4,5,94,2,0,0,0,24,55,6438703,0,25,2,116,12983,2268636,21212,0,1,196371,142189,60063,60788,24002,13516,24056,13166,58,1096,1096,37,43653,20855,22683870,2243,77,427,2825,4427132,4427029,102,118,76,92,168,6438311,4202913,94,127,3170,333,1407,0,90,0,931,8097397,2903,0,487,8,1,4,270,16,4,274,8,2,1,10
3100.61,1625073772448,50.009198840,1,0,0,5,10,4,5,70,2,0,0,0,2,25,6294852,0,29,2,116,5109,2114675,20182,0,1,193663,140057,55917,56795,20675,11180,20743,10898,58,1101,1101,37,37940,17699,21752836,2253,75,426,2820,4429873,4429778,102,118,73,87,164,6294695,4211860,94,125,3011,323,1167,0,86,0,924,7819697,2746,0,437,8,1,4,233,13,4,237,8,2,1,10
3150.62,1625073829701,50.008591577,1,0,0,5,10,4,5,92,2,0,0,0,34,39,6465145,0,32,2,116,5471,2316778,21267,0,1,195188,141405,56698,56685,23545,14109,20960,11591,58,1139,1140,60,41187,20574,22937105,2283,71,427,2828,4398404,4398305,102,118,70,81,154,6464727,4178694,90,120,3133,335,1316,11,83,2,955,8139132,2924,0,455,8,1,4,236,13,4,240,8,2,1,10
3200.63,1625073887057,50.012178728,1,0,0,5,10,4,5,92,2,0,0,0,1,44,6398611,0,25,2,116,9327,2250539,20669,0,1,195718,141580,58600,59421,23839,14140,23888,13702,58,1090,1090,33,42902,20761,22532792,2239,76,429,2825,4402211,4402112,102,118,74,86,164,6398330,4179857,93,125,3159,332,1399,0,86,0,916,8053649,2772,0,459,8,1,4,244,16,4,248,8,2,1,10
3250.64,1625073944351,50.009541914,1,0,0,5,10,4,5,89,2,0,0,0,18,41,6417672,0,43,2,116,9159,2250942,20688,0,1,194305,140180,57347,58684,21912,12481,23909,14142,58,1089,1089,33,40783,18742,22546952,2237,82,426,2819,4419993,4419893,102,118,81,94,172,6417573,4199915,93,133,3164,325,1386,0,93,0,919,7791779,2855,0,473,8,1,4,253,16,4,257,8,2,1,10
3300.65,1625074001231,50.008803377,1,0,0,5,10,4,5,68,2,0,0,0,38,42,6617642,0,25,2,116,12283,2439398,20729,0,1,192519,139180,54302,55046,20510,11241,20554,10992,58,1084,1084,33,37150,17595,23706058,2226,73,425,2818,4421244,4421155,102,118,71,84,160,6617394,4206359,93,123,2977,316,1157,0,83,0,917,8196904,2834,0,448,8,1,4,234,13,4,238,8,2,1,10
3350.66,1625074058663,50.009374478,1,0,0,5,10,4,5,86,2,0,0,0,34,52,6309840,0,26,2,116,11408,2165707,20871,0,1,195583,141643,60008,60804,24000,13608,24053,13418,58,1094,1094,37,43687,20857,22029400,2239,78,424,2825,4399442,4399348,102,118,76,89,168,6309635,4175711,94,127,3164,333,1407,0,89,0,920,7677543,2873,0,475,8,1,4,256,16,4,260,8,2,1,10
3400.67,1625074116050,50.008735752,1,0,0,5,10,4,5,97,2,0,0,0,14,73,6456674,0,37,2,116,15654,2286297,21573,0,1,196679,142436,61678,62388,25433,14659,24542,13512,58,1146,1147,64,44513,22166,22827397,2288,85,427,2827,4426831,4426691,102,118,85,101,178,6456242,4200654,95,136,3221,339,1432,11,98,2,961,7953855,2917,0,484,8,1,4,253,16,4,257,8,2,1,10
3450.68,1625074173415,50.009231321,1,0,0,5,10,4,5,69,2,0,0,0,8,59,6529961,0,27,2,118,21063,2353192,20652,0,1,192072,138935,55835,56688,20642,11181,20715,10961,59,1094,1094,37,37946,17693,23228583,2239,75,422,2820,4419643,4419549,104,119,73,86,164,6529767,4203014,94,125,2992,323,1167,0,86,0,928,8323849,2786,0,442,8,1,4,220,13,4,224,8,2,1,10
3500.69,1625074229734,50.009316625,1,0,0,5,10,4,5,94,2,0,0,0,22,62,6453002,0,25,2,116,12894,2281869,20816,0,1,195703,141673,57909,58094,23713,13510,21205,10835,58,1090,1090,33,42146,20681,22762776,2236,75,427,5385,4425479,4425380,102,118,73,84,161,6452816,4201614,93,124,3148,329,1386,0,85,0,921,7948421,2815,0,467,8,1,4,240,13,4,244,8,2,1,10
3550.7,1625074286948,50.009060474,1,0,0,5,10,4,5,106,2,0,0,0,24,55,6390494,0,27,2,116,25617,2239624,20676,0,1,194402,140690,58516,59314,23822,13353,23868,13135,58,1080,1080,33,42961,20765,22475549,2221,76,423,2825,4404761,4404663,102,118,74,86,164,6390298,4183953,93,125,3146,332,1406,0,86,0,910,7818795,2857,0,471,7,1,4,254,16,4,258,7,2,1,9
3600.71,1625074343646,50.009000633,1,0,0,5,10,4,5,109,2,0,0,0,28,59,6291153,0,25,2,116,7853,2158275,20688,0,1,195847,141715,58449,59183,23817,13700,23874,13449,58,1087,1087,33,42968,20746,21935321,2233,75,426,2824,4385987,4385888,102,118,74,86,164,6290962,4164182,93,125,3154,329,1403,0,86,0,914,7723959,2849,0,478,8,1,4,247,16,4,251,8,2,1,10
3650.72,1625074400091,50.009301209,1,0,0,5,10,4,5,79,2,0,0,0,42,58,6479398,0,25,2,116,8425,2311969,20429,0,1,194011,140369,55808,56712,20694,10801,20773,10425,58,1100,1100,37,37959,17715,22901320,2251,75,428,2819,4418419,4418326,102,118,73,86,164,6479177,4200442,94,125,3003,320,1164,0,86,0,926,7914002,2885,0,453,4,1,4,237,13,4,241,2,2,1,4
3700.73,1625074456587,50.009222811,1,0,0,5,10,4,5,82,2,0,0,0,66,61,6578824,0,27,2,116,5373,2410128,21021,0,1,195766,141871,60002,60463,23993,13767,24014,13450,58,1094,1094,37,43734,20870,23523264,2239,78,427,2825,4424723,4424624,102,118,76,88,168,6578598,4201094,94,127,3163,333,1411,0,90,0,918,8356498,2997,0,453,6,1,4,260,16,4,264,2,2,1,5
3750.74,1625074513258,50.009134672,1,0,0,5,10,4,5,96,2,0,0,0,40,57,6342531,0,25,2,116,12814,2185928,21039,0,1,196601,142390,60106,60965,24005,13264,24062,13166,58,1102,1102,37,43735,20872,22179894,2255,77,431,2826,4410580,4410486,102,118,76,89,168,6342354,4185455,94,127,3179,336,1410,0,89,0,930,7710858,2953,0,462,8,1,4,264,16,4,268,8,2,1,10
3800.75,1625074569773,50.009045884,1,0,0,5,10,4,5,96,2,0,0,0,36,66,6423520,0,28,2,116,5751,2275373,20650,0,1,195804,141710,59024,59596,23940,14050,23955,13450,58,1089,1089,33,43196,20832,22661486,2237,79,426,2825,4403796,4403704,102,118,78,91,168,6423346,4180998,93,129,3167,333,1407,0,91,0,914,8044875,2856,0,469,7,1,4,245,16,4,249,7,2,1,9
3850.76,1625074626131,50.009172535,1,0,0,5,10,4,5,74,2,0,0,0,2,36,6432549,0,29,2,116,15581,2274165,20396,0,1,193478,139817,54858,55833,20676,10991,20769,10929,58,1092,1092,33,37401,17684,22673401,2243,77,426,2819,4406714,4406620,102,118,75,91,164,6432296,4189976,93,127,2996,319,1158,0,87,0,919,7937068,2775,0,437,8,1,4,229,13,4,233,8,2,1,10
3900.77,1625074683101,50.009160356,1,0,0,5,10,4,5,110,2,0,0,0,44,42,6699303,0,25,2,116,3068,2523843,21044,0,1,194828,141285,56125,56486,22058,12407,20766,10615,58,1087,1087,33,39081,19097,24192865,2232,74,426,2824,4424564,4424467,102,118,72,83,160,6699078,4206404,93,123,3001,324,1181,0,84,0,919,8528727,2872,0,449,8,1,4,232,13,4,236,8,2,1,10
3950.78,1625074739260,50.009155861,1,0,0,5,10,4,5,94,2,0,0,0,24,83,6398474,0,31,2,118,13127,2243486,21340,0,1,196002,141952,60779,61671,24209,13738,24266,13544,59,1141,1142,64,44113,21045,22504330,2278,79,426,5387,4413156,4413060,104,120,77,91,170,6398258,4185278,95,128,3209,337,1433,11,91,2,959,8024136,2912,0,456,4,1,4,262,16,4,266,2,2,1,3
4000.79,1625074796793,50.009148163,1,0,0,5,10,4,5,80,2,0,0,0,34,44,6349745,0,27,2,116,26819,2179027,21297,0,1,196676,142440,60133,61050,26054,15656,27065,16599,58,1099,1099,37,43794,22900,22192599,2249,78,431,2826,4429630,4429528,102,118,76,91,168,6349558,4204026,94,127,3172,335,1408,0,90,0,927,7917410,2895,0,457,8,1,4,267,16,4,271,8,2,1,10
4050.8,1625074853525,50.009195647,1,0,0,5,10,4,5,102,2,0,0,0,8,68,6542037,0,40,2,116,11729,2344412,21095,0,1,193910,140266,56469,57321,20837,11722,20907,11370,58,1102,1102,37,38119,17778,23156416,2255,79,426,2820,4447250,4447153,102,117,77,92,168,6541857,4228250,94,129,3031,323,1172,0,91,0,929,8225112,2781,0,430,8,1,4,241,13,4,245,8,2,1,10
4100.82,1625074910806,50.015446707,1,0,0,5,10,4,5,82,2,0,0,0,64,52,6330758,0,25,2,118,8024,2187202,21381,0,1,196547,142384,59994,60862,23996,13390,24063,13229,59,1096,1096,37,43670,20882,22167539,2243,78,428,2825,4398872,4398780,104,120,77,90,168,6330503,4174184,94,127,3164,332,1404,0,89,0,928,7916254,3004,0,486,8,1,4,264,16,4,268,8,2,1,10
4150.83,1625074967559,50.009182894,1,0,0,5,10,4,5,81,2,0,0,0,46,67,6470111,0,25,2,116,12565,2311838,20734,0,1,195716,141655,58566,59369,23819,13732,23864,13387,58,1084,1084,33,42935,20749,22931149,2227,75,426,5385,4414498,4414403,102,118,74,86,164,6469925,4189700,93,125,3149,332,1400,0,86,0,908,8194994,2917,0,478,8,1,4,255,16,4,259,8,2,1,10
4200.84,1625075024556,50.009592148,1,0,0,5,10,4,5,93,2,0,0,0,0,55,6153706,0,33,2,116,8754,1985579,20676,0,1,196128,141912,59817,60576,24201,13424,24231,13040,58,1136,1137,60,43565,21026,21006161,2277,80,425,2827,4420957,4420865,102,118,79,90,170,6153642,4196937,94,130,3206,337,1432,11,91,2,949,7563372,2811,0,448,8,1,4,244,16,4,248,8,2,1,10
4250.85,1625075081307,50.008598781,1,0,0,5,10,4,5,75,2,0,0,0,78,45,6792795,0,25,2,116,21742,2599919,21411,0,1,191101,138279,54388,54938,20484,11210,20505,10961,58,1081,1081,33,37173,17579,24691529,2220,72,427,2819,4437353,4437247,102,118,71,84,160,6792375,4224148,93,123,2972,320,1168,0,84,0,913,8706114,2964,0,490,8,1,4,235,13,4,239,8,2,1,10
4300.86,1625075138084,50.009100604,1,0,0,5,10,4,5,111,2,0,0,0,74,77,6574858,0,26,2,116,20452,2384240,21417,0,1,196192,142188,60514,61370,24127,13707,24203,13764,58,1096,1096,37,43876,20945,23436550,2243,82,428,2825,4447196,4447093,102,118,80,93,172,6574609,4222696,94,131,3174,333,1417,0,93,0,921,8110676,3057,0,493,4,1,4,266,16,4,270,2,2,1,4
4350.87,1625075194960,50.008968794,1,0,0,5,10,4,5,88,2,0,0,0,24,69,6339474,0,30,2,116,16901,2159428,21186,0,1,196681,142441,60525,61307,24113,13362,24133,13166,58,1102,1102,37,43892,20945,22061944,2255,81,427,2825,4438349,4438251,102,118,80,94,172,6339217,4213324,94,131,3182,333,1413,0,94,0,924,7790841,2871,0,494,6,1,4,263,16,4,267,2,2,1,6
4400.88,1625075252288,50.009441303,1,0,0,5,10,4,5,86,2,0,0,0,4,79,6147788,0,26,2,116,14536,2009587,20644,0,1,194726,140557,57944,59325,21878,11782,23804,13355,58,1102,1102,37,41179,18818,21083891,2255,76,426,2820,4390893,4390795,102,117,75,90,168,6147794,4169093,94,127,3162,328,1390,0,88,0,927,7566447,2756,0,463,6,1,4,243,16,4,247,2,2,1,6
4450.89,1625075309096,50.009340045,1,0,0,5,10,4,5,64,2,0,0,0,4,58,6421754,0,32,2,118,15691,2226313,20751,0,1,193312,139739,55093,55906,20700,11212,20768,10930,59,1134,1135,60,37542,17770,22479261,2273,74,427,2821,4439576,4439476,104,120,72,84,162,6421575,4222840,94,124,3027,324,1191,11,84,2,949,7900563,2778,0,439,6,1,4,233,13,4,237,2,2,1,6
4500.9,1625075365919,50.009255916,1,0,0,5,10,4,5,86,2,0,0,0,20,56,6482214,0,25,2,116,24860,2268432,21128,0,1,196051,141842,58587,59423,23813,13826,23865,13576,58,1091,1091,33,42947,20747,22785755,2240,76,426,2825,4467407,4467312,102,117,74,86,164,6482022,4245091,93,125,3164,332,1400,0,86,0,912,8025939,2877,0,478,6,1,4,251,16,4,255,2,2,1,6
4550.91,1625075423091,50.008782462,1,0,0,5,10,4,5,80,2,0,0,0,26,69,6648729,0,25,2,116,13344,2441675,21386,0,1,194421,140711,58503,59190,23809,13355,23852,13261,58,1081,1081,33,42966,20750,23791520,2220,75,427,2824,4458079,4457968,102,118,74,86,164,6648297,4237186,93,125,3141,329,1404,0,87,0,915,8164268,2864,0,471,6,1,4,267,16,4,271,2,2,1,6
4600.92,1625075479804,50.009345116,1,0,0,5,10,4,5,74,2,0,0,0,24,42,6655066,0,27,2,116,6324,2457660,21528,0,1,194616,140504,57754,59137,21559,12035,23732,13607,58,1095,1095,37,40893,18477,23837476,2241,77,426,2819,4451563,4451471,102,116,75,95,168,6654863,4230279,94,127,3148,327,1389,0,89,0,929,8192919,2861,0,474,6,1,4,259,16,4,263,2,2,1,5
4650.93,1625075536792,50.009337650,1,0,0,5,10,4,5,70,2,0,0,0,10,45,6440775,0,27,2,116,12287,2301025,20874,0,1,193706,140124,56334,57218,20859,11059,20937,10772,58,1101,1101,37,38091,17821,22783724,2252,79,426,2819,4386980,4386880,102,118,77,90,168,6440529,4168589,94,129,3010,320,1177,0,90,0,927,7956575,2791,0,469,8,1,4,231,13,4,235,8,2,1,10
4700.94,1625075593751,50.008475980,1,0,0,5,10,4,5,86,2,0,0,0,6,53,6204119,0,25,2,116,26686,2068793,20680,0,1,196290,142109,60112,60545,23994,13389,24032,13103,58,1099,1099,37,43667,20840,21439950,2249,77,425,2826,4392249,4392150,102,118,76,90,168,6203642,4167524,94,127,3175,336,1410,0,89,0,928,7422117,2786,0,483,8,1,4,264,16,4,268,8,2,1,10
4750.95,1625075650878,50.009067742,1,0,0,5,10,4,5,78,2,0,0,0,26,66,6411430,0,31,2,116,11330,2212274,20868,0,1,195960,141807,59282,60081,24046,13957,24082,13481,58,1131,1132,60,43313,20946,22430955,2267,75,426,2827,4449998,4449907,102,118,75,87,166,6411272,4226794,94,126,3198,336,1438,11,88,2,952,7879638,2863,0,474,7,1,4,257,16,4,261,7,2,1,9
4800.96,1625075707691,50.009130861,1,0,0,5,10,4,5,68,2,0,0,0,4,47,6460945,0,29,2,116,16554,2264368,20818,0,1,193350,139755,54829,55668,20596,10648,20645,10363,58,1093,1093,33,37378,17669,22695934,2244,76,429,5379,4444310,4444205,102,118,75,88,164,6460693,4225583,93,127,2996,319,1164,0,88,0,918,7924454,2717,0,443,4,1,4,234,13,4,238,2,2,1,4
4850.97,1625075765156,50.009114840,1,0,0,5,10,4,5,88,2,0,0,0,0,51,6517692,0,39,2,116,8958,2319483,21335,0,1,195964,141767,59112,60015,23976,13894,24045,13355,58,1093,1093,33,43152,20838,23068249,2245,80,426,2825,4451158,4451060,102,118,78,91,168,6517439,4228275,93,129,3189,332,1407,0,90,0,920,8036126,2821,0,452,6,1,4,239,16,4,243,2,2,1,5
4900.98,1625075822124,50.008612960,1,0,0,5,10,4,5,86,2,0,0,0,22,68,6168219,0,25,2,116,4669,2034849,20548,0,1,195885,141729,58601,59247,23806,13607,23811,13355,58,1090,1090,33,42905,20712,21200733,2238,75,426,2825,4388234,4388132,102,118,74,86,164,6167775,4165835,93,125,3162,333,1400,0,86,0,922,7539556,2810,0,479,8,1,4,249,16,4,253,8,2,1,10
4950.99,1625075878874,50.010428625,1,0,0,5,10,4,5,86,2,0,0,0,56,51,6396182,0,25,2,116,14144,2258365,20859,0,1,193105,139758,55848,56683,20687,11338,20744,10898,58,1096,1096,37,37878,17689,22522900,2243,74,426,2819,4388752,4388649,102,117,73,86,164,6396004,4171557,94,125,2997,320,1165,0,86,0,919,7874850,2902,0,462,8,1,4,242,13,4,246,8,2,1,10
5001,1625075935528,50.009355199,1,0,0,5,10,4,5,74,2,0,0,0,24,56,6444663,0,31,2,116,11245,2275567,20444,0,1,193604,140079,56551,57378,20910,11434,20981,11181,58,1143,1144,64,38236,17863,22693100,2283,75,427,2821,4419697,4419602,102,118,74,87,166,6444447,4201003,95,126,3040,324,1191,11,87,2,962,7981847,2817,0,445,8,1,4,230,13,4,234,8,2,1,10
5051.01,1625075992717,50.009360880,1,0,0,5,10,4,5,80,2,0,0,0,10,63,6335945,0,25,2,116,9431,2191023,20811,0,1,196281,142134,59992,60879,23989,13923,24048,13764,58,1096,1096,37,43716,20863,22175613,2242,78,430,2825,4401541,4401441,102,118,76,90,168,6335769,4177170,94,127,3167,332,1413,0,89,0,919,7855469,2854,0,468,8,1,4,244,16,4,248,8,2,1,10
5101.02,1625076049762,50.011608680,1,0,0,5,10,4,5,108,2,0,0,0,22,54,6691146,0,28,2,116,18720,2503306,21412,0,1,195018,141141,59515,60336,24099,13521,24194,13261,58,1086,1086,33,43382,20925,24134191,2230,84,423,2825,4442834,4442727,102,118,82,96,172,6690920,4220801,93,133,3158,333,1403,0,95,0,918,8316896,2859,0,475,4,1,4,257,16,4,261,2,2,1,4
5151.03,1625076106570,50.008544644,1,0,0,5,10,4,5,77,2,0,0,0,2,47,6432285,0,25,2,116,9660,2255673,20637,0,1,192950,139447,54386,54794,20502,11398,20502,11150,58,1090,1090,33,37106,17571,22573311,2239,71,425,2819,4423944,4423850,102,118,71,84,160,6431891,4208379,93,123,2992,320,1165,0,83,0,916,7979629,2705,0,437,6,1,4,222,13,4,226,2,2,1,6
5201.04,1625076163869,50.008580582,1,0,0,5,10,4,5,90,2,0,0,0,20,47,6784014,0,27,2,116,11096,2574772,21420,0,1,194548,140768,58505,59114,23826,13857,23814,13418,58,1081,1081,33,42946,20758,24582488,2220,75,423,2824,4461253,4461143,102,118,74,87,164,6783579,4240388,93,125,3140,331,1397,0,86,0,918,8415144,2849,0,460,6,1,4,250,16,4,254,2,2,1,6
5251.05,1625076220878,50.008742830,1,0,0,5,10,4,5,103,2,0,0,0,46,67,6528792,0,33,2,116,6416,2360195,21629,0,1,195883,141923,61255,61857,24379,13616,24373,13450,58,1138,1139,64,44272,21171,23210568,2272,82,426,2827,4426019,4425908,102,118,81,94,174,6528457,4201043,95,132,3203,337,1430,11,95,2,954,7977416,3022,0,484,6,1,4,271,16,4,275,2,2,1,6
5301.06,1625076278075,50.009895049,1,0,0,5,10,4,5,85,2,0,0,0,48,47,6562710,0,31,2,116,13831,2365539,21564,0,1,194363,140415,59742,60989,22977,12582,24282,13292,58,1096,1096,37,42578,19749,23326487,2243,89,430,2819,4452449,4452345,102,118,87,102,180,6562596,4229782,94,139,3150,325,1378,0,101,0,921,8059474,2957,0,493,6,1,4,250,16,4,254,2,2,1,5
5351.07,1625076335011,50.009086622,1,0,0,5,10,4,5,77,2,0,0,0,22,67,6580493,0,26,2,116,9861,2378528,20542,0,1,193038,139665,56249,56966,20821,10306,20891,10331,58,1093,1093,37,38125,17798,23383222,2237,78,425,2819,4451879,4451776,102,119,77,92,168,6580300,4234225,94,129,2995,313,1170,0,92,0,925,8199351,2769,0,441,8,1,4,235,13,4,239,8,2,1,10
5401.08,1625076392039,50.009225057,1,0,0,5,10,4,5,78,2,0,0,0,56,56,6407889,0,25,2,116,14463,2240287,20928,0,1,195242,141462,60094,60957,23969,13735,24014,13261,58,1090,1090,37,43644,20866,22473649,2230,78,424,2825,4423790,4423694,102,118,76,89,168,6407772,4200436,94,127,3154,332,1401,0,89,0,920,7812516,2963,0,489,4,1,4,256,16,4,260,2,2,1,4
5451.09,1625076449375,50.009118738,1,0,0,5,10,4,5,80,2,0,0,0,24,62,6242347,0,26,2,116,21266,2106393,20511,0,1,196033,141851,58641,59542,23837,13668,23893,13324,58,1090,1090,33,42969,20750,21660876,2239,75,427,5385,4394486,4394379,102,118,74,87,164,6242137,4169293,93,125,3159,332,1397,0,86,0,910,7756431,2810,0,450,6,1,4,256,16,4,260,2,2,1,5
5501.1,1625076506464,50.009306541,1,0,0,5,10,4,5,81,2,0,0,0,16,85,6325998,0,25,2,116,21342,2146851,20379,0,1,192762,139331,54447,55353,20491,10736,20554,10457,58,1087,1087,33,37171,17590,21959194,2232,73,424,2819,4421451,4421358,102,118,71,85,160,6325742,4205711,93,123,2984,319,1156,0,83,0,912,7746571,2765,0,432,8,1,4,224,13,4,228,8,2,1,10
5551.11,1625076563674,50.008632674,1,0,0,5,10,4,5,82,2,0,0,0,4,72,6178762,0,31,2,116,5860,2033320,20926,0,1,195990,141815,59366,59860,25006,14963,24056,13890,58,1135,1136,60,43293,21863,21253972,2275,76,426,2827,4394877,4394769,102,117,75,88,166,6178322,4171028,94,126,3203,337,1428,11,87,2,953,7477048,2831,0,444,8,1,4,257,16,4,261,8,2,1,10
5601.12,1625076619934,50.009114892,1,0,0,5,10,4,5,100,2,0,0,0,54,56,6507958,0,27,2,116,7307,2335443,21557,0,1,196641,142446,60498,61296,24120,13740,24190,13764,58,1098,1098,37,43961,20947,23085175,2244,81,432,2825,4424309,4424203,102,118,80,95,172,6507789,4199167,94,131,3173,333,1406,0,94,0,930,7896701,2994,0,482,8,1,4,236,16,4,240,8,2,1,10
5651.13,1625076676597,50.008751535,1,0,0,5,10,4,5,91,2,0,0,0,26,63,6475095,0,38,2,116,12345,2296916,21312,0,1,195456,141556,60499,61123,24157,13959,24167,13953,58,1095,1095,37,43980,20936,22878349,2241,81,424,2825,4432916,4432806,102,117,80,93,172,6474737,4208663,94,131,3182,333,1408,0,93,0,925,7949770,2951,0,486,8,1,4,264,16,4,268,8,2,1,10
5701.14,1625076733831,50.008758983,1,0,0,5,10,4,5,97,2,0,0,0,70,62,6789051,0,27,2,116,7964,2600444,21481,0,1,193891,140351,56296,56911,20790,11028,20819,11024,58,1097,1097,37,38107,17771,24665770,2245,78,428,2819,4439170,4439062,102,118,77,90,168,6788649,4220929,94,129,2999,319,1163,0,91,0,922,8581051,2934,0,457,4,1,4,241,13,4,245,2,2,1,4
5751.15,1625076790384,50.009113681,1,0,0,5,10,4,5,88,2,0,0,0,8,55,6409456,0,29,2,116,22767,2210842,20899,0,1,193475,140315,57830,58251,23522,13451,21204,10866,58,1084,1084,33,41577,20456,22401731,2227,78,422,2825,4449671,4449572,102,118,77,91,165,6409230,4230695,93,128,3000,327,1185,0,89,0,911,7706296,2825,0,470,6,1,4,237,13,4,241,2,2,1,6
5801.16,1625076846867,50.009281493,1,0,0,5,10,4,5,82,2,0,0,0,2,48,6234455,0,35,2,116,13512,2087943,20799,0,1,195282,141291,59324,59686,24034,13986,24020,13670,58,1133,1134,60,43370,20920,21560698,2271,77,425,2827,4401666,4401576,102,118,75,82,166,6234354,4178553,94,126,3198,339,1427,11,87,2,950,7587219,2809,0,464,6,1,4,263,16,4,267,2,2,1,6
5851.17,1625076903889,50.008716024,1,0,0,5,10,4,5,80,2,0,0,0,2,67,6147302,0,25,2,116,12506,2011174,20584,0,1,195942,141740,58634,59349,23832,13606,23835,13260,58,1092,1092,33,42922,20740,21106091,2243,75,429,2825,4384957,4384848,102,118,74,86,164,6146930,4162053,93,125,3166,333,1401,0,86,0,919,7482898,2759,0,450,6,1,4,253,16,4,257,2,2,1,6
5901.18,1625076960903,50.009288382,1,0,0,5,10,4,5,68,2,0,0,0,28,31,6694284,0,25,2,116,7249,2500558,21190,0,1,192950,139612,56346,57298,20830,11628,20937,11527,58,1094,1094,37,38150,17767,24078033,2238,79,425,2819,4444347,4444243,102,116,77,91,168,6694063,4226953,94,129,2998,320,1169,0,91,0,929,8256564,2887,0,481,6,1,4,234,13,4,238,2,2,1,6
5951.19,1625077018267,50.009182457,1,0,0,5,10,4,5,90,2,0,0,0,52,38,6400637,0,26,2,116,4317,2259837,21042,0,1,196554,142406,61778,62638,24431,14248,24501,14079,58,1094,1094,37,44464,21146,22563603,2239,86,428,2825,4399526,4399415,102,117,84,99,179,6400487,4174278,96,136,3169,335,1412,0,98,0,925,7824978,2911,0,490,6,1,4,261,16,4,265,2,2,1,6
6001.2,1625077075160,50.009166305,1,0,0,5,10,4,5,86,2,0,0,0,26,50,6331971,0,27,2,116,7144,2182912,20897,0,1,196387,142231,60191,61026,24003,14018,24048,13418,58,1099,1099,37,43703,20881,22144830,2249,78,426,2825,4405694,4405601,102,118,76,89,168,6331810,4181235,94,127,3177,340,1409,0,89,0,921,7803068,2902,0,477,6,1,4,251,16,4,255,2,2,1,6
6051.21,1625077131626,50.009229317,1,0,0,5,10,4,5,64,2,0,0,0,16,42,6549887,0,33,2,116,9659,2400893,20687,0,1,193182,139632,55011,55953,20728,11339,20802,11118,58,1134,1135,60,37547,17761,23389394,2273,74,427,2821,4397415,4397318,102,118,72,86,162,6549721,4181220,94,124,3030,323,1190,11,84,2,955,8131465,2812,0,461,6,1,4,219,13,4,223,2,2,1,6
6101.22,1625077187697,50.009230494,1,0,0,5,10,4,5,62,2,0,0,0,46,71,6244481,0,25,2,116,21553,2115424,20163,0,1,192541,139226,54371,55191,20513,11397,20577,11370,58,1085,1085,33,37191,17593,21674010,2229,73,429,2819,4372120,4372029,102,117,71,83,160,6244255,4157063,93,123,2980,320,1162,0,83,0,917,7668313,2843,0,448,6,1,4,242,13,4,246,2,2,1,6
6151.23,1625077245088,50.009052621,1,0,0,5,10,4,5,94,2,0,0,0,36,53,6313674,0,25,2,116,4181,2185047,21234,0,1,195740,141671,58941,59758,26011,15879,27007,16631,58,1087,1087,33,43275,22895,22097967,2233,79,426,2826,4383353,4383252,102,118,78,92,168,6313477,4160874,93,129,3161,325,1413,0,92,0,916,7632600,2921,0,484,6,1,4,248,16,4,252,2,2,1,6
6201.24,1625077301734,50.009185962,1,0,0,5,10,4,5,90,2,0,0,0,14,63,6220988,0,31,2,118,13675,2098894,20589,0,1,196420,142212,60017,60837,24007,13641,24042,13670,59,1101,1101,37,43672,20836,21573817,2253,78,427,2825,4379612,4379514,104,118,76,89,168,6220836,4154893,94,127,3180,333,1409,0,89,0,927,7567430,2812,0,479,6,1,4,256,16,4,260,2,2,1,6
6251.25,1625077359110,50.008663204,1,0,0,5,10,4,5,69,2,0,0,0,66,49,6618141,0,27,2,116,11791,2482775,21233,0,1,194031,140444,56329,56868,20839,11218,20855,11213,58,1099,1099,37,38108,17785,23848417,2249,78,429,2819,4386420,4386307,102,117,77,90,168,6617682,4168345,94,129,3003,320,1164,0,90,0,927,8137827,2925,0,478,6,1,4,231,13,4,235,2,2,1,5
6301.26,1625077415839,50.009158442,1,0,0,5,10,4,5,77,2,0,0,0,6,51,6261011,0,25,2,116,17802,2172091,20768,0,1,193012,139624,55831,56647,20670,11434,20729,11276,58,1096,1096,37,37899,17702,21903781,2243,75,424,2819,4340220,4340121,102,117,73,86,164,6260846,4122810,94,125,2994,320,1169,0,86,0,921,7672157,2741,0,471,8,1,4,228,13,4,232,8,2,1,10
6351.27,1625077473148,50.009176245,1,0,0,5,10,4,5,80,2,0,0,0,36,56,6392181,0,25,2,116,5657,2268676,21196,0,1,195854,141869,60019,60826,24001,13200,24056,13229,58,1093,1093,37,43700,20874,22601714,2237,78,426,2825,4378229,4378134,102,117,76,90,168,6392046,4154542,94,127,3158,332,1410,0,90,0,921,7881210,2908,0,489,8,1,4,261,16,4,265,8,2,1,10
6401.28,1625077529892,50.008766852,1,0,0,5,10,4,5,87,2,0,0,0,36,56,6349049,0,27,2,116,7542,2239505,20782,0,1,195984,141856,59078,59737,23985,13924,23991,13103,58,1091,1091,33,43175,20837,22378396,2241,78,426,2825,4363953,4363847,102,118,78,90,168,6348678,4141303,93,129,3170,334,1410,0,90,0,916,7776563,2847,0,488,7,1,4,256,16,4,260,7,2,1,9
6451.29,1625077586703,50.009209754,1,0,0,5,10,4,5,64,2,0,0,0,18,47,6259989,0,40,2,118,14545,2154446,20660,0,1,193287,139716,54369,55246,20528,10927,20575,10615,59,1091,1091,33,37165,17583,21858739,2241,72,426,2819,4350454,4350356,104,119,71,85,160,6259771,4134920,93,123,3004,320,1166,0,84,0,916,7806314,2855,0,457,8,1,4,227,13,4,231,8,2,1,10
6501.3,1625077643785,50.008799970,1,0,0,35,45,4,9,239,3,0,0,0,72,71,6619249,0,27,37,122,9688,2490183,21985,2,1,195961,142002,65068,64965,26955,15547,25700,14078,61,1087,1087,33,49194,23462,23933800,2233,94,426,2829,4385770,4385648,108,123,93,103,182,6618807,4160012,100,141,3174,334,1430,0,106,0,918,8399026,3053,0,502,8,1,4,265,17,4,269,8,2,1,10
6551.31,1625077700924,50.008834583,1,0,0,5,11,4,6,90,2,0,0,0,46,56,6323540,0,26,2,120,12249,2221513,20845,0,1,195552,141675,60005,60690,23986,13893,24022,13481,60,1092,1092,37,43670,20854,22280378,2233,77,425,2825,4356372,4356270,102,117,76,89,168,6323196,4132672,94,127,3159,333,1416,0,89,0,917,7874896,2891,0,471,7,1,5,252,15,3,255,7,3,2,9
6601.32,1625077757784,50.008959915,1,0,0,5,10,4,5,80,2,0,0,0,48,72,6474849,0,33,2,116,12539,2359749,22024,0,1,196635,142452,60778,61464,24228,14148,24219,13733,58,1141,1142,64,44102,21072,23125360,2279,78,428,2827,4373095,4372999,102,118,77,91,170,6474726,4147967,95,128,3209,337,1436,11,90,2,966,8142042,3019,0,498,8,1,4,263,16,4,267,8,2,1,10
6651.33,1625077815078,50.009157078,1,0,0,5,10,4,5,64,2,0,0,0,68,40,6399204,0,27,2,116,7561,2307094,20645,0,1,193736,140228,55747,56722,20652,11182,20777,11024,58,1094,1094,37,37893,17720,22726582,2239,75,433,2818,4341109,4341011,102,118,73,89,164,6399031,4123692,94,125,2990,316,1166,0,86,0,927,8062304,2909,0,460,7,1,4,223,13,4,227,7,2,1,9
6701.34,1625077872441,50.008814751,1,0,0,5,10,4,5,86,2,0,0,0,22,41,6303350,0,25,2,116,11647,2231953,20835,0,1,195242,141306,59042,59350,23994,13894,23955,13733,58,1088,1088,33,43172,20835,22266445,2235,78,424,2825,4324308,4324201,102,117,78,87,168,6303006,4102269,93,129,3164,332,1409,0,90,0,913,7865391,2811,0,490,8,1,4,245,16,4,249,8,2,1,10
6751.35,1625077929656,50.008715233,1,0,0,5,10,4,5,91,2,0,0,0,6,70,6640323,0,25,2,116,11850,2504073,21431,0,1,195044,141114,58554,59122,23783,13417,23789,13292,58,1089,1089,33,42921,20733,24003552,2237,75,423,5385,4393980,4393870,102,117,74,87,164,6639861,4169889,93,125,3159,332,1406,0,87,0,914,8500239,2823,0,474,7,1,4,256,16,4,260,7,2,1,9
6801.36,1625077986454,50.009244960,1,0,0,5,10,4,5,64,2,0,0,0,0,25,6391342,0,25,2,116,3828,2279081,20242,0,1,193571,139851,54319,55624,20487,10610,20582,10458,58,1095,1095,33,37131,17570,22583894,2249,72,426,2819,4360953,4360859,102,118,71,87,160,6391114,4144984,93,123,3000,319,1159,0,83,0,917,8056685,2750,0,475,8,1,4,236,13,4,240,8,2,1,10
6851.37,1625078043733,50.008689745,1,0,0,5,10,4,5,80,2,0,0,0,42,56,6530339,0,31,2,116,10362,2408410,21119,0,1,195200,141553,56510,56811,21543,11655,20837,11181,58,1135,1136,60,38671,18543,23401656,2275,74,428,2826,4371823,4371723,102,118,73,84,162,6529948,4153437,94,124,3050,332,1211,11,85,2,957,8332965,2892,0,468,7,1,4,239,13,4,243,7,2,1,9
6901.38,1625078100144,50.009140564,1,0,0,5,10,4,5,85,2,0,0,0,66,65,6366597,0,25,2,116,12801,2258222,21050,0,1,196518,142373,59997,60844,23965,13673,24048,13355,58,1097,1097,37,43650,20864,22498105,2245,78,432,2825,4366141,4366043,102,118,76,90,168,6366488,4141896,94,127,3168,333,1408,0,90,0,925,7729496,3025,0,486,8,1,4,264,16,4,268,8,2,1,10
6951.39,1625078157016,50.009237663,1,0,0,5,10,4,5,101,2,0,0,0,8,68,6455722,0,27,2,116,15662,2315457,21214,0,1,195917,141886,61042,61864,24332,13679,24392,13354,58,1095,1095,37,44134,21082,22924585,2240,86,424,2825,4397497,4397390,102,118,84,97,176,6455549,4172561,94,135,3174,333,1417,0,97,0,927,7901072,2831,0,474,8,1,4,251,16,4,255,8,2,1,10
7001.4,1625078214194,50.008696755,1,0,0,5,10,4,5,70,2,0,0,0,44,47,6419174,0,27,2,116,27076,2254004,20497,0,1,193478,140004,55511,55506,20598,11399,20438,11276,58,1097,1097,37,37601,17602,22577018,2245,73,427,2819,4411709,4411600,102,118,72,81,159,6418777,4194571,92,122,2993,320,1161,0,85,0,924,7925119,2861,0,449,8,1,4,242,13,4,246,8,2,1,10
7051.41,1625078270773,50.008836352,1,0,0,5,10,4,5,74,2,0,0,0,30,61,6288149,0,25,2,116,11767,2161060,20576,0,1,192828,139402,54376,55076,20523,11334,20549,11087,58,1090,1090,33,37149,17585,21931420,2238,71,425,2819,4369256,4369167,102,118,71,84,160,6287950,4153903,93,123,2992,320,1161,0,84,0,911,7873751,2836,0,447,8,1,4,227,13,4,231,8,2,1,10
7101.42,1625078327856,50.009131574,1,0,0,5,10,4,5,89,2,0,0,0,24,85,6480166,0,35,2,116,12843,2346385,21304,0,1,196305,142080,59764,60556,24182,13895,24226,13512,58,1134,1135,60,43522,21022,23062090,2273,81,427,2827,4389794,4389688,102,118,79,91,170,6479998,4166171,94,130,3201,337,1429,11,91,2,953,8193223,2872,0,465,7,1,4,250,16,4,254,7,2,1,9
7151.43,1625078384287,50.009219336,1,0,0,5,10,4,5,86,2,0,0,0,2,52,6415136,0,28,2,116,11527,2234057,20623,0,1,195435,141407,59100,59825,23977,14051,24040,13701,58,1085,1085,33,43191,20858,22513179,2229,79,428,2825,4434758,4434653,102,118,78,91,168,6414929,4212359,93,129,3158,333,1408,0,91,0,909,7835768,2810,0,447,6,1,4,260,16,4,264,2,2,1,6
7201.44,1625078441063,50.009298320,1,0,0,5,10,4,5,68,2,0,0,0,22,43,6443798,0,28,2,116,8590,2292146,20841,0,1,194024,140352,56307,57117,20809,11027,20886,10992,58,1100,1100,37,38135,17777,22755111,2250,79,427,2819,4402455,4402360,102,117,77,91,168,6443581,4184213,94,129,3010,320,1167,0,90,0,924,7894806,2826,0,453,6,1,4,244,13,4,248,2,2,1,6
7251.45,1625078497307,50.009144269,1,0,0,5,10,4,5,74,2,0,0,0,22,54,6424015,0,39,2,116,8608,2252418,21224,0,1,193820,140205,55830,56653,20633,10899,20717,10552,58,1099,1099,37,37874,17674,22559584,2249,74,427,2819,4416362,4416270,102,119,73,86,164,6423845,4198588,94,125,3016,320,1164,0,86,0,925,7831366,2851,0,440,6,1,4,243,13,4,247,2,2,1,6
7301.46,1625078553827,50.008774722,1,0,0,5,10,4,5,93,2,0,0,0,28,38,6483853,0,25,2,116,27062,2316815,21236,0,1,196330,142178,60021,60651,23988,13548,24021,13198,58,1097,1097,37,43649,20835,22976725,2244,77,426,2825,4423704,4423602,102,118,76,90,168,6483468,4199421,94,127,3166,332,1405,0,90,0,922,8050092,2916,0,471,6,1,4,270,16,4,274,2,2,1,6
7351.47,1625078610805,50.008825389,1,0,0,5,10,4,5,100,2,0,0,0,16,77,6273876,0,25,2,116,16684,2141361,20918,0,1,194888,141013,58572,59223,23837,13512,23870,13260,58,1086,1086,33,42902,20745,21834374,2231,74,424,2825,4385143,4385050,102,118,74,86,164,6273530,4163577,93,125,3152,332,1400,0,86,0,910,7811337,2827,0,458,6,1,4,258,16,4,262,2,2,1,6
7401.48,1625078667644,50.009421340,1,0,0,5,10,4,5,77,2,0,0,0,46,75,6271216,0,31,2,116,15269,2144542,21155,0,1,194870,140968,58164,59433,23629,14646,24026,14237,58,1130,1131,60,42605,20530,21845613,2264,76,425,2822,4381272,4381174,102,118,74,87,166,6271027,4160025,94,126,3172,328,1403,11,86,2,947,7705378,2950,0,489,6,1,4,248,16,4,252,2,2,1,5
7451.49,1625078724326,50.009270693,1,0,0,5,10,4,5,76,2,0,0,0,48,41,6428960,0,25,2,116,12563,2283041,20564,0,1,193419,139850,54437,55288,20537,10925,20618,10709,58,1092,1092,33,37191,17613,22678370,2243,73,431,2819,4393497,4393408,102,118,71,83,160,6428763,4177783,93,123,2999,320,1169,0,83,0,919,7884822,2851,0,455,4,1,4,233,13,4,237,2,2,1,4
7501.5,1625078780808,50.009137507,1,0,0,5,10,4,5,86,2,0,0,0,38,47,6505341,0,27,2,116,4816,2330359,21331,0,1,196404,142293,60516,60859,24144,13771,24163,13450,58,1098,1098,37,43919,20950,23060499,2246,81,427,2825,4431371,4431262,102,118,80,91,172,6504945,4206849,94,131,3173,333,1407,0,93,0,924,8206418,2899,0,472,8,1,4,258,16,4,262,8,2,1,10
7551.51,1625078837745,50.009259483,1,0,0,5,10,4,5,99,2,0,0,0,2,51,6309709,0,27,2,116,9907,2132795,20724,0,1,195931,141853,60466,61309,24133,13677,24197,13607,58,1099,1099,37,43919,20946,21894780,2249,82,424,2825,4432259,4432156,102,118,80,94,172,6309513,4207858,95,132,3172,333,1408,0,93,0,926,7857778,2789,0,471,8,1,4,265,16,4,269,8,2,1,10
7601.52,1625078894197,50.009207387,1,0,0,5,10,4,5,82,2,0,0,0,14,51,6125432,0,28,2,116,5142,1997692,20515,0,1,196139,142026,59972,60758,24016,14082,24073,13859,58,1096,1096,37,43667,20861,20987099,2243,78,425,2825,4383071,4382970,102,118,76,90,168,6125273,4158816,94,127,3168,334,1415,0,90,0,918,7498002,2865,0,464,8,1,4,261,16,4,265,8,2,1,10
7651.53,1625078951263,50.008695689,1,0,0,5,10,4,5,76,2,0,0,0,2,58,6344626,0,31,2,116,7218,2158551,20184,0,1,192844,139405,55086,55454,20682,11023,20699,10772,58,1133,1134,60,37521,17750,22041366,2271,73,425,2821,4428663,4428557,102,117,72,84,162,6344110,4212352,94,124,3025,323,1192,11,84,2,948,7836367,2776,0,439,8,1,4,239,13,4,243,8,2,1,10
7701.54,1625079008421,50.008810755,1,0,0,5,10,4,5,93,2,0,0,0,4,41,6183895,0,26,2,118,10891,2060064,20772,0,1,195912,141735,58607,59247,23827,13702,23838,13355,59,1092,1092,33,42925,20749,21382012,2243,74,430,2825,4372447,4372347,104,120,74,87,164,6183552,4149878,93,125,3169,332,1407,0,87,0,917,7555968,2803,0,455,8,1,4,262,16,4,266,8,2,1,10
7751.55,1625079065541,50.009182203,1,0,0,5,10,4,5,85,2,0,0,0,24,62,6639362,0,25,2,116,9114,2495238,21779,0,1,196101,141918,59210,60008,24873,14398,23971,13229,58,1092,1092,33,43250,21781,23994751,2243,81,426,2826,4397807,4397710,102,117,78,90,168,6639157,4174880,93,129,3173,336,1412,0,90,0,922,8247640,2901,0,476,8,1,4,265,16,4,269,8,2,1,10
7801.56,1625079122481,50.009485207,1,0,0,5,10,4,5,64,2,0,0,0,6,45,6561453,0,25,2,116,11361,2395108,20349,0,1,192963,139576,55850,56760,20706,11244,20764,11056,58,1095,1095,37,37977,17702,23403829,2238,75,424,2819,4415907,4415815,102,118,73,86,164,6561235,4198563,94,125,2996,320,1169,0,86,0,924,8155694,2721,0,457,8,1,4,243,13,4,247,8,2,1,10
7851.57,1625079179051,50.009005079,1,0,0,5,10,4,5,64,2,0,0,0,44,39,6521766,0,25,2,116,7895,2385838,20554,0,1,193943,140334,55860,56719,20699,11402,20767,10930,58,1099,1099,37,37985,17708,23291202,2248,73,428,5379,4389504,4389402,102,118,73,88,164,6521499,4168951,94,125,3001,320,1167,0,86,0,926,8003741,2883,0,467,8,1,4,248,13,4,252,8,2,1,10
7901.58,1625079234138,50.009184915,1,0,0,5,10,4,5,96,2,0,0,0,40,68,6390023,0,33,2,118,16469,2268628,21282,0,1,194656,141037,60662,61178,24174,13299,24217,12914,59,1134,1135,64,44068,21021,22598040,2265,79,424,2827,4378254,4378153,104,120,77,90,170,6389800,4154751,95,128,3192,336,1430,11,91,2,953,7857875,2947,0,463,8,1,4,255,16,4,259,8,2,1,10
7951.59,1625079291226,50.008831578,1,0,0,5,10,4,5,80,2,0,0,0,8,64,6151181,0,25,2,116,12436,2040703,20610,0,1,195924,141724,58507,59251,23807,13385,23851,12977,58,1090,1090,33,42949,20741,21206749,2239,75,429,2825,4365185,4365088,102,118,74,88,164,6150817,4142918,93,125,3162,332,1399,0,86,0,910,7472138,2791,0,470,8,1,4,243,16,4,247,8,2,1,10
8001.6,1625079347965,50.009195633,1,0,0,5,10,4,5,89,2,0,0,0,22,63,6278756,0,25,2,116,19994,2196186,20996,0,1,196112,141905,59094,59979,23973,13799,24027,13513,58,1090,1090,33,43178,20827,22095214,2239,79,426,2826,4338703,4338605,102,119,78,91,168,6278648,4115839,93,129,3171,337,1408,0,90,0,918,7770014,2869,0,481,8,1,4,241,16,4,245,8,2,1,10
8051.61,1625079405186,50.009204325,1,0,0,5,10,4,5,71,2,0,0,0,4,56,6246371,0,39,2,116,14762,2149436,20348,0,1,193039,139502,54459,55347,20494,10707,20571,10583,58,1092,1092,33,37205,17589,21787332,2242,72,425,2820,4343874,4343779,102,118,71,83,160,6246164,4127961,93,123,3010,323,1161,0,83,0,923,7806665,2774,0,437,8,1,4,235,13,4,239,8,2,1,10
8101.62,1625079461769,50.009201996,1,0,0,5,10,4,5,86,2,0,0,0,8,51,6230947,0,29,2,116,6949,2132903,20524,0,1,196389,142185,60468,61300,24146,13612,24210,13292,58,1098,1098,37,43914,20951,21737820,2246,82,425,2825,4352331,4352234,102,118,80,93,172,6230819,4127260,94,131,3173,333,1406,0,93,0,925,7714422,2805,0,474,8,1,4,258,16,4,262,8,2,1,10
8151.63,1625079518686,50.009040523,1,0,0,5,10,4,5,80,2,0,0,0,84,55,6519867,0,25,2,116,12290,2404652,21582,0,1,196667,142503,60014,60777,23997,13642,24012,13387,58,1098,1098,37,43717,20864,23379479,2247,77,429,2825,4372900,4372802,102,118,76,91,168,6519633,4148776,94,127,3172,333,1407,0,90,0,926,8235577,3062,0,502,8,1,4,257,16,4,261,8,2,1,10
8201.64,1625079575628,50.009989988,1,0,0,5,10,4,5,61,2,0,0,0,38,41,6286355,0,33,2,116,7555,2185327,20734,0,1,194018,140314,56982,58529,20990,11437,23662,13638,58,1139,1140,64,38876,17943,22026386,2272,77,432,2820,4349903,4349811,102,117,75,89,169,6286237,4130767,95,127,3042,325,1205,11,88,2,968,7783850,2942,0,483,8,1,4,243,16,4,247,8,2,1,10
8251.65,1625079632607,50.009134305,1,0,0,5,10,4,5,81,2,0,0,0,0,27,6307339,0,25,2,116,3966,2202774,20074,0,1,192878,139350,52841,53809,20243,11021,20350,10646,58,1090,1090,33,36515,17427,22108667,2238,74,425,2819,4351813,4351723,102,118,71,83,155,6307155,4137459,89,122,2995,318,1167,0,82,0,919,7889351,2722,0,441,8,1,4,227,13,4,231,8,2,1,10
8301.67,1625079689861,50.015492065,1,0,0,5,10,4,5,85,2,0,0,0,12,48,6253217,0,25,2,116,4827,2157028,20487,0,1,195939,141767,58657,59609,25881,15876,26853,16127,58,1091,1091,33,43054,22802,21870902,2241,76,426,5363,4353767,4353657,102,117,75,87,164,6252974,4128630,93,125,3162,332,1404,0,87,0,914,7726044,2823,0,469,7,1,4,274,16,4,278,7,2,1,9
8351.68,1625079746032,50.008750593,1,0,0,5,10,4,5,82,2,0,0,0,2,37,6373295,0,27,2,116,17922,2229847,20594,0,1,194929,141036,59111,59711,23987,13958,23990,13670,58,1091,1091,33,43144,20835,22412181,2241,78,423,2826,4396898,4396795,102,118,78,91,168,6372921,4174831,93,129,3165,336,1403,0,91,0,914,7953875,2826,0,500,8,1,4,266,16,4,270,8,2,1,10
8401.69,1625079803230,50.008697021,1,0,0,5,10,4,5,64,2,0,0,0,50,23,6305646,0,25,2,116,3431,2225228,20447,0,1,194034,140409,55853,56462,20693,11528,20686,11055,58,1098,1098,37,37885,17678,22193178,2247,73,428,2819,4332071,4331970,102,118,73,87,164,6305271,4114184,94,125,2999,320,1165,0,87,0,928,7938844,2868,0,454,8,1,4,238,13,4,242,8,2,1,10
8451.7,1625079860335,50.011593220,1,0,0,5,10,4,5,90,2,0,0,0,2,52,6274170,0,34,2,116,7621,2148141,20787,0,1,195579,141658,60730,61428,24241,13329,24349,12850,58,1141,1142,64,44065,21050,21887858,2279,79,425,2827,4381412,4381314,102,118,78,91,170,6273974,4156782,95,128,3208,338,1439,11,90,2,954,7787639,2846,0,436,8,1,4,253,16,4,257,8,2,1,10
8501.71,1625079917031,50.011775827,1,0,0,5,10,4,5,82,2,0,0,0,41,62,6572490,0,25,2,116,11723,2446171,21121,0,1,196541,142336,59932,60710,24006,13767,24059,13575,58,1097,1097,37,43703,20856,23668686,2244,78,431,2824,4382628,4382523,102,118,76,89,168,6572242,4158277,94,127,3166,329,1402,0,89,0,924,8338280,2910,0,475,8,1,4,266,16,4,270,8,2,1,10
8551.72,1625079973806,50.009040973,1,0,0,5,10,4,5,98,2,0,0,0,62,64,6363051,0,26,2,116,15852,2255910,21168,0,1,196349,142148,59083,59723,23983,13609,24005,13354,58,1090,1090,33,43140,20850,22492378,2239,79,429,2825,4362242,4362143,102,118,78,90,168,6362773,4139560,93,129,3168,332,1406,0,90,0,914,7946961,2990,0,477,8,1,4,256,16,4,260,8,2,1,10
8601.73,1625080030460,50.010475071,1,0,0,5,10,4,5,77,2,0,0,0,47,64,6471857,0,25,2,116,18599,2317419,20810,0,1,192804,139409,54349,55202,20485,11367,20549,10961,58,1090,1090,33,37166,17573,22923514,2239,73,427,2819,4400131,4400037,102,118,71,84,160,6471712,4185097,93,123,2990,319,1158,0,83,0,913,8208453,2919,0,463,8,1,4,234,13,4,238,8,2,1,10
8651.74,1625080086958,50.008758009,1,0,0,5,10,4,5,80,2,0,0,0,70,48,6582961,0,25,2,116,12166,2459489,20585,0,1,195085,141506,55832,56093,21359,11621,20620,10866,58,1093,1093,33,38250,18352,23697679,2245,73,429,2825,4373992,4373879,102,118,72,84,160,6582531,4156642,93,123,3017,331,1188,0,85,0,924,8459058,2904,0,448,8,1,4,239,13,4,243,8,2,1,10
8701.75,1625080142996,50.008705839,1,0,0,5,10,4,5,80,2,0,0,0,26,50,6389081,0,31,2,116,7597,2249716,20878,0,1,195675,141718,60726,60955,24205,13738,24182,13575,58,1140,1141,64,44056,21028,22502142,2277,78,425,2827,4396949,4396837,102,118,77,91,170,6388686,4172533,95,128,3207,337,1432,11,91,2,960,7954300,2898,0,475,8,1,4,259,16,4,263,8,2,1,10
8751.76,1625080199700,50.009009587,1,0,0,5,10,4,5,83,2,0,0,0,14,28,6268485,0,25,2,116,3606,2146008,20838,0,1,196716,142420,60043,60760,23962,13547,24024,13167,58,1100,1100,37,43725,20857,21853145,2251,77,430,2825,4379277,4379177,102,118,76,89,168,6268276,4154618,94,127,3174,333,1405,0,90,0,929,7799917,2861,0,462,8,1,4,262,16,4,266,8,2,1,10
8801.77,1625080255291,50.009356111,1,0,0,5,10,4,5,100,2,0,0,0,0,80,6278609,0,32,2,116,16783,2136966,21157,0,1,196433,142210,60418,61249,24110,13614,24165,13418,58,1097,1097,37,43909,20962,21880970,2244,82,425,2824,4395530,4395426,102,118,80,93,172,6278403,4170566,94,131,3183,331,1414,0,93,0,918,7845033,2818,0,450,8,1,4,250,16,4,254,8,2,1,10
8851.78,1625080312155,50.009491310,1,0,0,5,10,4,5,70,2,0,0,0,0,50,6326209,0,42,2,116,14328,2184130,21090,0,1,193422,139786,54865,55656,20623,11402,20691,11024,58,1094,1094,33,37373,17651,22088573,2246,77,426,2819,4391378,4391286,102,118,75,87,164,6326033,4175075,93,127,3013,319,1158,0,87,0,911,7956950,2801,0,440,8,1,4,229,13,4,233,8,2,1,10
8901.79,1625080369263,50.008835262,1,0,0,5,10,4,5,80,2,0,0,0,12,64,6340027,0,26,2,116,11262,2195545,20732,0,1,196203,141951,58669,59411,23846,13890,23857,13324,58,1092,1092,33,42905,20733,22194212,2242,75,426,2826,4398843,4398739,102,118,74,88,164,6339583,4176034,93,125,3167,336,1402,0,86,0,922,7990221,2823,0,439,8,1,4,250,16,4,254,8,2,1,10
8951.8,1625080426294,50.009234200,1,0,0,5,10,4,5,90,2,0,0,0,66,42,6563696,0,25,2,116,5306,2401622,21435,0,1,196294,142108,58664,59524,23807,13606,23867,13166,58,1089,1089,33,42932,20758,23454150,2237,76,429,5386,4420100,4420004,102,118,74,87,164,6563556,4195323,93,125,3165,337,1407,0,86,0,921,8308408,3036,0,499,8,1,4,269,16,4,273,8,2,1,10
9001.81,1625080483086,50.009781952,1,0,0,5,10,4,5,68,2,0,0,0,64,74,6567714,0,34,2,118,15194,2430601,21741,0,1,194031,140186,59512,60704,23105,12765,24238,13544,59,1136,1137,64,42678,19907,23561391,2269,82,430,2821,4392012,4391903,104,120,80,94,174,6567612,4169644,95,132,3180,329,1408,11,93,2,960,8353244,3032,0,499,8,1,4,265,16,4,269,8,2,1,10
9051.82,1625080539483,50.009154950,1,0,0,5,10,4,5,84,2,0,0,0,64,29,6644602,0,30,2,116,26370,2472325,21416,0,1,193596,140141,57115,58039,21070,10877,21166,10772,58,1094,1094,37,38523,17967,23904143,2239,87,427,2818,4421415,4421307,102,118,85,99,176,6644450,4203305,94,137,3000,316,1166,0,98,0,921,8426832,3009,0,497,8,1,4,243,13,4,247,8,2,1,10
9101.83,1625080596296,50.008776295,1,0,0,5,10,4,5,90,2,0,0,0,20,53,6345150,0,26,2,116,18003,2240557,20922,0,1,195747,141781,61643,62298,24415,13807,24434,13544,58,1093,1093,37,44419,21138,22390859,2237,85,424,2824,4362424,4362321,102,118,84,98,179,6344921,4137675,96,136,3160,332,1404,0,98,0,926,7977229,2889,0,481,8,1,4,262,16,4,266,8,2,1,10
9151.84,1625080653269,50.009227049,1,0,0,5,10,4,5,96,2,0,0,0,10,64,6465945,0,25,2,116,11328,2324370,20787,0,1,196201,141929,58522,59363,23824,13701,23915,13134,58,1092,1092,33,42946,20755,22963866,2243,75,427,2825,4393501,4393407,102,118,74,86,164,6465815,4171019,93,125,3165,332,1398,0,86,0,914,8200708,2833,0,472,8,1,4,253,16,4,257,8,2,1,10
9201.85,1625080710366,50.009188277,1,0,0,5,10,4,5,80,2,0,0,0,2,53,6609620,0,25,2,116,9244,2388651,21319,0,1,195277,141270,58540,59273,23793,13292,23842,12946,58,1088,1088,33,42928,20739,23525619,2235,76,424,2825,4472475,4472370,102,118,74,86,164,6609420,4250580,93,125,3156,332,1404,0,86,0,914,8307826,2812,0,471,8,1,4,259,16,4,263,8,2,1,10
9251.86,1625080767216,50.012104000,1,0,0,5,10,4,5,70,2,0,0,0,61,54,6587583,0,33,2,116,8498,2398976,21215,0,1,193680,140105,55646,56469,20878,10902,20937,10773,58,1137,1138,60,37759,17863,23456035,2279,78,429,2822,4438049,4437947,102,118,76,88,166,6587321,4221107,94,128,3039,327,1191,11,88,2,955,8408988,3001,0,484,8,1,4,234,13,4,238,8,2,1,10
9301.87,1625080824092,50.008729354,1,0,0,5,10,4,5,80,2,0,0,0,46,46,6776542,0,25,2,116,6384,2581071,21464,0,1,195867,142156,58614,58597,23399,12760,21145,10678,58,1099,1099,37,41612,20311,24579195,2249,76,432,2825,4449481,4449375,102,118,75,88,165,6776223,4228416,94,126,3018,328,1186,0,89,0,927,8634332,2983,0,463,8,1,4,228,13,4,232,8,2,1,10
9351.88,1625080881444,50.009040390,1,0,0,5,10,4,5,98,2,0,0,0,22,68,6370369,0,27,2,118,20242,2197472,20897,0,1,196719,142446,60429,61040,24105,13803,24104,13230,59,1102,1102,37,43864,20942,22288523,2254,80,427,2825,4430642,4430539,104,120,80,93,172,6370061,4205468,94,131,3179,333,1406,0,93,0,929,7966328,2849,0,489,8,1,4,263,16,4,267,8,2,1,10
9401.89,1625080938159,50.008848105,1,0,0,5,10,4,5,88,2,0,0,0,28,57,6560464,0,32,2,116,9160,2384535,21524,0,1,196604,142364,60335,60960,24137,13741,24135,13481,58,1095,1095,37,43867,20955,23406968,2241,81,427,5384,4434783,4434675,102,118,80,93,172,6560117,4207611,94,131,3162,334,1401,0,94,0,924,8231497,2941,0,478,8,1,4,256,16,4,260,8,2,1,10
9451.9,1625080994759,50.008978628,1,0,0,5,10,4,5,85,2,0,0,0,50,53,6587012,0,25,2,116,8105,2402057,20997,0,1,194066,140421,55758,56226,20696,11306,20699,10960,58,1097,1097,37,37852,17712,23458867,2245,73,428,2819,4437079,4436984,102,118,73,83,164,6586860,4219103,94,125,2999,319,1171,0,86,0,921,8323533,2871,0,463,7,1,4,237,13,4,241,7,2,1,9
9501.91,1625081051410,50.008705548,1,0,0,5,10,4,5,93,2,0,0,0,30,51,6584689,0,31,2,116,9797,2416285,21075,0,1,194839,141343,58477,58451,23902,13292,21321,10677,58,1133,1134,60,42080,20833,23542295,2271,75,426,2827,4420045,4419945,102,118,74,85,163,6584360,4199515,94,125,3045,331,1211,11,86,2,955,8336664,2864,0,450,8,1,4,235,13,4,239,8,2,1,10
9551.92,1625081108350,50.008692945,1,0,0,5,10,4,5,79,2,0,0,0,46,53,6557132,0,25,2,116,15527,2391731,20873,0,1,196256,142060,58704,59358,23833,13638,23835,13544,58,1094,1094,33,42926,20744,23420703,2247,75,432,2826,4419887,4419783,102,118,74,87,164,6556714,4197491,93,125,3170,336,1407,0,86,0,921,8303489,2952,0,488,8,1,4,263,16,4,267,8,2,1,10
9601.93,1625081165302,50.008634566,1,0,0,5,10,4,5,86,2,0,0,0,36,42,6252959,0,26,2,116,3384,2140714,21015,0,1,196450,142184,59210,59677,23988,14052,23975,13827,58,1095,1095,33,43143,20827,21775104,2248,79,427,2826,4369715,4369603,102,118,78,90,168,6252532,4146585,93,129,3183,336,1409,0,91,0,921,7746634,2934,0,492,8,1,4,269,16,4,273,8,2,1,10
9651.94,1625081222571,50.011450850,1,0,0,5,10,4,5,74,2,0,0,0,42,50,6419590,0,43,2,118,18870,2327233,20803,0,1,192430,139255,55879,56760,20680,11309,20754,10992,59,1090,1090,37,37880,17703,22856025,2231,75,424,2819,4341643,4341551,104,119,74,87,164,6419357,4125005,94,125,2998,323,1167,0,87,0,922,8090986,2862,0,459,8,1,4,233,13,4,237,8,2,1,10
9701.95,1625081279445,50.008917373,1,0,0,5,10,4,5,109,2,0,0,0,72,69,6468573,0,25,2,116,7157,2367705,21205,0,1,196182,142141,59930,60679,23984,13925,24045,13575,58,1090,1090,37,43654,20860,23130071,2230,77,427,2824,4357013,4356902,102,117,76,89,168,6468198,4133479,94,127,3153,329,1400,0,89,0,920,8101494,3015,0,495,8,1,4,268,16,4,272,8,2,1,10
9751.96,1625081336433,50.010804714,1,0,0,5,10,4,5,80,2,0,0,0,8,56,6325908,0,26,2,116,5048,2216660,20638,0,1,196434,142208,59904,60616,24008,13420,24021,13229,58,1096,1096,37,43692,20871,22243990,2242,77,426,2824,4365911,4365812,102,118,76,90,168,6325650,4141548,94,127,3163,330,1405,0,89,0,923,7974462,2774,0,472,8,1,4,256,16,4,260,8,2,1,10
9801.97,1625081393320,50.010243865,1,0,0,5,10,4,5,64,2,0,0,0,34,99,6073284,0,25,2,116,22727,1969130,20266,0,1,193542,139848,54909,56360,20533,10738,23158,13229,58,1090,1090,33,37454,17584,20753461,2238,73,431,2819,4346338,4346248,102,118,72,85,163,6073088,4129875,93,124,3005,322,1175,0,84,0,914,7451923,2811,0,466,8,1,4,254,16,4,258,8,2,1,10
9851.98,1625081449980,50.010136193,1,0,0,5,10,4,5,80,2,0,0,0,33,46,6393815,0,25,2,116,6305,2305337,20144,0,1,193481,139899,54920,55426,20674,10994,20682,10772,58,1093,1093,33,37357,17723,22713376,2245,75,427,2820,4335292,4335160,102,118,75,88,164,6393473,4119242,93,127,3003,323,1170,0,88,0,924,7856963,2831,0,472,8,1,4,235,13,4,239,8,2,1,10
9901.99,1625081506796,50.008953228,1,0,0,5,10,4,5,80,2,0,0,0,66,44,6338761,0,27,2,116,25381,2245745,20850,0,1,196091,141975,58753,59401,24809,14488,23871,13166,58,1093,1093,33,42983,21696,22417654,2245,75,428,2826,4348483,4348388,102,118,74,86,164,6338393,4126119,93,125,3171,337,1407,0,86,0,916,7978355,2945,0,481,8,1,4,253,16,4,257,8,2,1,10
9952,1625081564075,50.008867444,1,0,0,5,10,4,5,80,2,0,0,0,24,53,6333424,0,28,2,116,8674,2224271,20990,0,1,196756,142479,60125,60783,23997,13580,24006,13607,58,1100,1100,37,43746,20849,22287442,2251,77,427,2825,4367890,4367785,102,118,76,90,168,6333057,4143017,94,127,3177,333,1405,0,90,0,924,7810318,2889,0,469,8,1,4,263,16,4,267,8,2,1,10
10002,1625081621330,50.009016563,1,0,0,5,10,4,5,72,2,0,0,0,2,58,6232008,0,27,2,116,20801,2107229,20615,0,1,193576,140025,56285,57136,20789,10839,20873,10615,58,1097,1097,37,38202,17792,21621766,2244,78,425,2818,4373627,4373527,102,117,77,91,168,6231825,4155144,94,129,2996,316,1165,0,90,0,916,7719991,2752,0,451,8,1,4,244,13,4,248,8,2,1,10
10052,1625081678364,50.009170202,1,0,0,5,10,4,5,90,2,0,0,0,22,72,6336048,0,31,2,116,16021,2215212,21108,0,1,195723,141763,60725,61515,24241,13551,24269,13292,58,1138,1139,64,44127,21050,22294847,2273,79,429,2826,4376453,4376352,102,118,77,90,170,6335825,4151590,95,128,3200,333,1434,11,90,2,956,7864848,2847,0,455,8,1,4,257,16,4,261,8,2,1,10
10102,1625081735014,50.008731371,1,0,0,5,10,4,5,86,2,0,0,0,44,46,6498955,0,25,2,116,14068,2358022,21061,0,1,196065,141926,59017,59740,23949,13766,23976,13292,58,1089,1089,33,43183,20831,23169701,2237,78,428,2824,4394402,4394291,102,118,78,92,168,6498723,4171945,93,129,3163,329,1407,0,90,0,915,7933684,2936,0,465,8,1,4,254,16,4,258,8,2,1,10
10152,1625081791757,50.008767123,1,0,0,5,10,4,5,80,2,0,0,0,0,44,6434469,0,27,2,116,9871,2275464,20573,0,1,196024,141810,58647,59260,23823,13764,23824,13670,58,1092,1092,33,42924,20718,22704092,2242,75,426,2825,4412738,4412621,102,118,74,86,164,6434067,4190074,93,125,3167,332,1404,0,86,0,916,8081987,2717,0,430,8,1,4,259,16,4,263,8,2,1,10
10202,1625081848450,50.008770914,1,0,0,5,10,4,5,64,2,0,0,0,30,63,6349534,0,25,2,116,5960,2250849,20062,0,1,193482,139872,54520,55224,20538,10989,20538,10615,58,1093,1093,33,37187,17586,22397914,2245,72,428,2820,4344127,4344030,102,117,71,86,160,6349121,4128221,93,123,2997,323,1162,0,84,0,921,7993792,2811,0,448,8,1,4,236,13,4,240,8,2,1,10
10252.2,1625081905073,50.184369532,1,0,0,5,10,4,5,105,2,0,0,0,2,101,6452137,0,27,2,116,20026,2324852,21072,0,1,196367,142488,59693,60392,24102,13077,21640,10331,58,1104,1104,37,42777,20936,22982083,2259,80,427,5386,4384136,4384037,102,119,80,97,170,6451744,4157948,94,130,3032,331,1190,0,92,0,929,8112765,2797,0,425,8,1,4,242,13,4,246,8,2,1,10
10302.2,1625081962325,50.008756514,1,0,0,5,10,4,5,82,2,0,0,0,0,59,6191715,0,34,2,116,22645,2103609,20481,0,1,196428,142212,60739,61430,24201,13548,24216,13260,58,1139,1140,64,44053,21042,21573249,2275,77,426,2827,4347334,4347227,102,118,77,91,170,6191325,4121014,95,128,3203,340,1433,11,90,2,961,7604780,2804,0,446,8,1,4,251,16,4,255,8,2,1,10
10352.2,1625082019691,50.009573586,1,0,0,5,10,4,5,64,2,0,0,0,22,64,6429049,0,27,2,116,20427,2287578,21028,0,1,193428,139643,57838,59133,22094,12315,23898,13543,58,1092,1092,37,41470,19020,22748690,2235,77,428,2818,4393209,4393108,102,117,75,89,168,6428930,4172514,94,127,3140,321,1382,0,88,0,922,7879372,2817,0,465,8,1,4,256,16,4,260,8,2,1,10
10402.2,1625082076549,50.008553565,1,0,0,5,10,4,5,94,2,0,0,0,6,52,6231276,0,25,2,116,22249,2127325,20279,0,1,193508,139882,54188,55049,20416,11148,20487,10929,58,1097,1097,37,37222,17528,21687635,2245,74,426,2818,4353112,4353016,102,118,73,91,159,6230793,4136442,90,124,2998,315,1163,0,85,0,927,7617164,2741,0,417,8,1,4,227,13,4,231,8,2,1,10
10452.2,1625082133151,50.009253917,1,0,0,5,10,4,5,80,2,0,0,0,18,66,6236655,0,40,2,116,23781,2122523,20842,0,1,195506,141467,58637,59524,23808,14174,23889,13575,58,1090,1090,33,42966,20757,21743485,2239,76,425,2825,4363715,4363617,102,119,74,87,164,6236502,4141729,93,125,3175,333,1405,0,87,0,916,7738140,2902,0,471,8,1,4,261,16,4,265,8,2,1,10
10502.2,1625082189995,50.008962753,1,0,0,5,10,4,5,80,2,0,0,0,24,36,6513716,0,25,2,116,6331,2372113,20932,0,1,195585,141540,58730,59292,25880,15873,26823,16315,58,1093,1093,33,43030,22792,23261548,2244,75,425,2827,4395589,4395491,102,118,74,87,164,6513486,4173090,93,125,3170,336,1405,0,87,0,918,8217595,2842,0,472,8,1,4,254,16,4,258,8,2,1,10
10552.2,1625082247143,50.009276149,1,0,0,5,10,4,5,74,2,0,0,0,46,67,6266533,0,25,2,116,12967,2135583,20653,0,1,193306,139709,52468,53485,20106,10953,20197,10520,58,1095,1095,33,36326,17329,21773969,2248,68,428,2820,4378542,4378455,102,118,67,83,151,6266303,4164098,89,118,3002,322,1167,0,79,0,917,7889260,2857,0,470,8,1,4,232,13,4,236,8,2,1,10
10602.2,1625082304051,50.008660418,1,0,0,5,10,4,5,90,2,0,0,0,30,43,6336222,0,25,2,116,21096,2186628,20583,0,1,193943,140760,58069,58107,23155,13228,21075,10835,58,1092,1092,37,40649,20040,22172017,2235,74,427,2825,4398903,4398793,102,118,74,86,164,6335828,4179182,94,125,3007,328,1187,0,87,0,920,7927770,2863,0,460,8,1,4,230,13,4,234,8,2,1,10
10652.2,1625082361456,50.009225163,1,0,0,5,10,4,5,84,2,0,0,0,0,58,6227449,0,26,2,116,14921,2063088,20533,0,1,196444,142213,60410,61248,24132,13674,24175,13480,58,1096,1096,37,43909,20951,21469947,2245,82,425,2824,4419852,4419752,102,118,80,93,172,6227297,4194891,94,131,3172,329,1407,0,93,0,922,7741886,2811,0,455,8,1,4,270,16,4,274,8,2,1,10
10702.2,1625082418286,50.008845811,1,0,0,5,10,4,5,94,2,0,0,0,60,77,6541290,0,27,2,116,6264,2398826,21300,0,1,196659,142472,60465,61176,24127,13455,24132,13511,58,1093,1093,37,43912,20932,23409633,2237,81,428,2824,4398336,4398236,102,118,80,95,172,6541122,4173760,94,131,3160,329,1401,0,94,0,921,8259667,3033,0,496,8,1,4,269,16,4,273,8,2,1,10
10752.2,1625082474715,50.009186612,1,0,0,5,10,4,5,76,2,0,0,0,8,62,6291045,0,25,2,118,8365,2154509,20055,0,1,192690,139270,54419,55271,20510,11113,20595,10992,59,1088,1088,33,37140,17569,21864337,2234,73,424,2819,4385373,4385284,104,120,71,83,160,6290869,4169790,93,123,2985,319,1159,0,83,0,916,7874000,2721,0,439,8,1,4,224,13,4,228,8,2,1,10
10802.2,1625082531392,50.011791472,1,0,0,5,10,4,5,80,2,0,0,0,11,62,6406798,0,25,2,116,8373,2239741,20724,0,1,195582,141514,58713,59668,23852,14424,23923,13795,58,1093,1093,33,42951,20740,22497914,2245,76,426,2826,4422258,4422155,102,118,74,89,164,6406515,4200033,93,125,3170,336,1403,0,86,0,919,8044911,2813,0,468,8,1,4,253,16,4,257,8,2,1,10
10852.2,1625082588405,50.008744208,1,0,0,5,10,4,5,90,2,0,0,0,12,44,6565896,0,35,2,116,9878,2419167,21379,0,1,195811,141724,60338,60871,24338,13552,24362,13354,58,1137,1138,60,43757,21116,23535721,2279,84,430,2828,4404578,4404458,102,119,83,95,174,6565458,4180772,94,134,3211,341,1433,11,95,2,955,8317070,2900,0,491,8,1,4,261,16,4,265,8,2,1,10
10902.2,1625082645590,50.009513458,1,0,0,5,10,4,5,74,2,0,0,0,2,59,6186272,0,29,2,116,10997,2044322,20356,0,1,194209,140383,57474,58807,21033,11094,23709,13197,58,1105,1105,37,39489,17965,21278557,2261,82,426,5380,4395609,4395496,102,118,82,97,175,6186204,4172977,94,134,3044,327,1199,0,95,0,926,7624909,2744,0,465,8,1,4,264,16,4,268,8,2,1,10
10952.2,1625082702578,50.009231434,1,0,0,5,10,4,5,80,2,0,0,0,68,49,6741441,0,25,2,116,8735,2571292,21557,0,1,193947,140358,55675,56537,20665,10582,20727,10330,58,1095,1095,37,37925,17693,24458116,2240,75,429,2818,4418313,4418219,102,118,73,88,164,6741264,4200936,94,125,2991,316,1162,0,87,0,924,8561989,2995,0,484,8,1,4,233,13,4,237,8,2,1,10
11002.2,1625082759064,50.009320494,1,0,0,5,10,4,5,102,2,0,0,0,18,78,6329015,0,26,2,116,21221,2175551,20847,0,1,196007,141935,59963,60893,23974,13703,24065,13292,58,1095,1095,37,43687,20875,22092910,2241,79,426,2824,4408983,4408892,102,118,76,90,168,6328903,4184889,94,127,3162,329,1405,0,89,0,921,7853735,2847,0,463,8,1,4,260,16,4,264,8,2,1,10
11052.2,1625082815945,50.008661885,1,0,0,5,10,4,5,81,2,0,0,0,64,46,6533407,0,25,2,116,7764,2379439,21552,0,1,196376,142164,58611,59052,23834,14077,23829,13890,58,1088,1088,35,43025,20735,23301369,2230,74,429,2824,4409548,4409445,102,118,74,86,165,6533071,4187081,93,125,3153,329,1399,0,86,0,914,8224800,3025,0,492,8,1,4,253,16,4,257,8,2,1,10
11102.2,1625082873185,50.008750556,1,0,0,5,10,4,5,70,2,0,0,0,28,47,6483609,0,34,2,116,5452,2315261,20857,0,1,193165,139691,55707,56368,20895,11815,20902,11275,58,1136,1137,60,37719,17832,22914125,2277,77,426,2822,4417966,4417868,102,117,76,88,166,6483399,4201104,94,128,3035,328,1190,11,89,2,954,8181493,2827,0,456,8,1,4,232,13,4,236,8,2,1,10
11152.2,1625082929859,50.009855504,1,0,0,5,10,4,5,70,2,0,0,0,18,45,6556007,0,25,2,116,8013,2386761,20990,0,1,193366,139800,55025,55697,20665,11212,20667,11087,58,1092,1092,33,37369,17671,23346556,2243,76,426,2820,4418178,4418085,102,118,75,87,164,6555794,4201896,93,127,3003,323,1169,0,87,0,918,8342866,2788,0,461,8,1,4,219,13,4,223,8,2,1,10
11202.2,1625082986282,50.009483869,1,0,0,5,10,4,5,91,2,0,0,0,14,49,6468009,0,27,2,116,8233,2306280,21411,0,1,195948,141791,59245,60277,23976,13232,24105,13134,58,1094,1094,33,43199,20829,22902152,2246,79,426,2826,4416474,4416369,102,118,78,91,168,6467857,4193708,93,129,3171,336,1404,0,90,0,923,8114990,2890,0,472,8,1,4,268,16,4,272,8,2,1,10
11252.2,1625083042434,50.008730179,1,0,0,5,10,4,5,104,2,0,0,0,30,64,6605261,0,36,2,116,14485,2416590,21784,0,1,196435,142225,59928,60603,24015,13674,24038,13449,58,1094,1094,37,43642,20847,23626904,2238,76,427,2824,4439431,4439321,102,118,76,92,168,6604862,4215127,94,127,3177,329,1409,0,90,0,926,8348695,2915,0,480,8,1,4,252,16,4,256,8,2,1,10
11302.2,1625083099370,50.009281664,1,0,0,5,10,4,5,78,2,0,0,0,2,51,6470678,0,26,2,116,4300,2248848,21210,0,1,196256,142070,59921,60757,23945,14081,24010,13575,58,1097,1097,37,43657,20821,22666914,2245,78,425,2824,4476992,4476895,102,118,76,89,168,6470476,4252630,94,127,3167,329,1402,0,89,0,917,8127617,2829,0,452,8,1,4,252,16,4,256,8,2,1,10
11352.2,1625083156038,50.010434784,1,0,0,5,10,4,5,66,2,0,0,0,2,34,6403705,0,31,2,116,9266,2209811,20562,0,1,193083,139591,56602,56964,21059,11280,20939,11181,58,1132,1133,60,38220,18002,22340368,2269,79,425,5380,4446752,4446650,102,118,77,88,167,6403488,4226935,94,127,3026,322,1188,11,90,2,955,7975872,2774,0,435,8,1,4,227,13,4,231,8,2,1,10
11402.2,1625083213083,50.012425720,1,0,0,5,10,4,5,90,2,0,0,0,16,55,6681946,0,25,2,116,9188,2470260,21532,0,1,196039,141855,58769,59684,23878,13731,23947,13229,58,1090,1090,33,42946,20756,23991138,2239,76,430,2826,4464563,4464470,102,117,75,86,164,6681673,4241796,93,125,3164,336,1403,0,86,0,917,8502245,2840,0,462,8,1,4,254,16,4,258,8,2,1,10
11452.2,1625083270216,50.011696287,1,0,0,5,10,4,5,84,2,0,0,0,9,84,6292563,0,25,2,116,15194,2158417,20364,0,1,195698,141623,59253,60068,24007,13988,24068,13859,58,1090,1090,33,43153,20848,21950830,2238,80,425,2826,4389907,4389799,102,118,78,90,168,6292272,4167069,93,129,3168,336,1411,0,90,0,917,7857265,2800,0,454,8,1,4,254,16,4,258,8,2,1,10
11502.2,1625083326976,50.009259981,1,0,0,5,10,4,5,80,2,0,0,0,12,62,6411041,0,25,2,116,7449,2227841,21285,0,1,195928,141777,58826,59633,23825,13261,23904,13417,58,1092,1092,33,42975,20754,22463237,2243,76,426,2826,4436686,4436584,102,118,74,87,164,6410899,4213930,93,125,3171,336,1406,0,87,0,914,7941101,2859,0,463,7,1,4,256,16,4,260,7,2,1,9
11552.2,1625083383863,50.008734950,1,0,0,5,10,4,5,64,2,0,0,0,40,72,6400506,0,25,2,116,22015,2258990,20494,0,1,191982,138940,55803,56063,20651,11559,20605,11339,58,1087,1087,37,37871,17668,22528066,2225,74,423,2818,4390528,4390424,102,117,73,83,164,6400071,4174135,94,125,2974,316,1160,0,86,0,912,7924183,2791,0,454,7,1,4,235,13,4,239,7,2,1,9
11602.2,1625083440511,50.009028736,1,0,0,5,10,4,5,90,2,0,0,0,12,49,6458452,0,25,2,116,5537,2282389,20976,0,1,194732,141304,58170,58598,23122,13008,21158,10804,58,1093,1093,37,40691,20067,22742469,2237,75,424,2824,4428363,4428267,102,118,74,88,164,6458237,4207727,94,125,3007,324,1184,0,87,0,919,7966272,2804,0,448,8,1,4,225,13,4,229,8,2,1,10
11652.2,1625083497161,50.012126288,1,0,0,5,10,4,5,86,2,0,0,0,3,48,6542957,0,33,2,116,13780,2328188,21512,0,1,194938,141182,61214,61994,24317,13803,24403,13512,58,1131,1132,64,44240,21109,23155763,2259,82,426,2826,4468971,4468862,102,118,81,94,174,6542648,4244446,95,132,3185,333,1428,11,94,2,950,8198564,2858,0,461,8,1,4,256,16,4,260,8,2,1,10
11702.2,1625083554245,50.009191774,1,0,0,5,10,4,5,95,2,0,0,0,20,55,6254510,0,26,2,118,11323,2128680,20312,0,1,194723,140939,59300,60112,24007,13579,24069,13261,59,1083,1083,33,43128,20861,21769201,2225,80,423,2826,4377476,4377353,104,120,78,90,168,6254291,4155401,93,129,3159,336,1408,0,90,0,916,7794436,2875,0,447,8,1,4,259,16,4,263,8,2,1,10
11752.2,1625083610850,50.009093697,1,0,0,5,10,4,5,66,2,0,0,0,6,54,6294884,0,28,2,116,15767,2173369,19936,0,1,192141,138895,54636,55484,20509,11147,20581,10898,58,1088,1088,33,37128,17571,22004912,2235,72,423,2820,4366578,4366487,102,117,71,84,160,6294672,4151244,93,123,2987,326,1162,0,84,0,919,7886017,2718,0,419,8,1,4,230,13,4,234,8,2,1,10
11802.2,1625083668007,50.009194578,1,0,0,5,10,4,5,82,2,0,0,0,80,71,6771175,0,29,2,116,9226,2598559,21361,0,1,194822,141095,58792,59689,23850,13354,23918,13544,58,1087,1087,33,42933,20752,24664275,2233,76,425,2826,4425299,4425194,102,118,74,90,164,6770927,4204079,93,125,3162,337,1405,0,86,0,921,8688314,2996,0,470,8,1,4,264,16,4,268,8,2,1,10
11852.2,1625083724745,50.008717028,1,0,0,5,10,4,5,84,2,0,0,0,10,59,6434011,0,29,2,116,11007,2273202,21529,0,1,196632,142372,60558,61200,24168,13392,24190,13449,58,1100,1100,37,43869,20952,22701249,2251,81,426,2825,4417112,4417006,102,116,80,94,172,6433612,4191880,94,131,3175,333,1404,0,93,0,926,8053937,2891,0,453,8,1,4,256,16,4,260,8,2,1,10
11902.2,1625083782066,50.009291884,1,0,0,5,10,4,5,90,2,0,0,0,28,63,6412238,0,32,2,118,8396,2254047,21307,0,1,196427,142278,60858,61643,24221,14242,24260,13859,59,1139,1140,64,44073,21043,22592162,2274,79,431,2826,4411642,4411543,104,119,77,90,170,6412052,4185990,95,128,3202,333,1429,11,91,2,957,8120417,2905,0,450,8,1,4,245,16,4,249,8,2,1,10
11952.2,1625083839110,50.010674058,1,0,0,5,10,4,5,70,2,0,0,0,27,52,6316956,0,25,2,116,15538,2165735,20344,0,1,193492,140014,56410,57295,20835,11248,20907,10898,58,1094,1094,37,38097,17791,22016414,2238,79,426,2818,4400549,4400453,102,117,77,90,168,6316852,4182264,94,129,2994,316,1165,0,90,0,921,7897551,2828,0,451,8,1,4,232,13,4,236,8,2,1,10
12002.2,1625083895661,50.009337123,1,0,0,5,10,4,5,90,2,0,0,0,60,58,6449755,0,27,2,116,12954,2321362,21291,0,1,196092,141958,58651,59560,23837,13952,23901,13859,58,1089,1089,33,42936,20764,22933372,2236,75,428,5384,4385273,4385182,102,118,74,87,164,6449602,4160452,93,125,3158,329,1399,0,87,0,916,8118611,3000,0,496,8,1,4,256,16,4,260,8,2,1,10
12052.2,1625083952347,50.009469140,1,0,0,5,10,4,5,80,2,0,0,0,16,33,6392369,0,39,2,116,15566,2280836,20828,0,1,194653,140882,58891,59601,24776,14836,23878,13701,58,1086,1086,33,42942,21669,22654314,2230,74,422,2826,4365828,4365727,102,117,74,86,164,6392186,4144193,93,125,3171,336,1405,0,86,0,917,8021095,2816,0,460,8,1,4,255,16,4,259,8,2,1,10
12102.2,1625084009325,50.009862950,1,0,0,5,10,4,5,64,2,0,0,0,24,35,6345447,0,25,2,116,15410,2217161,20422,0,1,192860,139404,55211,56273,20620,10989,23217,13166,58,1091,1091,33,37880,17626,22285763,2241,72,425,2820,4373774,4373670,102,119,72,85,163,6344913,4157486,93,124,3005,326,1189,0,84,0,917,7858729,2805,0,461,8,1,4,255,16,4,259,8,2,1,10
12152.2,1625084066011,50.009323465,1,0,0,5,10,4,5,64,2,0,0,0,0,42,6166312,0,33,2,116,7763,2042877,20401,0,1,193784,140203,56760,57659,20889,10744,20960,10300,58,1145,1146,64,38315,17867,21244478,2286,75,426,2822,4367649,4367552,102,118,74,90,166,6166115,4148395,95,126,3046,327,1198,11,88,2,961,7587723,2795,0,425,8,1,4,243,13,4,247,8,2,1,10
12202.2,1625084122817,50.012907472,1,0,0,5,10,4,5,96,2,0,0,0,1,29,6315951,0,27,2,116,11615,2210529,20891,0,1,195652,141692,60544,61053,24157,13738,24183,13229,58,1096,1096,37,43911,20948,22201665,2243,81,427,2824,4362842,4362719,102,118,80,93,172,6315141,4138385,94,131,3164,329,1411,0,93,0,921,7900798,2753,0,480,8,1,4,268,16,4,272,8,2,1,10
12252.2,1625084179586,50.009242868,1,0,0,5,10,4,5,92,2,0,0,0,16,37,6373558,0,26,2,116,5631,2264153,20866,0,1,195771,141836,62312,63156,24562,13653,24608,13260,58,1092,1092,37,44684,21238,22539456,2235,90,424,2824,4365675,4365566,102,118,88,102,183,6373389,4140309,96,140,3167,331,1418,0,102,0,921,7950715,2836,0,494,8,1,4,267,16,4,271,8,2,1,10
12302.2,1625084235913,50.009472427,1,0,0,5,10,4,5,74,2,0,0,0,0,47,6201201,0,25,2,116,11452,2082244,20080,0,1,194118,140330,57462,58749,23330,13637,23807,13481,58,1082,1082,33,42161,20294,21465856,2221,74,422,2819,4371082,4370982,102,118,73,87,164,6201080,4150774,93,125,3124,321,1380,0,86,0,905,7716589,2721,0,445,7,1,4,257,16,4,261,7,2,1,9
12352.2,1625084292794,50.008760857,1,0,0,5,10,4,5,64,2,0,0,0,2,61,6489270,0,25,2,116,10488,2328270,20764,0,1,192401,139089,54614,55293,20528,10927,20525,10646,58,1087,1087,33,37164,17567,22984065,2233,72,423,2820,4406151,4406056,102,118,71,83,160,6488908,4190499,93,123,2989,323,1167,0,83,0,918,8219944,2740,0,455,8,1,4,230,13,4,234,8,2,1,10
12402.2,1625084350040,50.010512516,1,0,0,5,10,4,5,80,2,0,0,0,5,48,6321843,0,25,2,116,8241,2149152,20636,0,1,195547,141507,58815,59755,23846,13327,23944,13197,58,1092,1092,33,42985,20774,21992448,2243,76,425,2826,4424461,4424368,102,118,74,88,164,6321760,4201979,93,125,3166,336,1410,0,87,0,921,7876576,2788,0,455,8,1,4,246,16,4,250,8,2,1,10
12452.2,1625084407682,50.008787080,1,0,0,5,10,4,5,80,2,0,0,0,4,47,6149481,0,32,2,116,8870,2059723,20233,0,1,195072,141184,59499,60169,24049,13293,24041,13166,58,1133,1134,60,43378,20922,21276380,2268,76,427,5388,4348088,4347984,102,118,75,88,166,6149130,4122402,94,126,3201,341,1440,11,87,2,947,7670307,2804,0,480,8,1,4,274,16,4,278,8,2,1,10
12502.2,1625084464420,50.009313397,1,0,0,5,10,4,5,86,2,0,0,0,0,39,6479930,0,25,2,116,6526,2358352,20244,0,1,193680,140116,56387,57216,20809,10840,20880,10646,58,1094,1094,37,38122,17779,23092203,2239,78,426,2818,4370941,4370847,102,118,77,90,168,6479782,4152168,94,129,2994,316,1173,0,91,0,929,8196226,2712,0,444,8,1,4,235,13,4,239,8,2,1,10
12552.2,1625084521684,50.010956765,1,0,0,5,10,4,5,80,2,0,0,0,35,49,6176196,0,25,2,116,8691,2129752,20598,0,1,196481,142319,60135,61155,24004,13641,24089,13544,58,1093,1093,37,43695,20863,21598829,2237,79,426,2824,4303907,4303813,102,118,76,93,168,6176026,4079024,94,127,3157,329,1407,0,89,0,927,7702395,2870,0,489,8,1,4,262,16,4,266,8,2,1,10
12602.2,1625084578110,50.011607156,1,0,0,5,10,4,5,80,2,0,0,0,19,46,6522216,0,27,2,116,4419,2374092,21232,0,1,196179,142086,60068,60880,23978,13421,24053,13543,58,1095,1095,37,43697,20870,23268692,2240,77,426,2824,4402809,4402705,102,118,76,89,168,6521903,4178141,94,127,3164,329,1412,0,89,0,928,8191765,2880,0,490,8,1,4,263,16,4,267,8,2,1,10
12652.2,1625084634804,50.008761248,1,0,0,5,10,4,5,92,2,0,0,0,14,77,6637242,0,25,2,118,14401,2458578,21048,0,1,195563,141543,58956,59649,25911,15402,26872,16001,59,1092,1092,33,43009,22797,23843951,2243,74,425,2827,4432468,4432366,104,120,74,87,164,6636880,4209199,93,125,3167,336,1413,0,87,0,918,8446028,2822,0,475,8,1,4,264,16,4,268,8,2,1,10
12702.2,1625084691937,50.008740950,1,0,0,5,10,4,5,70,2,0,0,0,56,59,6660819,0,33,2,116,18897,2529767,21213,0,1,193816,140206,55789,56430,20875,10808,20873,10646,58,1137,1138,60,37722,17827,24128511,2279,77,432,2822,4381573,4381471,102,118,76,89,166,6660468,4164116,94,128,3039,327,1187,11,89,2,959,8387735,2968,0,484,8,1,4,241,13,4,245,8,2,1,10
12752.2,1625084749343,50.010355563,1,0,0,5,10,4,5,103,2,0,0,0,57,62,6625223,0,29,2,116,7820,2467068,21575,0,1,196162,142058,60236,60800,24295,13806,24313,13669,58,1093,1093,33,43559,21029,23844916,2242,87,427,2826,4412394,4412273,102,118,86,99,176,6624852,4188840,93,137,3178,337,1410,0,98,0,923,8353033,3009,0,498,8,1,4,261,16,4,265,8,2,1,10
12802.2,1625084805849,50.010569467,1,0,0,5,10,4,5,89,2,0,0,0,81,46,6643806,0,27,2,116,13878,2506317,21603,0,1,196636,142500,60590,61361,24183,14023,24239,13985,58,1095,1095,37,43931,20974,24044277,2240,82,429,2825,4393512,4393408,102,117,80,94,172,6643601,4168831,94,131,3162,332,1400,0,94,0,923,8421113,3126,0,517,8,1,4,249,16,4,253,8,2,1,10
12852.2,1625084863022,50.009111590,1,0,0,5,10,4,5,69,2,0,0,0,46,41,6485707,0,39,2,116,7439,2327471,21009,0,1,194495,140476,58623,59608,23042,13325,23840,13544,58,1091,1091,37,42415,19937,22995692,2232,76,427,2819,4412464,4412368,102,118,75,89,168,6485520,4190174,94,127,3150,321,1381,0,88,0,912,8004947,2889,0,478,8,1,4,255,16,4,259,8,2,1,10
12902.2,1625084920460,50.008955846,1,0,0,5,10,4,5,70,2,0,0,0,2,56,6246204,0,27,2,116,10172,2119034,20452,0,1,192654,139365,56327,56968,20832,11375,20852,11338,58,1090,1090,37,38113,17800,21667878,2230,78,423,2818,4376463,4376359,102,118,77,90,168,6245790,4158931,94,129,2983,316,1161,0,90,0,921,7706690,2737,0,459,8,1,4,238,13,4,242,8,2,1,10
12952.2,1625084977546,50.009584637,1,0,0,5,10,4,5,91,2,0,0,0,64,67,6446494,0,32,2,116,12110,2367635,21795,0,1,196518,142416,60796,61505,24222,13992,24229,13701,58,1137,1138,64,44021,21022,23070542,2271,78,432,2826,4336666,4336566,102,118,77,93,170,6446342,4111804,95,128,3197,333,1435,11,91,2,966,8126754,3043,0,495,8,1,4,257,16,4,261,8,2,1,10
13002.2,1625085034227,50.009557706,1,0,0,5,10,4,5,86,2,0,0,0,12,69,6227956,0,25,2,116,7924,2142301,20314,0,1,196020,141865,59353,60251,23990,13925,24049,13701,58,1093,1093,33,43167,20840,21757019,2245,80,426,2826,4340578,4340478,102,118,78,93,168,6227801,4117383,93,129,3176,336,1412,0,91,0,919,7745628,2794,0,470,8,1,4,248,16,4,252,8,2,1,10
13052.2,1625085091106,50.010397296,1,0,0,5,10,4,5,63,2,0,0,0,6,56,6646816,0,27,2,116,6350,2492051,20862,0,1,193504,139808,55247,56699,20612,11242,23269,13386,58,1092,1092,33,37405,17664,23957770,2242,73,425,2820,4403127,4403027,102,118,72,86,162,6646535,4186079,93,124,3014,326,1179,0,84,0,919,8248735,2799,0,467,8,1,4,248,16,4,252,8,2,1,10
13102.2,1625085147737,50.008632589,1,0,0,5,10,4,5,68,2,0,0,0,18,39,6301543,0,30,2,116,3469,2172125,20697,0,1,193272,139728,55033,55522,20652,11247,20661,10898,58,1093,1093,33,37363,17661,21985812,2245,75,426,5380,4380657,4380561,102,117,75,88,164,6301109,4161936,93,128,3001,324,1161,0,87,0,917,7865417,2775,0,432,7,1,4,244,13,4,248,7,2,1,9
13152.2,1625085204376,50.009224856,1,0,0,5,10,4,5,90,2,0,0,0,18,59,6395824,0,25,2,116,13470,2275170,20535,0,1,195067,141195,58002,58822,23585,13635,23655,13323,58,1093,1093,37,42827,20594,22633522,2236,74,423,2824,4373305,4373207,102,118,72,84,159,6395632,4151368,90,122,3158,328,1401,0,84,0,920,8057179,2818,0,474,8,1,4,246,16,4,250,8,2,1,10
13202.2,1625085261165,50.009141527,1,0,0,5,10,4,5,78,2,0,0,0,46,68,6537711,0,26,2,116,17186,2402085,21083,0,1,196611,142412,60075,60997,24007,13582,24099,13355,58,1093,1093,37,43708,20867,23425725,2237,78,428,2824,4390433,4390335,102,118,76,91,168,6537569,4165820,94,127,3159,329,1402,0,89,0,923,8284321,2879,0,476,8,1,4,267,16,4,271,8,2,1,10
13252.2,1625085318284,50.009558484,1,0,0,5,10,4,5,64,2,0,0,0,6,36,6065628,0,27,2,116,4024,1978837,19702,0,1,193729,140056,56409,57389,20720,11308,23301,13481,58,1093,1093,37,38177,17741,20732969,2235,75,429,2818,4338603,4338503,102,118,74,90,167,6065050,4120045,94,126,3005,319,1179,0,88,0,918,7222767,2738,0,460,8,1,4,245,16,4,249,8,2,1,10
13302.2,1625085375208,50.008928262,1,0,0,5,10,4,5,96,2,0,0,0,22,41,6547365,0,25,2,116,3675,2425895,20690,0,1,195058,141440,56582,56829,21852,11812,20885,10772,58,1092,1092,33,38817,18767,23516872,2243,77,426,2825,4367789,4367693,102,118,76,87,164,6547032,4149013,93,127,3021,331,1191,0,88,0,919,8300343,2771,0,437,8,1,4,238,13,4,242,8,2,1,10
13352.2,1625085432600,50.010355185,1,0,0,5,10,4,5,109,2,0,0,0,71,46,6277706,0,25,2,116,8102,2192758,20914,0,1,196208,142064,58783,59514,23871,13920,23876,13512,58,1091,1091,33,42911,20748,22032688,2240,75,428,2826,4339392,4339300,102,118,74,89,164,6277614,4116610,93,125,3166,336,1404,0,86,0,918,7603001,3013,0,484,8,1,4,269,16,4,273,8,2,1,10
13402.2,1625085489717,50.009202607,1,0,0,5,10,4,5,96,2,0,0,0,8,47,6306863,0,25,2,118,7209,2182460,20589,0,1,195924,141753,58800,59618,23858,13448,23903,13323,59,1091,1091,33,42917,20754,22054138,2240,76,426,2826,4378221,4378123,104,120,74,86,164,6306657,4155255,93,125,3167,336,1406,0,86,0,917,7859118,2816,0,469,8,1,4,261,16,4,265,8,2,1,10
13452.2,1625085546412,50.009154250,1,0,0,5,10,4,5,64,2,0,0,0,22,44,6264537,0,25,2,116,23599,2147395,20381,0,1,193832,140155,54845,55373,20573,11181,20515,11087,58,1101,1101,37,37593,17628,21840149,2253,74,427,2819,4365598,4365498,102,116,72,82,159,6264290,4148286,92,122,3006,318,1170,0,85,0,925,7832136,2761,0,438,8,1,4,221,13,4,225,8,2,1,10
13502.2,1625085603454,50.009199577,1,0,0,5,10,4,5,80,2,0,0,0,4,40,6333134,0,31,2,116,14351,2189629,20876,0,1,195997,142115,60019,60300,24104,13708,21581,11024,58,1143,1144,64,42917,20976,22199922,2283,78,431,2826,4393497,4393401,102,118,76,90,167,6332897,4169610,95,127,3123,329,1307,11,90,2,955,7956743,2862,0,447,8,1,4,239,13,4,243,8,2,1,10
13552.2,1625085659847,50.015674740,1,0,0,5,10,4,5,118,2,0,0,0,26,85,6443084,0,27,2,116,9990,2282811,20818,0,1,196501,142344,61002,61889,24305,13682,24366,13355,58,1096,1096,37,44121,21051,22755572,2243,86,426,2824,4415993,4415888,102,118,85,97,176,6442843,4190682,94,135,3170,329,1414,0,97,0,920,8099293,2832,0,471,8,1,4,259,16,4,263,8,2,1,10
13602.2,1625085716923,50.009137501,1,0,0,5,10,4,5,80,2,0,0,0,56,60,6563378,0,25,2,116,10660,2448194,20902,0,1,196053,141949,58713,59611,23872,14205,23934,13859,58,1090,1090,33,42966,20773,23649588,2239,76,428,2825,4370414,4370316,102,118,74,87,164,6563222,4148252,93,125,3165,333,1413,0,86,0,922,8357770,2957,0,498,8,1,4,250,16,4,254,8,2,1,10
13652.2,1625085773870,50.009319408,1,0,0,201,246,18319,54,20264,34,0,0,0,26,197,6345859,0,100,18080,260,10912,2262035,31193,18836,3,197759,142557,158050,161188,80100,57705,80121,56128,130,1950,1950,33,87725,72054,23110820,3956,237,535,2898,4396943,4396658,146,161,235,281,367,6345620,4124237,211,329,4837,384,2184,20,279,4,6035,7870995,3140,0,573,157,7,5,19253,21,17905,37158,11,2,1,13
13702.2,1625085830698,50.009291427,1,0,0,11,46,8,138,141,121,0,0,0,2,56,6320238,0,29,5,616,17236,2159336,20451,13,3,195025,141396,57162,57487,21596,11474,20948,10741,308,1096,1096,33,38785,18518,22171592,2251,82,432,2825,4406271,4406169,74,84,80,91,168,6320044,4191237,93,131,3027,332,1193,0,95,0,921,7916771,2989,0,556,8,3,21,240,13,5,245,8,11,9,14
13752.2,1625085887306,50.009268211,1,0,0,6,13,4,7,138,2,0,0,0,0,45,6261369,0,32,2,124,5802,2121521,21380,0,1,196371,142170,60927,61680,24200,13770,24263,13512,62,1143,1144,64,44025,21042,21782727,2283,79,430,5387,4395546,4395446,102,118,77,91,170,6261158,4167497,95,128,3208,337,1439,11,91,2,959,7726167,2859,0,455,7,1,7,257,15,3,260,7,2,1,9
13802.2,1625085944115,50.009000983,1,0,0,5,10,4,5,99,2,0,0,0,8,74,6287500,0,25,2,116,9204,2148412,20824,0,1,196384,142208,60568,61323,24167,13644,24217,13638,58,1092,1092,37,43906,20966,21904652,2235,81,425,2824,4395299,4395202,102,118,80,94,172,6287366,4170359,94,131,3164,329,1417,0,93,0,918,7801947,2849,0,465,8,1,4,263,16,4,267,8,2,1,10
13852.2,1625086001738,50.008817180,1,0,0,5,10,4,5,94,2,0,0,0,16,44,6420209,0,27,2,116,6672,2253676,20622,0,1,192825,139524,56340,56959,20817,11469,20835,11182,58,1095,1095,37,38102,17785,22541312,2241,78,424,2818,4415471,4415358,102,118,77,91,168,6419830,4197919,94,129,2991,316,1169,0,91,0,917,8089767,2817,0,457,8,1,4,238,13,4,242,8,2,1,10
13902.2,1625086058834,50.009074462,1,0,0,5,10,4,5,93,2,0,0,0,24,69,6365697,0,26,2,116,9113,2209359,20816,0,1,196155,142051,60096,60931,23993,13987,24062,13607,58,1094,1094,37,43636,20850,22288871,2239,77,426,2824,4413402,4413302,102,118,76,89,168,6365453,4189037,94,127,3162,329,1402,0,89,0,922,7906914,2890,0,463,8,1,4,262,16,4,266,8,2,1,10
13952.2,1625086116447,50.009174637,1,0,0,5,10,4,5,95,2,0,0,0,32,67,6426362,0,25,2,118,3672,2295675,20868,0,1,195855,141727,58699,59510,23851,13732,23911,13449,59,1088,1088,33,42954,20764,22760796,2235,75,427,5385,4386770,4386673,102,118,74,88,164,6426140,4162050,93,125,3158,333,1402,0,86,0,920,7842576,2946,0,475,4,1,4,257,16,4,261,2,2,1,3
14002.2,1625086173508,50.010313644,1,0,0,5,10,4,5,76,2,0,0,0,0,34,6289996,0,33,2,116,13351,2169602,20339,0,1,194014,140030,55927,57414,20829,11149,23502,13355,58,1140,1141,60,38714,17833,21954298,2282,74,427,2822,4373557,4373463,102,118,73,89,165,6289800,4155135,94,125,3111,331,1284,11,85,2,955,7910025,2810,0,469,8,1,4,256,16,4,260,8,2,1,10
14052.2,1625086229539,50.009357772,1,0,0,5,10,4,5,86,2,0,0,0,20,37,6392987,0,25,2,116,6881,2255421,19853,0,1,193215,139660,54507,55357,20496,11746,20566,11496,58,1090,1090,33,37178,17570,22494767,2239,73,426,2820,4386662,4386576,102,117,71,84,160,6392837,4171066,93,123,2990,323,1160,0,84,0,922,8075757,2781,0,451,8,1,4,234,13,4,238,8,2,1,10
14102.2,1625086285872,50.009280420,1,0,0,5,10,4,5,92,2,0,0,0,20,67,6190861,0,25,2,116,14159,2071188,21174,0,1,194365,140757,59986,60850,24020,13703,24082,13355,58,1085,1085,37,43698,20874,21439050,2221,78,421,2825,4371208,4371106,102,118,76,89,168,6190689,4148414,94,127,3142,332,1403,0,89,0,919,7696308,2859,0,474,8,1,4,271,16,4,275,8,2,1,10
14152.2,1625086342673,50.009156551,1,0,0,5,10,4,5,107,2,0,0,0,24,50,6470787,0,25,2,116,8079,2297150,21300,0,1,196294,142115,59895,60631,23982,13484,24028,13134,58,1092,1092,37,43661,20852,22864983,2234,77,426,2824,4428413,4428315,102,118,76,89,168,6470566,4204307,94,127,3157,329,1401,0,89,0,923,8102610,2905,0,474,8,1,4,252,16,4,256,8,2,1,10
14202.2,1625086399783,50.008712745,1,0,0,5,10,4,5,92,2,0,0,0,2,59,6465138,0,25,2,116,9517,2306387,20652,0,1,194567,140858,59942,60461,24954,14649,24012,13827,58,1087,1087,37,43653,21798,22907847,2224,76,421,2824,4411098,4410994,102,118,76,89,168,6464786,4188170,94,127,3144,329,1401,0,90,0,916,8109233,2749,0,455,8,1,4,255,16,4,259,8,2,1,10
14252.2,1625086457049,50.009210198,1,0,0,5,10,4,5,74,2,0,0,0,8,59,6112727,0,25,2,116,10166,1980969,19908,0,1,192462,139101,54451,55233,20537,11367,20610,10930,58,1090,1090,33,37214,17595,20857233,2239,72,424,2819,4377631,4377536,102,118,71,84,160,6112538,4162207,93,123,2998,320,1173,0,84,0,915,7520096,2755,0,450,4,1,4,221,13,4,225,2,2,1,3
14302.2,1625086514054,50.008946112,1,0,0,5,10,4,5,94,2,0,0,0,18,57,6414637,0,32,2,116,23145,2238646,21187,0,1,196217,141990,59424,60043,24078,13483,24054,13386,58,1140,1141,60,43431,20929,22562654,2285,75,431,2828,4428224,4428123,102,118,75,88,166,6414283,4204743,94,126,3214,340,1434,11,87,2,954,8051446,2911,0,481,8,1,4,265,16,4,269,8,2,1,10
