time,timestamp,seconds,connectivity,alarmtimer:alarmtimer_fired,alarmtimer:alarmtimer_start,block:block_bio_backmerge,block:block_bio_remap,block:block_dirty_buffer,block:block_getrq,block:block_touch_buffer,block:block_unplug,cachefiles:cachefiles_create,cachefiles:cachefiles_lookup,cachefiles:cachefiles_mark_active,clk:clk_set_rate,cpu-migrations,cs,dma_fence:dma_fence_init,fib:fib_table_lookup,filemap:mm_filemap_add_to_page_cache,gpio:gpio_value,ipi:ipi_raise,irq:irq_handler_entry,irq:softirq_entry,jbd2:jbd2_handle_start,jbd2:jbd2_start_commit,kmem:kfree,kmem:kmalloc,kmem:kmem_cache_alloc,kmem:kmem_cache_free,kmem:mm_page_alloc,kmem:mm_page_alloc_zone_locked,kmem:mm_page_free,kmem:mm_page_pcpu_drain,mmc:mmc_request_start,net:net_dev_queue,net:net_dev_xmit,net:netif_rx,page-faults,pagemap:mm_lru_insertion,preemptirq:irq_enable,qdisc:qdisc_dequeue,random:get_random_bytes,random:mix_pool_bytes_nolock,random:urandom_read,raw_syscalls:sys_enter,raw_syscalls:sys_exit,rpm:rpm_resume,rpm:rpm_suspend,sched:sched_process_exec,sched:sched_process_free,sched:sched_process_wait,sched:sched_switch,sched:sched_wakeup,signal:signal_deliver,signal:signal_generate,skb:consume_skb,skb:kfree_skb,skb:skb_copy_datagram_iovec,sock:inet_sock_set_state,task:task_newtask,tcp:tcp_destroy_sock,tcp:tcp_probe,timer:hrtimer_start,timer:timer_start,udp:udp_fail_queue_rcv_skb,workqueue:workqueue_activate_work,writeback:global_dirty_state,writeback:sb_clear_inode_writeback,writeback:wbc_writepage,writeback:writeback_dirty_inode,writeback:writeback_dirty_inode_enqueue,writeback:writeback_dirty_page,writeback:writeback_mark_inode_dirty,writeback:writeback_pages_written,writeback:writeback_single_inode,writeback:writeback_write_inode,writeback:writeback_written
50.0103,1625054642485,50.010310511,1,0,0,52,74,1295,21,2274,7,0,0,0,36,66,6526422,0,27,45,172,11875,2344084,21741,1304,3,198505,143099,67868,70264,25122,13882,25558,14015,86,1110,1110,37,45709,21646,23169726,2269,96,428,290,4442542,4442419,112,126,95,109,192,6525935,4212905,100,149,3277,348,1524,4,109,1,944,7985543,3015,0,544,9,7,15,1575,23,13,1588,9,11,10,13
100.02,1625054699537,50.009223870,1,0,0,19,33,1294,14,1525,5,0,0,0,6,75,6250707,0,26,11,150,12012,2107942,20604,1310,3,196256,142104,61686,62554,24014,13735,24074,13575,75,1096,1096,37,43677,20867,21663464,2243,78,429,264,4398299,4398197,110,123,76,91,168,6250521,4174349,94,127,3167,329,1407,0,89,0,920,7707766,2836,0,505,10,6,8,1550,21,14,1564,10,7,6,13
150.029,1625054755909,50.009051171,1,0,0,22,38,1295,16,1505,6,0,0,0,30,53,6528630,0,31,11,160,13662,2338064,20880,1308,3,193265,139755,56955,57361,20780,11343,20864,10992,80,1088,1088,33,37595,17793,23100966,2235,81,426,258,4436571,4436468,114,127,79,91,168,6528472,4221087,93,131,2998,316,1163,0,91,0,920,8035843,2916,0,506,11,10,15,1530,18,13,1543,10,8,6,14
200.038,1625054812679,50.009145613,1,0,0,18,29,1292,11,1537,4,0,0,0,2,36,6487090,0,32,9,138,11122,2323095,20351,1309,2,193050,139484,56617,57028,20715,11779,20783,11244,69,1130,1131,60,37551,17754,22944051,2265,74,425,260,4411921,4411821,106,120,72,87,162,6486910,4196377,94,124,3023,320,1182,11,84,2,957,8100609,2767,0,455,9,6,8,1527,18,13,1540,9,7,6,12
250.047,1625054869409,50.009074484,1,0,0,16,28,2571,12,2895,4,0,0,0,4,59,6513646,0,27,14,144,12162,2344216,20642,2611,2,195614,141537,61664,62444,23861,13923,23888,13544,72,1090,1090,33,42912,20754,23127640,2239,76,425,266,4423391,4423294,108,122,74,87,164,6513499,4201021,93,125,3167,336,1408,0,88,0,919,7890253,2844,0,486,9,6,8,2849,26,17,2866,9,7,6,12
300.056,1625054926007,50.009409177,1,0,0,21,34,1295,13,1516,5,0,0,0,28,63,6776615,0,27,11,148,22004,2565570,21861,1309,3,196696,142444,61705,62624,23998,14176,24080,14048,74,1098,1098,37,43664,20858,24572033,2247,78,427,266,4467315,4467216,112,128,76,90,168,6776414,4243822,94,127,3174,336,1407,0,89,0,932,8626333,2935,0,510,10,6,8,1561,21,13,1574,10,7,6,13
350.065,1625054982867,50.009159790,1,0,0,21,38,1295,17,1487,6,0,0,0,18,52,6544479,0,41,11,164,13093,2331880,21098,1309,3,192574,139331,57911,58787,20832,11280,20906,11087,82,1094,1094,37,38071,17779,23142618,2238,79,427,260,4454470,4454368,114,130,77,90,168,6544298,4238366,94,129,3006,332,1172,0,90,0,926,8279114,2840,0,463,10,10,15,1531,18,13,1544,10,8,6,14
400.074,1625055039666,50.008963808,1,0,0,22,35,1293,13,1515,5,0,0,0,6,50,6454757,0,29,9,148,10921,2258782,20797,1320,2,193141,139701,57752,58634,20793,10648,20887,10457,74,1095,1095,37,38080,17756,22640673,2241,78,425,258,4445869,4445770,110,126,77,91,168,6454632,4229557,94,129,2998,318,1167,0,90,0,921,8110616,2818,0,455,10,11,8,1548,18,13,1561,10,12,11,14
450.083,1625055096599,50.009274740,1,0,0,20,33,1294,13,1506,5,0,0,0,24,66,6444323,0,33,11,148,15574,2250059,21362,1310,3,196186,141973,61213,62016,24245,14116,24284,13985,74,1138,1139,61,43539,21047,22629682,2279,81,427,266,4450010,4449911,112,127,79,91,170,6444159,4227678,94,130,3211,333,1435,11,91,2,952,8124381,2845,0,477,9,6,8,1552,21,12,1564,9,7,6,12
500.092,1625055152831,50.009222659,1,0,0,24,38,1299,14,1513,5,0,0,0,54,40,6444458,0,41,11,152,3638,2280600,21230,1310,3,195637,141631,60134,60924,25880,15716,26899,16409,76,1085,1085,33,42994,22799,22740897,2229,76,427,265,4416125,4416031,112,128,74,88,164,6444314,4195389,93,125,3162,338,1411,0,87,0,907,8106087,2974,0,494,10,6,8,1563,21,17,1580,10,7,6,13
550.101,1625055209439,50.009116819,1,0,0,20,33,1294,13,1498,5,0,0,0,14,71,6718751,0,28,11,148,9229,2497516,21404,1310,3,192537,139197,56448,57247,20675,11182,20754,10835,74,1086,1086,33,37370,17672,24101005,2231,77,425,260,4464005,4463905,112,124,75,88,164,6718545,4249799,93,127,2986,323,1169,0,88,0,913,8515884,2841,0,470,10,6,8,1525,18,13,1538,10,7,6,13
600.11,1625055266847,50.009384231,1,0,0,20,34,1295,14,1484,5,0,0,0,44,60,6588950,0,25,11,163,19824,2375603,21101,1310,3,193764,140404,58691,58807,21471,11716,20850,11212,81,1093,1093,37,38937,18395,23408021,2237,75,426,265,4459862,4459763,112,127,74,86,164,6588769,4242624,94,125,3007,331,1190,0,87,0,921,8374914,2907,0,474,9,7,8,1528,18,13,1541,9,7,6,12
650.119,1625055323722,50.008571737,1,0,0,17,29,1292,12,1503,4,0,0,0,12,35,6374269,0,25,9,142,5639,2212241,21071,1309,2,196323,142142,61594,62149,24016,13798,24024,13701,71,1098,1098,37,43690,20858,22351853,2247,76,425,266,4411905,4411795,106,121,76,89,168,6373860,4188736,94,127,3173,336,1407,0,90,0,919,7944399,2846,0,465,9,6,8,1559,21,13,1572,9,7,6,12
700.128,1625055380351,50.008646982,1,0,0,17,29,2571,12,2922,4,0,0,0,28,81,6297239,0,25,15,142,11222,2137737,21245,2609,2,196248,142138,64579,65074,24393,13775,24401,13607,71,1094,1094,37,44362,21119,21887065,2239,85,425,264,4413420,4413303,110,126,84,98,179,6296872,4188444,96,136,3162,331,1407,0,98,0,919,7834634,2938,0,488,9,6,8,2852,26,17,2869,8,7,6,10
750.138,1625055437248,50.009581395,1,0,0,20,34,1295,14,1485,5,0,0,0,28,72,6236378,0,31,11,152,16247,2072412,20479,1310,3,193241,139707,56573,57288,20734,11465,20790,11339,76,1134,1135,60,37508,17773,21455212,2273,74,427,260,4406015,4405918,112,128,72,84,162,6236113,4190921,94,124,3027,320,1181,11,84,2,953,7748506,2864,0,479,10,6,8,1532,18,13,1545,10,7,6,13
800.147,1625055493983,50.009174778,1,0,0,21,34,1295,13,1480,5,0,0,0,44,42,6573098,0,25,11,148,9240,2389422,20652,1310,3,193190,139681,55840,56558,20494,10957,20564,10804,74,1087,1087,33,37109,17580,23402973,2233,73,427,258,4427546,4427450,112,128,71,85,160,6572905,4213312,93,123,2982,316,1157,0,84,0,922,8376860,2880,0,478,10,6,8,1531,18,13,1544,10,7,6,13
850.156,1625055550903,50.009235262,1,0,0,22,35,1293,13,1518,5,0,0,0,10,45,6397988,0,27,9,148,7959,2225839,20974,1319,2,195110,141173,60250,61116,23861,14236,23920,13796,74,1091,1091,33,42914,20755,22447354,2241,75,423,266,4420909,4420817,110,126,74,87,164,6397879,4200334,93,125,3165,337,1403,0,86,0,917,8037370,2856,0,489,10,11,8,1575,21,13,1588,10,12,11,14
900.168,1625055608369,50.012129093,1,0,0,16,28,1291,12,1500,4,0,0,0,14,42,6162409,0,25,9,144,12282,2049380,20220,1309,2,195692,141700,61458,62513,23969,13894,24081,13921,72,1093,1093,35,43565,20838,21266034,2241,77,429,266,4367426,4367328,108,124,76,92,167,6162180,4145091,94,127,3166,336,1416,0,89,0,922,7623379,2847,0,491,9,6,8,1550,21,12,1562,9,7,6,12
950.178,1625055665223,50.010408741,1,0,0,21,34,1295,13,1498,5,0,0,0,57,39,6301426,0,26,11,150,18643,2186866,20484,1311,3,194109,140517,57976,58852,20853,11594,20961,11527,75,1100,1100,37,38067,17812,22054572,2251,78,429,260,4364313,4364206,114,130,77,92,168,6301194,4147178,94,129,3010,324,1177,0,90,0,929,7908841,2961,0,499,10,6,8,1535,18,13,1548,10,7,6,13
1000.19,1625055722128,50.009136565,1,0,0,20,37,1294,17,1507,6,0,0,0,18,51,6317536,0,33,11,164,8823,2177117,20976,1310,3,195444,141553,62354,63213,24252,13453,24335,13416,82,1139,1140,64,44062,21053,22052711,2275,79,424,268,4393345,4393247,114,130,77,91,170,6317383,4169992,95,128,3206,342,1435,11,90,2,958,7863212,2896,0,506,10,10,15,1560,21,13,1573,10,8,6,14
1050.2,1625055779019,50.008736053,1,0,0,21,34,1295,13,1510,5,0,0,0,16,51,6595547,0,25,11,148,6912,2412041,21103,1309,3,196276,142114,61460,62153,23992,14333,24026,13921,74,1095,1095,37,43685,20885,23580275,2241,77,426,264,4437976,4437875,112,128,76,93,168,6595168,4215017,94,127,3161,329,1406,0,90,0,920,8290831,2851,0,493,10,6,8,1562,21,13,1575,10,7,6,13
1100.21,1625055836202,50.009413464,1,0,0,21,34,1295,13,1480,5,0,0,0,46,61,6378241,0,27,11,148,4812,2236913,20778,1308,3,194124,140088,58385,59664,21889,11940,23789,13418,74,1088,1088,33,40708,18813,22411103,2235,78,427,258,4390044,4389943,112,127,77,93,168,6378097,4171988,93,129,3141,321,1381,0,90,0,907,7938048,2931,0,503,8,6,8,1549,21,16,1565,8,7,6,10
1150.22,1625055892960,50.008673198,1,0,0,23,37,1298,14,1478,5,0,0,0,76,60,6637203,0,25,11,154,7252,2484641,21215,1309,3,192555,139284,55788,56358,20495,11240,20476,10929,77,1083,1083,33,37122,17556,23881841,2225,71,431,258,4399036,4398944,114,128,71,83,160,6637057,4185877,93,123,2973,316,1158,0,83,0,908,8279510,2963,0,485,10,6,8,1523,18,16,1539,10,7,6,13
1200.23,1625055949240,50.009425456,1,0,0,21,34,1295,13,1514,5,0,0,0,2,40,6257921,0,27,11,148,5178,2134871,20904,1309,3,196113,141890,61119,61899,24119,14053,24174,13669,74,1094,1094,33,43353,20925,21804948,2247,84,425,266,4374993,4374893,112,127,82,95,172,6257762,4152947,93,133,3181,336,1409,0,94,0,911,7721729,2851,0,486,10,6,8,1559,21,13,1572,10,7,6,13
1250.24,1625056005900,50.009151346,1,0,0,21,38,1295,17,1514,6,0,0,0,20,77,6444507,0,33,11,164,15596,2282151,21286,1308,3,196231,142106,62264,63121,24225,13486,24285,13292,82,1143,1144,64,44035,21046,22766716,2283,79,427,268,4413155,4413037,114,130,77,91,170,6444299,4189394,95,128,3212,340,1433,11,90,2,959,8118701,2937,0,498,10,10,15,1551,21,13,1564,10,8,6,14
1300.25,1625056062929,50.009644756,1,0,0,22,35,1293,13,1544,5,0,0,0,14,74,6283840,0,25,9,148,14448,2133851,20573,1318,2,196559,142319,61640,62412,23997,13955,24056,13764,74,1103,1103,37,43680,20875,21854404,2257,78,427,266,4404140,4404041,110,126,76,89,168,6283672,4180711,94,127,3184,336,1411,0,89,0,923,7854673,2865,0,484,10,11,8,1557,21,13,1570,10,12,11,14
1350.26,1625056120312,50.011982461,1,0,0,17,28,2571,11,2874,4,0,0,0,23,56,6521243,0,25,14,140,8185,2378815,20672,2609,2,192765,139452,58584,59363,20718,10992,20780,10709,70,1090,1090,37,37908,17701,23242340,2231,75,423,258,4390676,4390577,108,124,73,88,164,6520974,4173837,94,125,2980,316,1161,0,88,0,919,8268544,2796,0,475,9,6,8,2832,23,17,2849,9,7,6,12
1400.27,1625056176472,50.012089191,1,0,0,20,34,1295,14,1506,5,0,0,0,55,68,6443640,0,25,11,152,20964,2288511,20792,1310,3,195211,141607,57947,58335,22647,12563,20832,10866,76,1086,1086,33,39607,19649,22759322,2231,74,432,264,4405978,4405877,112,128,72,85,160,6443414,4188653,93,123,2998,324,1182,0,84,0,912,8113680,2918,0,490,11,6,8,1532,18,13,1545,10,7,6,13
1450.29,1625056233230,50.016043008,1,0,0,21,37,1294,16,1504,6,0,0,0,56,62,6581368,0,25,11,160,11615,2404422,21947,1308,3,195281,141395,60527,61606,23975,13201,24079,12819,80,1082,1082,33,43176,20852,23520518,2223,80,425,264,4428362,4428267,114,128,79,92,168,6581147,4208095,93,129,3151,329,1411,0,90,0,911,8351434,2984,0,502,10,10,15,1545,21,13,1558,10,8,6,14
1500.3,1625056290003,50.011528519,1,0,0,22,35,1293,13,1520,5,0,0,0,42,40,6394382,0,27,9,148,7532,2220258,20767,1319,2,196016,141899,60682,61455,23933,13389,23983,13260,74,1089,1089,33,43117,20819,22397620,2237,80,427,266,4427721,4427621,110,126,78,92,168,6394123,4206363,93,129,3162,336,1409,0,90,0,919,7873065,2930,0,494,10,11,8,1552,21,13,1565,10,12,11,14
1550.31,1625056346751,50.008850196,1,0,0,20,34,1295,14,1488,5,0,0,0,42,67,6661506,0,33,11,152,23702,2465578,21548,1310,3,194089,140467,58143,58801,20916,10931,20934,10772,76,1143,1144,64,38281,17882,23909600,2283,75,429,262,4444326,4444230,112,128,74,87,166,6661302,4226711,95,126,3043,327,1192,11,87,2,956,8447543,2957,0,499,9,6,8,1524,18,14,1538,9,7,6,12
1600.32,1625056403606,50.008704175,1,0,0,24,39,1298,15,1510,5,0,0,0,40,48,6508358,0,28,13,154,4526,2337459,21364,1309,3,197134,142827,64270,64432,24331,13707,24280,13386,77,1100,1100,37,44234,21098,23101002,2251,79,427,274,4430236,4430122,118,134,78,90,171,6507964,4203838,94,128,3203,345,1445,0,92,0,922,8201732,2949,0,531,10,6,8,1573,27,16,1589,10,7,6,13
1650.33,1625056460654,50.013306722,1,0,0,20,34,1295,14,1508,5,0,0,0,44,46,6459549,0,26,11,152,4032,2263436,21219,1309,3,196095,141945,59379,60303,23594,13698,23652,13512,76,1095,1095,37,42802,20618,22694322,2241,74,427,264,4450098,4450009,112,128,73,86,159,6459239,4228925,90,122,3163,328,1402,0,84,0,922,8102970,2956,0,518,10,6,8,1539,21,13,1552,10,7,6,13
1700.34,1625056516684,50.008677755,1,0,0,21,34,1295,13,1492,5,0,0,0,76,85,6681562,0,26,11,148,21263,2492450,21211,1309,3,193927,140426,59989,60595,23828,13512,23818,13229,74,1078,1078,33,42913,20751,24078800,2215,75,428,264,4438338,4438237,112,128,74,86,164,6681155,4219753,93,125,3135,329,1397,0,87,0,912,8413079,2992,0,526,9,6,8,1547,21,13,1560,9,7,6,12
1750.35,1625056573508,50.009142908,1,0,0,19,30,1293,11,1487,4,0,0,0,62,53,6427301,0,25,9,140,10890,2282592,20358,1310,2,193486,139956,56253,56680,20619,11024,20663,10866,70,1092,1092,33,37362,17671,22676796,2243,77,428,258,4390238,4390144,108,124,75,87,164,6427157,4175752,93,127,3000,316,1166,0,87,0,916,7997519,2890,0,484,9,6,8,1532,18,13,1545,9,7,6,12
1800.36,1625056630552,50.009064903,1,0,0,16,28,2571,12,2896,4,0,0,0,60,56,6472055,0,33,14,144,13333,2313717,21344,2607,2,195065,141317,62765,63524,24185,13361,24238,13071,72,1130,1131,60,43556,21028,22938422,2265,81,425,268,4410830,4410728,108,124,79,91,170,6471853,4188609,94,130,3194,341,1438,11,91,2,951,8041405,3020,0,502,9,6,8,2848,26,17,2865,9,7,6,11
1850.37,1625056687681,50.008897605,1,0,0,21,34,1295,13,1500,5,0,0,0,54,42,6432926,0,26,11,148,4512,2261079,20726,1309,3,196509,142365,61641,62220,24046,14680,24054,14236,74,1098,1098,37,43700,20893,22633154,2247,76,428,266,4428023,4427919,112,128,76,89,168,6432566,4205032,94,127,3173,336,1413,0,89,0,925,8054976,2932,0,501,10,6,8,1553,21,13,1566,10,7,6,13
1900.38,1625056744784,50.009240279,1,0,0,19,33,1294,14,1476,5,0,0,0,0,55,6550006,0,25,11,152,9201,2340222,20767,1309,3,193802,139891,59329,60573,21566,11687,23660,13261,76,1096,1096,37,40901,18483,23144539,2243,76,424,260,4461178,4461085,112,128,75,89,168,6549981,4241722,94,127,3149,328,1388,0,89,0,921,8139548,2783,0,477,10,6,8,1550,21,13,1563,10,7,6,13
1950.39,1625056801752,50.009668062,1,0,0,15,25,1293,10,1453,3,0,0,0,18,50,6673296,0,25,9,136,10604,2468867,20800,1297,2,193538,139981,57116,58217,20667,11086,20805,10961,68,1096,1096,37,37886,17697,23921727,2243,75,430,258,4453793,4453698,106,121,73,88,164,6673081,4237386,94,125,2992,316,1161,0,86,0,921,8313823,2805,0,447,9,1,8,1528,18,13,1541,9,2,1,11
2000.4,1625056858299,50.011545224,1,0,0,26,43,1298,17,1510,8,0,0,0,29,51,6278225,0,27,13,164,10127,2100358,20979,1320,4,195581,141576,60545,61294,23932,13483,23981,13417,82,1089,1089,33,43161,20845,21680261,2237,79,426,264,4427249,4427116,116,132,78,90,168,6277856,4206402,93,129,3166,329,1412,0,91,0,911,7635168,2933,0,493,10,6,8,1562,21,16,1578,9,7,6,12
2050.41,1625056915376,50.009076437,1,0,0,19,33,1294,14,1487,5,0,0,0,58,53,6548751,0,31,11,152,20685,2376524,21338,1309,3,194667,140966,60741,61405,24995,15024,24089,13670,76,1126,1127,60,43336,21869,23344844,2257,76,425,266,4424697,4424596,112,127,75,87,166,6548558,4204392,94,126,3182,333,1431,11,87,2,944,8043680,2990,0,491,10,6,8,1549,21,13,1562,10,7,6,13
2100.42,1625056972867,50.009154413,1,0,0,21,34,1295,13,1493,5,0,0,0,22,48,6577853,0,25,11,148,9898,2406179,20559,1308,3,192542,139192,55985,56807,20546,10735,20574,10457,74,1087,1087,33,37206,17583,23483818,2233,72,425,259,4415845,4415749,112,128,71,83,160,6577653,4201588,93,123,2986,320,1159,0,83,0,917,8359153,2764,0,434,10,6,8,1524,18,13,1537,10,7,6,13
2150.43,1625057029662,50.008995561,1,0,0,19,34,1293,15,1512,5,0,0,0,40,59,6468375,0,28,9,156,7858,2299061,21135,1307,2,194415,141027,58573,58919,22410,12003,20881,10772,78,1090,1090,33,39610,19370,22860772,2239,77,426,266,4413183,4413087,108,124,76,88,164,6468136,4195586,93,127,3013,331,1184,0,89,0,923,8059087,2922,0,467,11,10,15,1537,18,13,1550,9,8,6,12
2200.44,1625057086038,50.009104483,1,0,0,17,28,1291,11,1506,4,0,0,0,4,39,6538573,0,29,9,140,9353,2365549,20878,1310,2,196691,142423,62182,62946,24176,14558,24214,14048,70,1101,1101,37,43905,20964,23278444,2253,82,430,266,4428378,4428275,108,124,80,93,172,6538409,4203855,94,131,3179,338,1409,0,93,0,930,8223617,2832,0,467,10,10,13,1556,21,16,1572,8,8,6,10
2250.45,1625057143524,50.009159163,1,0,0,24,37,1298,13,1511,5,0,0,0,14,78,6504812,0,26,11,148,10121,2320477,21077,1309,3,195763,141752,62070,63157,24116,13960,24303,13891,74,1091,1091,37,43922,20962,23033108,2233,82,424,265,4438590,4438493,112,128,80,101,172,6504772,4215050,94,131,3161,333,1408,0,94,0,923,8166890,2905,0,494,9,6,8,1561,22,20,1581,9,7,6,12
2300.46,1625057199215,50.010933903,1,0,0,20,34,1295,14,1476,5,0,0,0,101,52,6774848,0,25,11,154,11043,2591659,21551,1310,3,193409,139925,55771,56582,20509,11304,20573,10867,77,1085,1085,33,37169,17578,24603658,2229,73,430,258,4430755,4430661,114,130,71,85,160,6774734,4216530,93,123,2980,316,1155,0,83,0,914,8734975,3066,0,500,9,6,8,1538,18,13,1551,9,7,6,12
2350.47,1625057256113,50.009043440,1,0,0,20,33,1294,13,1493,5,0,0,0,26,58,6415932,0,29,11,148,18041,2232958,20333,1309,3,193338,139764,56235,57093,20638,11245,20698,11181,74,1090,1090,33,37372,17653,22472797,2239,76,427,258,4428732,4428635,112,128,75,89,164,6415686,4213477,93,127,2990,316,1153,0,87,0,915,8081608,2791,0,458,10,6,8,1516,18,13,1529,10,7,6,13
2400.48,1625057312783,50.009440319,1,0,0,22,35,1293,13,1510,5,0,0,0,10,55,6360665,0,27,9,148,10178,2185088,20638,1317,2,195953,141760,60136,60965,23829,13860,23893,13669,74,1093,1093,33,42958,20758,22212694,2245,75,426,265,4427634,4427543,110,126,74,87,164,6360562,4206045,93,125,3169,333,1401,0,87,0,922,7967579,2805,0,466,10,11,8,1540,21,13,1553,10,12,11,14
2450.49,1625057369384,50.008744573,1,0,0,17,29,2572,12,2887,4,0,0,0,38,69,6395713,0,25,14,144,13807,2247757,21292,2607,2,196620,142411,62987,63516,24004,13798,24016,13670,72,1101,1101,37,43701,20856,22536426,2253,76,428,266,4402593,4402484,108,124,76,89,168,6395299,4177770,94,127,3177,336,1407,0,89,0,925,8028278,2944,0,496,9,6,8,2836,26,19,2855,9,7,6,12
2500.5,1625057426013,50.010200826,1,0,0,20,33,1294,13,1493,5,0,0,0,34,66,6618088,0,27,11,148,21921,2442123,21268,1310,3,194772,140671,59688,60574,21922,11596,23907,13448,74,1096,1096,37,41288,18769,23714903,2243,80,427,260,4429385,4429279,112,128,78,88,172,6617963,4209093,94,131,3149,328,1391,0,92,0,928,8415180,2905,0,509,10,6,8,1546,21,13,1559,10,7,6,13
2550.51,1625057483130,50.009411184,1,0,0,21,38,1295,17,1484,6,0,0,0,54,50,6598341,0,25,11,164,5333,2418090,21117,1309,3,193601,140118,57269,58023,20720,11088,20792,11118,82,1096,1096,37,37928,17743,23571313,2243,75,427,259,4426718,4426627,114,128,73,86,164,6598165,4210574,94,125,2995,319,1169,0,87,0,918,8407601,2931,0,486,10,10,15,1539,18,13,1552,10,8,6,14
2600.52,1625057539922,50.009147958,1,0,0,22,35,1293,13,1517,5,0,0,0,62,54,6200744,0,31,9,148,7612,2066324,20866,1319,2,195347,141563,62173,62984,24188,14179,24225,13764,74,1136,1137,64,44062,21036,21406358,2269,78,425,266,4390134,4390030,110,127,77,90,170,6200525,4167391,95,128,3194,333,1439,11,90,2,951,7656092,2979,0,503,10,11,8,1566,21,13,1579,10,12,11,14
2650.53,1625057597124,50.008539701,1,0,0,21,34,1295,13,1498,5,0,0,0,0,58,6527401,0,35,11,148,19942,2332439,21105,1308,3,195651,141494,58109,58315,25456,15650,26433,16159,74,1093,1093,33,42120,22546,23141995,2245,71,426,265,4446432,4446344,112,128,70,86,155,6526872,4226277,89,120,3175,328,1405,0,82,0,913,8272131,2806,0,486,9,6,8,1560,21,13,1573,9,7,6,12
2700.54,1625057653821,50.009100496,1,0,0,23,37,1298,14,1473,5,0,0,0,20,66,6273738,0,26,11,154,19263,2125154,20285,1308,3,192643,139269,55903,56699,20513,11302,20552,11024,77,1090,1090,33,37178,17563,21747958,2239,73,425,259,4395920,4395824,114,130,71,83,160,6273575,4181750,93,123,2992,320,1165,0,83,0,917,7863542,2827,0,467,10,6,8,1527,18,16,1543,10,7,6,13
2750.55,1625057710925,50.011972113,1,0,0,21,34,1295,13,1502,5,0,0,0,9,64,6238240,0,27,11,148,13034,2080123,20619,1309,3,196162,141949,60624,61363,23980,13263,24038,13103,74,1094,1094,33,43152,20850,21554148,2247,79,430,266,4409141,4409033,112,128,78,91,168,6237883,4187459,93,129,3173,337,1410,0,90,0,918,7789327,2822,0,476,10,6,8,1543,21,13,1556,10,7,6,13
2800.56,1625057768223,50.008609156,1,0,0,19,33,1294,14,1502,5,0,0,0,2,43,6160857,0,27,11,152,4195,2044450,20638,1310,3,196427,142241,62093,62668,24150,13517,24162,13072,76,1102,1102,37,43856,20937,21235587,2255,81,426,266,4371673,4371557,112,127,80,94,172,6160511,4147850,94,131,3186,338,1421,0,93,0,927,7612084,2839,0,477,11,6,8,1552,21,13,1565,10,7,6,13
2850.57,1625057825706,50.009210913,1,0,0,21,35,1296,14,1477,5,0,0,0,24,74,6315540,0,31,11,152,15978,2175006,20675,1308,3,192893,139580,58085,58982,20868,11342,20971,10961,76,1139,1140,64,38274,17864,22062244,2275,76,425,262,4387240,4387139,112,128,74,90,166,6315329,4170037,95,126,3035,327,1196,11,88,2,960,7972793,2918,0,484,8,6,8,1531,19,16,1547,8,7,6,11
2900.58,1625057882386,50.009332644,1,0,0,18,29,1292,11,1479,4,0,0,0,24,43,6378417,0,27,9,140,24562,2203583,20460,1310,2,193474,140047,58831,59305,21164,11783,20986,11402,70,1094,1094,37,38733,18070,22299026,2239,80,425,264,4425562,4425468,108,124,78,91,168,6378271,4207675,94,129,3008,327,1192,0,91,0,917,8014117,2809,0,476,8,6,8,1529,18,14,1543,8,7,6,10
2950.59,1625057938940,50.009091290,1,0,0,19,33,1294,14,1517,5,0,0,0,46,88,6182510,0,26,11,152,19589,2041081,20349,1308,3,195948,141766,57955,58750,23407,13948,23462,13828,76,1092,1092,33,42031,20491,21265507,2243,71,428,264,4389970,4389873,112,128,70,82,155,6182327,4170256,89,120,3162,329,1406,0,81,0,920,7670790,2994,0,502,10,6,8,1543,21,13,1556,10,7,6,13
3000.6,1625057995940,50.009047302,1,0,0,22,38,1295,16,1491,6,0,0,0,10,70,6466127,0,25,11,162,12223,2337055,21011,1311,3,194722,140905,59952,60733,23820,13921,23878,13513,81,1082,1082,33,42918,20742,23021244,2223,76,428,264,4380184,4380078,116,132,74,86,164,6465980,4159822,93,125,3146,329,1408,0,86,0,914,8203829,2803,0,475,10,10,15,1561,21,13,1574,10,8,6,14
3050.61,1625058052705,50.009283865,1,0,0,22,35,1293,13,1508,5,0,0,0,12,59,6226717,0,25,9,148,12397,2093227,20205,1320,2,193126,139595,56372,57282,20664,10803,20726,10615,74,1093,1093,33,37360,17687,21544143,2245,77,425,259,4378116,4378019,110,125,75,89,164,6226565,4163180,93,127,3002,320,1169,0,87,0,918,7807461,2747,0,447,10,11,8,1541,18,13,1554,10,12,11,14
3100.62,1625058109453,50.009444125,1,0,0,17,29,1292,12,1513,4,0,0,0,28,56,6377514,0,29,9,144,17973,2240734,20959,1308,2,195046,141362,59336,59675,23649,13545,21132,10897,72,1096,1096,37,41855,20636,22465668,2243,77,425,266,4386657,4386566,108,124,75,87,160,6377381,4166302,90,125,3106,331,1317,0,87,0,924,8004847,2914,0,472,9,6,8,1525,18,13,1538,9,7,6,12
3150.63,1625058166256,50.009523826,1,0,0,13,23,1291,10,1472,4,0,0,0,24,51,6338929,0,25,9,136,6236,2202108,20363,1297,2,196187,142093,61504,62314,23976,14176,24038,14047,68,1095,1095,37,43676,20842,22221325,2241,77,426,266,4392082,4391981,108,123,76,89,168,6338775,4168799,94,127,3164,336,1412,0,89,0,922,7954264,2826,0,464,7,5,11,1552,22,16,1568,3,3,1,6
3200.64,1625058223041,50.008989997,1,0,0,14,25,1291,11,1476,4,0,0,0,24,36,6384513,0,25,9,140,10212,2222983,20945,1299,2,195578,141655,61412,62004,23978,14049,24009,13827,70,1091,1091,37,43701,20846,22396747,2233,77,424,265,4416079,4415973,108,122,76,89,167,6384097,4193741,94,127,3157,332,1415,0,89,0,922,7958110,2900,0,480,11,4,12,1547,21,13,1560,9,3,1,11
3250.65,1625058280306,50.009144413,1,0,0,23,37,1292,14,1497,7,0,0,0,34,48,6492228,0,27,11,152,13008,2307783,20753,1320,3,192862,139564,57737,58540,20792,11372,20850,11181,76,1094,1094,37,38091,17787,22924310,2239,78,429,258,4431520,4431409,112,128,77,90,168,6491989,4215632,94,129,2989,316,1164,0,90,0,919,8208071,2830,0,467,12,11,5,1528,19,17,1545,8,12,11,12
3300.66,1625058336682,50.009208239,1,0,0,20,33,1294,13,1501,5,0,0,0,16,40,6487234,0,27,11,148,4535,2306193,20850,1309,3,195806,141718,60474,61277,23962,13861,24027,13512,74,1088,1088,33,43101,20838,22905491,2235,79,426,264,4434678,4434574,110,125,78,92,168,6487006,4213584,93,129,3164,329,1412,0,90,0,919,8210175,2815,0,477,8,6,8,1543,22,16,1559,8,7,6,10
3350.67,1625058393699,50.009158360,1,0,0,10,18,1288,8,1487,2,0,0,0,22,77,6364382,0,27,7,128,17308,2199177,21008,1299,1,195545,141535,60499,61323,23932,13672,23985,13669,64,1090,1090,33,43157,20843,22272495,2239,80,425,265,4420082,4419982,102,118,78,90,168,6364250,4199083,93,129,3163,333,1410,0,90,0,916,7936852,2847,0,478,8,1,8,1549,21,13,1562,8,2,1,10
3400.68,1625058450826,50.008698374,1,0,0,28,51,1294,23,1506,10,0,0,0,40,50,6469975,0,35,13,188,8118,2309956,20808,1319,4,194216,140142,58139,59104,21333,12002,23600,13701,94,1138,1139,60,39754,18307,22874528,2281,74,428,262,4412061,4411963,120,135,73,89,165,6469474,4193489,94,125,3195,334,1421,11,87,2,952,8217199,2946,0,502,16,13,15,1554,22,13,1567,10,14,11,19
3450.69,1625058507044,50.009246210,1,0,0,21,37,1295,16,1491,6,0,0,0,30,35,6563964,0,37,11,160,7752,2388460,20383,1310,3,193582,140078,57436,58281,20672,11561,20742,11308,80,1098,1098,37,37928,17698,23356905,2247,75,427,260,4425564,4425471,114,130,73,87,164,6563838,4208863,94,125,3011,323,1172,0,86,0,928,8317371,2843,0,469,13,8,15,1533,20,20,1553,5,9,6,12
3500.7,1625058564454,50.008699625,1,0,0,20,37,1291,17,1530,7,0,0,0,38,58,6485661,0,25,11,164,9255,2331611,21433,1314,3,195995,141978,61615,62308,24039,14304,24050,13859,82,1096,1096,37,43646,20860,23017436,2243,76,426,265,4408990,4408889,112,128,76,91,168,6485374,4185978,94,127,3164,332,1408,0,91,0,917,8164129,2930,0,472,15,7,11,1562,22,16,1578,9,8,6,15
3550.71,1625058621577,50.011987089,1,0,0,17,29,2572,12,2882,4,0,0,0,23,66,6208136,0,25,14,144,23826,2088447,20802,2608,2,196607,142377,62936,63745,24032,14302,24084,14331,72,1097,1097,37,43679,20894,21542117,2245,78,431,264,4372377,4372278,108,124,76,89,168,6207880,4147226,94,127,3167,329,1403,0,89,0,924,7717095,2875,0,479,11,7,12,2841,27,22,2863,8,8,6,11
3600.72,1625058678517,50.011989048,1,0,0,19,33,1294,14,1482,5,0,0,0,39,48,6420256,0,26,11,152,13429,2289209,20773,1311,3,193513,139862,56932,58452,20789,11497,23441,13701,76,1088,1088,33,38247,17753,22715514,2235,78,427,258,4376012,4375916,112,128,76,90,167,6420202,4160144,93,128,3002,320,1178,0,88,0,912,8114024,2885,0,485,9,6,8,1547,21,13,1560,9,7,6,11
3650.73,1625058735724,50.009093584,1,0,0,21,34,1295,13,1488,5,0,0,0,44,51,6573136,0,31,11,148,19871,2442432,21118,1311,3,194550,141098,58034,58576,21558,12158,20937,11528,74,1130,1131,60,38613,18507,23629088,2265,75,427,266,4380689,4380591,112,128,73,87,161,6572922,4163877,94,124,3047,332,1218,11,85,2,955,8398606,2887,0,458,10,6,8,1529,18,13,1542,10,7,6,13
3700.74,1625058792680,50.010646621,1,0,0,21,34,1292,13,1510,5,0,0,0,39,74,6350137,0,27,9,148,8263,2170492,20609,1321,2,195661,141610,60169,60919,23842,14047,23904,13574,74,1091,1091,33,42950,20728,22102989,2241,75,426,265,4427328,4427231,110,125,74,86,164,6349986,4206540,93,125,3164,334,1401,0,86,0,915,7973089,2929,0,480,10,11,8,1571,21,13,1584,10,12,11,14
3750.75,1625058849572,50.009408254,1,0,0,23,37,1291,14,1498,5,0,0,0,36,60,6374126,0,25,11,152,14420,2258446,21019,1310,3,195707,141752,61612,62487,24026,13735,24091,13418,76,1090,1090,37,43685,20896,22527753,2230,78,425,266,4367957,4367866,112,127,76,92,168,6374034,4145426,94,127,3158,336,1409,0,89,0,922,8019442,2905,0,483,9,6,8,1556,21,12,1568,9,7,6,12
3800.76,1625058906639,50.009313585,1,0,0,21,34,1295,13,1476,5,0,0,0,6,34,6405458,0,25,11,148,16256,2242768,20328,1312,3,193086,139662,57369,58281,20676,11056,20750,10961,74,1098,1098,37,37897,17692,22489242,2247,75,428,260,4411720,4411625,112,127,73,87,164,6405263,4195506,94,125,3000,323,1168,0,86,0,927,8030995,2715,0,452,10,6,8,1526,18,13,1539,10,7,6,13
3850.77,1625058963090,50.008748648,1,0,0,19,33,1294,14,1499,5,0,0,0,18,65,6534053,0,27,11,152,11116,2401187,20990,1309,3,195695,142017,60688,60782,23579,13233,21258,10866,76,1099,1099,37,42006,20443,23390290,2249,80,426,265,4385335,4385231,112,128,79,90,169,6533643,4164880,94,130,3026,327,1194,0,92,0,924,8371369,2860,0,457,11,6,8,1539,18,13,1552,10,7,6,13
3900.78,1625059019627,50.008642294,1,0,0,22,39,1293,17,1507,7,0,0,0,2,48,6435400,0,31,11,164,6620,2268928,21354,1308,3,195646,141563,62433,63068,24457,13711,24495,13480,82,1131,1132,60,44048,21208,22683195,2267,83,425,266,4418114,4418003,112,128,83,97,177,6435061,4195423,96,135,3199,335,1435,11,96,2,950,8064360,2802,0,472,10,10,15,1545,21,13,1558,10,8,6,14
3950.79,1625059076668,50.008949821,1,0,0,17,28,1291,11,1498,4,0,0,0,48,59,6446034,0,25,9,140,10276,2318857,21217,1310,2,195177,141271,60002,60598,23779,14015,23787,13733,70,1084,1084,33,42918,20704,22890531,2227,75,425,264,4380129,4380025,108,124,74,87,164,6445836,4160356,93,125,3148,329,1399,0,87,0,914,8157872,2916,0,508,9,6,8,1550,20,9,1559,9,7,6,12
4000.8,1625059133180,50.010528599,1,0,0,17,29,1292,12,1484,4,0,0,0,42,55,6548545,0,29,9,144,9164,2399672,20669,1310,2,193201,139692,55868,56694,20507,10830,20568,10708,72,1092,1092,33,37158,17572,23381191,2243,73,427,259,4394787,4394699,108,123,71,83,160,6548363,4180486,93,123,2995,322,1158,0,83,0,916,8385063,2856,0,456,8,6,8,1532,18,13,1545,8,7,6,10
4050.81,1625059190204,50.009301620,1,0,0,20,33,1294,13,1508,5,0,0,0,46,44,6760220,0,27,11,148,12949,2610186,21769,1309,3,196688,142485,62063,63140,24151,13203,24322,12914,74,1096,1096,37,43887,20967,24700835,2243,82,432,266,4406311,4406212,112,128,80,99,172,6760081,4182676,94,131,3169,336,1408,0,94,0,928,8669225,2960,0,514,10,6,8,1557,21,13,1570,10,7,6,13
4100.82,1625059247278,50.009308875,1,0,0,20,34,1295,14,1509,5,0,0,0,34,53,6298094,0,25,11,152,6495,2169066,20442,1309,3,196715,142474,62039,62796,24166,13518,24218,13575,76,1097,1097,37,43911,20971,22019960,2245,81,428,266,4382246,4382140,112,128,80,93,172,6297893,4158516,94,131,3176,336,1410,0,93,0,920,7917634,2877,0,502,10,6,8,1563,21,13,1576,10,7,6,13
4150.83,1625059304334,50.009096449,1,0,0,21,34,1292,13,1522,5,0,0,0,12,67,6410796,0,25,9,148,13711,2286257,20941,1318,2,195628,141651,61485,62339,23971,13892,24016,13293,74,1094,1094,37,43702,20860,22691977,2239,76,424,265,4379212,4379110,110,126,76,90,168,6410603,4156716,94,127,3161,332,1410,0,89,0,922,8066959,2859,0,493,10,11,8,1559,21,13,1572,10,12,11,14
4200.84,1625059361365,50.009833641,1,0,0,17,28,2571,11,2875,4,0,0,0,10,58,6338394,0,35,14,140,11594,2213146,20877,2608,2,192791,139514,60275,61040,22120,11978,21236,10866,70,1139,1140,64,38693,19016,22248556,2275,83,423,260,4374163,4374058,108,124,82,96,174,6338273,4155807,95,134,3033,320,1193,11,95,2,959,7926004,2838,0,467,10,6,8,2823,23,17,2840,9,7,6,11
4250.85,1625059417876,50.011433411,1,0,0,20,34,1295,14,1519,5,0,0,0,59,52,6345887,0,38,11,152,12315,2280140,20908,1310,3,195481,141519,59985,60802,23829,13796,23887,13607,76,1089,1089,33,42978,20736,22534874,2237,76,426,264,4317996,4317896,112,128,74,86,164,6345592,4097727,93,125,3169,330,1405,0,87,0,910,8046181,2960,0,509,10,6,8,1552,21,13,1565,10,7,6,13
4300.86,1625059474475,50.008759352,1,0,0,20,33,1294,13,1489,5,0,0,0,44,75,6416569,0,28,11,148,10145,2314576,20878,1309,3,196153,141981,60139,60738,23823,13893,23815,13639,74,1091,1091,33,42996,20743,22831664,2241,74,432,265,4353253,4353145,112,128,74,87,164,6416250,4132316,93,125,3168,333,1407,0,88,0,919,8123017,2958,0,521,10,6,8,1555,21,13,1568,10,7,6,13
4350.87,1625059531226,50.009277839,1,0,0,18,30,1293,12,1493,4,0,0,0,12,51,6402980,0,27,9,144,16715,2264931,21020,1310,2,193809,139868,59830,60962,23256,12858,24079,13324,72,1087,1087,33,42245,20100,22590397,2233,82,424,261,4388154,4388049,106,122,81,94,172,6402844,4168427,93,133,3146,328,1385,0,94,0,915,8060370,2855,0,500,10,6,8,1541,21,13,1554,10,7,6,13
4400.88,1625059587861,50.008850087,1,0,0,20,34,1295,14,1503,5,0,0,0,12,42,6544874,0,89,11,152,9385,2411677,20968,1309,3,192813,139416,55594,56679,20288,11371,20361,11056,76,1096,1096,37,37046,17437,23422261,2243,70,426,260,4379795,4379700,112,128,69,86,155,6544521,4165251,90,120,3034,369,1178,0,81,0,924,8304322,2819,0,460,8,6,8,1529,18,15,1544,8,7,6,10
4450.89,1625059645408,50.010110225,1,0,0,25,38,1299,13,1513,5,0,0,0,41,76,6552355,0,114,11,148,9932,2404140,21725,1309,3,196433,142328,62409,63021,24197,13303,24248,12881,74,1138,1139,64,44020,21024,23441563,2273,78,429,267,4402427,4402316,112,128,77,91,170,6552041,4178575,95,128,3203,422,1438,11,91,2,957,8255107,3035,0,508,10,6,8,1554,21,16,1570,10,7,6,13
4500.9,1625059702915,50.008754103,1,0,0,19,33,1294,14,1490,5,0,0,0,0,58,6269067,0,34,11,152,27793,2112618,20738,1309,3,196201,142055,61604,62236,23979,13609,23988,13386,76,1098,1098,37,43697,20858,21760249,2247,77,425,265,4410507,4410394,112,128,76,90,168,6268723,4187320,94,127,3173,338,1407,0,89,0,921,7840926,2867,0,492,10,6,8,1549,21,13,1562,10,7,6,13
4550.91,1625059760287,50.009318756,1,0,0,20,34,1293,14,1468,5,0,0,0,2,28,6495769,0,26,9,152,6927,2365372,20366,1307,2,192668,139248,55870,56732,20476,11021,20545,11212,76,1087,1087,33,37171,17592,23145266,2233,73,424,258,4375019,4374926,108,124,71,83,159,6495562,4161028,93,123,2983,317,1154,0,84,0,919,8257293,2745,0,457,10,10,15,1523,18,13,1536,10,8,6,14
4600.92,1625059817456,50.012473727,1,0,0,18,29,1292,11,1495,4,0,0,0,8,63,6347540,0,31,9,140,17005,2251764,20606,1310,2,194929,141104,59569,59859,23737,12975,21206,10646,70,1088,1088,33,41888,20660,22418971,2235,75,428,265,4348164,4348076,108,125,74,87,161,6347205,4128366,93,124,3146,335,1385,0,85,0,914,7984754,2819,0,466,9,6,8,1528,18,13,1541,9,7,6,12
4650.93,1625059873327,50.009218717,1,0,0,16,29,2571,13,2894,4,0,0,0,32,68,6323163,0,27,14,148,17750,2196106,20841,2609,2,195206,141315,62445,63278,24109,13960,24162,13669,74,1089,1089,33,43362,20933,22181388,2237,84,424,265,4380814,4380711,110,126,82,94,172,6322967,4158568,93,133,3168,334,1407,0,94,0,913,7939784,2871,0,495,9,6,8,2843,26,17,2860,9,7,6,12
4700.94,1625059930216,50.009134032,1,0,0,21,34,1295,13,1511,5,0,0,0,44,51,6487048,0,31,11,148,7931,2375275,21559,1311,3,196501,142298,60341,61137,23805,13638,23853,13543,74,1144,1145,64,43195,20775,23193182,2285,75,428,268,4366790,4366690,112,127,73,86,161,6486822,4144186,91,123,3214,339,1439,11,85,2,962,8156314,3007,0,503,10,6,8,1543,21,13,1556,10,7,6,13
4750.95,1625059987105,50.008694873,1,0,0,19,33,1294,14,1492,5,0,0,0,56,51,6337230,0,27,11,152,19587,2252935,20867,1309,3,193856,140305,57752,58431,20848,11688,20839,11368,76,1098,1098,37,38115,17780,22391544,2247,78,427,259,4334056,4333952,112,128,77,91,168,6336868,4117406,94,129,3000,319,1163,0,91,0,924,7941135,2954,0,496,10,6,8,1535,18,13,1548,10,7,6,13
4800.96,1625060044491,50.011585330,1,0,0,22,35,1293,13,1504,5,0,0,0,0,54,6290299,0,25,9,148,7589,2178653,20790,1319,2,196639,142352,61671,62579,26068,15942,27089,16568,74,1097,1097,37,43819,22924,22050435,2245,77,426,266,4367297,4367204,110,126,76,91,168,6290123,4143007,94,127,3166,332,1404,0,90,0,925,7907091,2780,0,462,10,11,8,1563,21,13,1576,10,12,11,14
4850.97,1625060101807,50.008687869,1,0,0,18,29,1292,11,1486,4,0,0,0,2,32,6248030,0,25,9,140,11954,2131005,20870,1308,2,196524,142264,61430,62063,24003,13799,24010,13701,70,1100,1100,37,43658,20875,21774118,2251,77,430,264,4372296,4372190,108,124,76,90,168,6247604,4148440,94,127,3173,329,1402,0,90,0,921,7784872,2836,0,467,8,6,8,1553,21,13,1566,8,7,6,10
4900.98,1625060159398,50.009132672,1,0,0,20,34,1295,14,1490,5,0,0,0,2,37,6334929,0,31,11,152,7741,2200774,20241,1310,3,193430,139809,56784,57703,20807,11499,20878,11181,76,1090,1090,33,37552,17776,22176628,2239,81,426,258,4382031,4381934,112,127,79,93,168,6334749,4166627,93,131,2997,319,1161,0,92,0,910,7965726,2756,0,474,11,6,8,1518,18,13,1531,10,7,6,13
4950.99,1625060216398,50.009200559,1,0,0,20,33,1294,13,1492,5,0,0,0,28,50,6366370,0,27,11,148,8107,2223797,20444,1309,3,194626,141164,58975,59256,23349,12912,21009,10772,74,1090,1090,33,41265,20354,22342865,2239,75,425,265,4393474,4393375,112,128,73,84,161,6366165,4175582,93,124,3009,328,1181,0,85,0,911,8068230,2805,0,471,10,6,8,1522,18,13,1535,10,7,6,13
5001,1625060273207,50.009166409,1,0,0,22,39,1293,17,1495,6,0,0,0,64,60,6389860,0,26,11,164,11454,2255457,21303,1308,3,195632,141634,60112,60914,23819,13763,23887,13418,82,1087,1087,33,42941,20745,22534121,2233,75,427,265,4386847,4386749,110,126,74,87,164,6389625,4165920,93,125,3158,333,1402,0,86,0,913,8027634,3012,0,498,10,10,15,1547,21,13,1560,10,8,6,14
5051.01,1625060329504,50.009513807,1,0,0,20,34,1295,14,1488,5,0,0,0,4,45,6261602,0,42,11,152,27856,2128530,20842,1310,3,196396,142196,61689,62521,23998,13485,24054,13386,76,1103,1103,37,43670,20867,21784982,2257,78,426,266,4390545,4390447,112,126,76,89,168,6261416,4166819,94,127,3199,336,1407,0,89,0,923,7785986,2794,0,461,8,6,8,1558,21,14,1572,8,7,6,11
5101.02,1625060386503,50.009064167,1,0,0,24,37,1298,13,1480,5,0,0,0,28,51,6464200,0,29,11,148,12677,2316234,20624,1308,3,193635,140081,57320,58134,20686,10993,20736,10898,74,1096,1096,37,37907,17701,22891972,2243,75,431,259,4397445,4397349,112,126,73,88,164,6464089,4180785,94,125,2999,319,1163,0,88,0,922,8143559,2850,0,473,10,6,8,1528,18,16,1544,10,7,6,13
5151.03,1625060443373,50.009176071,1,0,0,20,34,1295,14,1497,5,0,0,0,2,59,6378320,0,25,11,152,15189,2224553,20523,1310,3,195485,141811,59632,60093,22418,12697,21088,11087,76,1098,1098,37,40066,19353,22377667,2247,80,426,265,4407118,4407010,112,128,78,91,168,6378057,4187089,94,129,3022,327,1189,0,91,0,922,8005834,2780,0,448,10,6,8,1524,18,13,1537,10,7,6,13
5201.04,1625060499976,50.009164620,1,0,0,21,37,1294,16,1499,6,0,0,0,26,56,6485928,0,30,11,160,20334,2313704,21187,1311,3,195103,141200,60452,61285,23953,13074,24039,12851,80,1086,1086,33,43132,20858,22962265,2231,79,424,264,4424129,4424028,114,129,78,90,168,6485753,4203484,93,129,3157,330,1400,0,90,0,914,8170941,2879,0,492,10,10,15,1558,21,13,1571,10,8,6,14
5251.05,1625060556987,50.009079488,1,0,0,22,35,1293,13,1516,5,0,0,0,62,71,6503453,0,32,9,148,8404,2347641,21619,1319,2,196159,142021,60847,61637,24072,13861,24134,13480,74,1135,1136,60,43334,20934,23108340,2275,77,429,267,4410250,4410152,110,127,75,87,166,6503241,4188591,94,126,3203,338,1429,11,87,2,955,8210728,3021,0,503,10,11,8,1556,21,13,1569,10,12,11,14
5301.06,1625060613839,50.009065723,1,0,0,17,29,2572,12,2894,4,0,0,0,42,81,6336461,0,28,14,144,20679,2180591,20385,2608,2,192283,139072,57767,58614,20649,10898,20707,10583,72,1088,1088,33,37354,17678,22104339,2235,77,425,259,4402616,4402498,108,123,75,87,164,6336186,4187381,93,127,2992,320,1165,0,87,0,914,7977705,2860,0,469,8,6,8,2824,23,18,2842,8,7,6,10
5351.07,1625060671251,50.009198123,1,0,0,21,34,1295,13,1489,5,0,0,0,48,65,6515501,0,26,11,148,18197,2333958,21298,1310,3,196087,142218,60926,61199,23887,13954,21361,10992,74,1099,1099,37,42528,20789,23104592,2249,77,428,266,4436788,4436696,112,128,75,88,165,6515370,4215028,94,126,3107,332,1316,0,88,0,924,8238653,2975,0,474,10,6,8,1534,18,13,1547,10,7,6,13
5401.08,1625060728652,50.009551128,1,0,0,19,33,1294,14,1490,5,0,0,0,18,66,6246238,0,26,11,152,7330,2092462,20714,1309,3,196624,142366,61482,62475,23997,13798,24105,13480,76,1098,1098,37,43644,20880,21600746,2246,78,427,265,4406534,4406441,112,128,76,91,168,6246046,4183335,94,127,3171,332,1406,0,90,0,924,7866520,2888,0,476,10,6,8,1548,21,13,1561,10,7,6,13
5451.09,1625060785812,50.009213259,1,0,0,18,30,1293,12,1492,4,0,0,0,0,57,6287604,0,25,9,144,10657,2102024,20926,1309,2,196626,142327,61452,62397,23987,14114,24144,13701,72,1098,1098,37,43694,20874,21737065,2247,78,426,265,4438994,4438896,108,125,76,92,168,6287435,4215642,94,127,3168,332,1404,0,90,0,924,7849278,2841,0,478,9,6,8,1551,21,13,1564,9,7,6,12
5501.1,1625060842475,50.009139439,1,0,0,18,29,1292,11,1472,4,0,0,0,10,61,6333198,0,32,9,140,5120,2152666,20554,1311,2,193371,139883,57869,58710,20897,11529,20971,11244,70,1140,1141,64,38289,17884,21958294,2277,75,426,260,4431232,4431138,108,124,74,87,166,6333069,4214257,95,126,3030,320,1187,11,87,2,956,7952789,2807,0,465,8,6,8,1514,18,14,1528,8,7,6,11
5551.11,1625060898982,50.011574735,1,0,0,19,33,1294,14,1493,5,0,0,0,39,34,6324965,0,27,11,152,6640,2175922,21232,1309,3,196301,142087,60628,61418,24019,14459,24073,14079,76,1097,1097,33,43180,20861,22090758,2253,80,427,265,4402723,4402617,112,127,78,90,168,6324801,4181329,93,129,3178,333,1403,0,90,0,916,7856172,2957,0,494,10,6,8,1556,21,13,1569,10,7,6,13
5601.12,1625060955935,50.008851284,1,0,0,21,34,1295,13,1511,5,0,0,0,22,68,6503263,0,27,11,148,5955,2339645,21008,1310,3,195586,141468,58102,58912,23473,14324,23511,14142,74,1089,1089,33,42063,20504,23078462,2237,71,427,265,4411792,4411701,112,128,70,84,155,6502907,4192583,89,120,3159,334,1404,0,81,0,920,8041646,2894,0,503,10,6,8,1531,21,13,1544,10,7,6,13
5651.13,1625061012883,50.009110864,1,0,0,19,33,1294,14,1482,5,0,0,0,30,57,6420634,0,27,11,152,6612,2269410,20818,1309,3,194277,140175,58208,59136,21436,12033,23583,13543,76,1092,1092,33,40263,18364,22622091,2243,78,430,259,4401882,4401771,112,126,77,91,168,6420288,4183862,93,129,3152,325,1384,0,89,0,922,8099375,2865,0,499,10,6,8,1551,21,13,1564,10,7,6,13
5701.14,1625061069424,50.008762346,1,0,0,22,36,1297,14,1494,5,0,0,0,0,55,6631615,0,25,11,152,7182,2453870,20751,1310,3,193736,140122,57784,58385,20844,11153,20815,10709,76,1095,1095,37,38106,17781,23790873,2241,78,426,259,4423990,4423888,112,127,77,91,168,6631265,4207067,94,129,2997,319,1168,0,90,0,928,8398634,2790,0,467,8,6,8,1530,19,17,1547,8,7,6,11
5751.15,1625061126461,50.010293900,1,0,0,25,38,1299,13,1488,5,0,0,0,55,91,6376790,0,25,11,148,23055,2224559,21075,1310,3,196176,142054,59795,60894,23622,13635,23825,13701,74,1097,1097,37,42959,20647,22376075,2245,74,428,265,4406965,4406864,112,128,73,89,160,6375953,4185723,90,122,3167,331,1405,0,84,0,917,7933397,2933,0,509,11,6,8,1553,21,16,1569,10,7,6,13
5801.16,1625061183209,50.009312710,1,0,0,20,34,1295,14,1488,5,0,0,0,2,64,6286445,0,25,11,152,14148,2118873,20204,1309,3,195796,141749,61483,62365,24029,13545,24075,13072,76,1093,1093,37,43697,20891,21821326,2237,78,425,265,4417080,4416984,112,127,76,90,168,6286214,4194331,94,127,3158,332,1404,0,89,0,922,7850409,2807,0,478,10,6,8,1548,21,13,1561,10,7,6,13
5851.17,1625061239748,50.010744303,1,0,0,21,37,1294,16,1474,6,0,0,0,0,31,6227331,0,40,11,160,23801,2094213,20334,1308,3,192516,139076,56493,57898,20671,11367,23311,13481,80,1089,1089,33,37895,17686,21550034,2236,74,423,259,4378551,4378461,114,129,72,85,163,6227230,4163769,93,124,3021,323,1183,0,84,0,911,7643117,2754,0,492,10,10,15,1538,21,13,1551,10,8,6,14
5901.18,1625061296913,50.008698985,1,0,0,22,35,1293,13,1502,5,0,0,0,46,51,6638065,0,27,9,150,15354,2424331,21449,1319,2,192522,139390,57620,57604,21329,11844,20726,10993,75,1085,1085,33,38282,18276,23680394,2229,76,428,264,4459876,4459776,112,128,76,87,164,6637623,4245144,93,127,2999,328,1182,0,88,0,917,8318774,2937,0,482,10,11,8,1537,18,13,1550,10,12,11,14
5951.19,1625061353879,50.011717730,1,0,0,17,29,2572,12,2885,4,0,0,0,7,47,6334249,0,26,14,144,11031,2202957,20400,2609,2,195907,141747,62015,62921,23993,13769,24057,13732,72,1089,1089,33,43165,20842,22222596,2237,80,425,265,4386689,4386591,108,123,78,94,168,6334116,4163711,93,129,3170,333,1407,0,91,0,915,7955312,2780,0,483,8,6,8,2833,26,19,2852,8,7,6,10
6001.2,1625061411097,50.009080851,1,0,0,20,33,1294,13,1496,5,0,0,0,56,88,6454219,0,28,11,148,16310,2301967,21715,1308,3,196689,142495,61673,62333,24037,13516,24036,13386,74,1098,1098,37,43654,20855,22810013,2247,76,429,266,4409797,4409696,112,128,76,90,168,6453874,4186480,94,127,3170,339,1408,0,90,0,928,8021714,3033,0,512,10,6,8,1541,21,13,1554,10,7,6,13
6051.21,1625061467439,50.008692481,1,0,0,22,41,1295,19,1484,6,0,0,0,26,49,6809781,0,36,11,174,6563,2603363,21639,1309,3,193897,140304,58559,59160,21035,11155,21039,10835,87,1139,1140,64,38499,17957,24713825,2275,79,427,261,4454291,4454187,116,132,78,91,170,6809448,4236579,95,130,3033,323,1188,11,91,2,961,8629010,2906,0,488,10,7,15,1528,18,13,1541,10,8,6,14
6101.22,1625061524208,50.009257109,1,0,0,21,34,1292,13,1492,5,0,0,0,0,37,6603465,0,27,9,148,3566,2437639,20505,1318,2,193940,140264,57390,58245,20687,11244,20731,11056,74,1100,1100,37,37880,17689,23645002,2250,75,427,259,4414633,4414543,110,125,73,86,164,6603285,4197596,94,125,3004,319,1163,0,86,0,925,8220003,2753,0,450,10,11,8,1539,18,13,1552,10,12,11,14
6151.23,1625061581610,50.009065753,1,0,0,24,37,1292,13,1491,5,0,0,0,26,71,6329653,0,26,11,148,14585,2177249,20710,1309,3,196042,141850,60030,60907,23844,13985,23937,13921,74,1089,1089,33,42953,20766,22090027,2237,75,431,264,4406761,4406661,112,128,74,87,164,6329501,4185887,93,125,3158,329,1398,0,87,0,918,7783715,2915,0,504,8,6,8,1543,21,13,1556,8,7,6,11
6201.24,1625061638573,50.010389273,1,0,0,20,34,1295,14,1490,5,0,0,0,28,60,6271891,0,25,11,152,18889,2112053,20631,1309,3,195383,141412,60636,61700,23953,13831,24115,13544,76,1091,1091,33,43122,20844,21738854,2241,80,425,265,4410908,4410814,112,126,79,91,168,6271695,4190096,93,129,3172,333,1406,0,91,0,917,7839415,2905,0,500,11,6,8,1553,21,13,1566,10,7,6,13
6251.25,1625061695347,50.009215844,1,0,0,21,34,1295,13,1471,5,0,0,0,22,45,6311312,0,27,11,148,12408,2146220,20489,1309,3,193075,139570,55938,56834,20498,10798,20569,10677,74,1090,1090,33,37165,17603,21918263,2239,73,426,259,4410356,4410267,112,127,71,85,160,6311165,4196094,93,123,2993,321,1162,0,83,0,911,7726811,2838,0,477,10,6,8,1517,18,13,1530,10,7,6,13
6301.26,1625061752646,50.009144596,1,0,0,20,37,1294,17,1493,6,0,0,0,38,57,6360041,0,32,11,164,22229,2207592,21181,1309,3,196204,142025,60915,61748,24088,13735,24143,13449,82,1136,1137,60,43368,20943,22306492,2277,76,428,268,4407026,4406929,114,127,75,87,166,6359784,4185086,94,126,3209,341,1429,11,88,2,952,7900928,3012,0,500,10,10,15,1552,21,13,1565,10,8,6,14
6351.27,1625061809547,50.009204456,1,0,0,19,33,1294,14,1499,5,0,0,0,8,76,6197886,0,28,11,152,17093,2022504,20694,1310,3,196038,141933,61550,62451,24008,14113,24093,13890,76,1095,1095,37,43693,20875,21229323,2241,78,425,265,4428208,4428110,112,127,76,91,168,6197730,4205275,94,127,3167,334,1412,0,89,0,923,7611097,2873,0,482,8,6,8,1552,21,14,1566,8,7,6,10
6401.28,1625061867070,50.009169485,1,0,0,25,38,1299,13,1473,5,0,0,0,0,71,6244310,0,25,11,148,15640,2107262,20400,1309,3,193338,139807,57343,58436,21612,11590,20742,10520,74,1096,1096,37,38006,18634,21646638,2243,73,424,259,4383014,4382909,112,128,73,89,164,6244054,4166509,94,125,2994,319,1162,0,86,0,919,7795484,2752,0,476,10,6,8,1518,18,17,1535,10,7,6,13
6451.3,1625061923922,50.015125725,1,0,0,19,33,1294,14,1476,5,0,0,0,43,43,6571418,0,29,11,152,19527,2396284,20989,1310,3,193119,139762,57804,58558,20857,11121,20907,10929,76,1093,1093,37,38164,17817,23448530,2237,79,426,259,4424280,4424180,112,127,78,90,168,6571056,4207828,94,129,2991,320,1169,0,90,0,922,8360659,2885,0,451,10,6,8,1539,18,13,1552,10,7,6,13
6501.31,1625061981398,50.009138246,1,0,0,22,38,1295,16,1492,6,0,0,0,18,69,6523418,0,25,11,160,17093,2332856,20617,1309,3,195890,141733,60051,60787,23846,13733,23913,13732,80,1087,1087,33,42965,20768,23094060,2233,76,426,264,4442047,4441953,114,130,74,86,163,6523252,4221116,93,125,3156,329,1399,0,87,0,915,8181132,2930,0,497,11,10,15,1551,21,13,1564,10,8,6,14
6551.32,1625062037570,50.009022628,1,0,0,18,29,1292,11,1499,4,0,0,0,0,73,6532870,0,34,9,140,13805,2370449,20732,1307,2,196024,141830,60872,61827,24059,13893,24160,13543,70,1135,1136,60,43359,20924,23290732,2275,77,427,267,4415738,4415619,108,123,75,88,166,6532628,4193355,94,126,3204,338,1430,11,87,2,957,8315825,2809,0,466,9,6,8,1540,21,13,1553,9,7,6,12
6601.33,1625062094548,50.011459328,1,0,0,17,29,2572,12,2872,4,0,0,0,25,50,6637765,0,25,14,146,4181,2423736,20658,2606,2,192963,139463,57895,59315,20571,11273,23200,13355,73,1088,1088,33,37425,17658,23634612,2235,73,425,259,4460814,4460727,110,125,72,86,163,6637639,4244842,93,124,3001,323,1185,0,85,0,922,8430553,2875,0,488,8,6,8,2838,26,18,2856,8,7,6,10
6651.34,1625062151111,50.008440214,1,0,0,21,34,1295,13,1471,5,0,0,0,20,56,6531097,0,40,11,148,12269,2339641,20473,1310,3,193095,139720,57260,57349,20674,11023,20682,10929,74,1095,1095,37,37919,17690,23107958,2241,74,426,259,4440363,4440268,112,128,73,86,164,6530574,4224503,94,125,3008,319,1169,0,86,0,915,8240832,2819,0,470,11,6,8,1529,18,13,1542,10,7,6,13
6701.35,1625062207597,50.009140615,1,0,0,20,34,1295,14,1495,5,0,0,0,56,72,6269429,0,25,11,152,17463,2133089,20718,1310,3,195512,141651,61419,62228,23987,13576,24048,13197,76,1088,1088,37,43680,20879,21789877,2227,77,430,265,4391502,4391396,112,128,76,90,168,6269272,4169513,94,127,3148,332,1407,0,89,0,921,7792676,3005,0,497,10,6,8,1543,21,13,1556,10,7,6,13
6751.36,1625062264937,50.008930184,1,0,0,21,34,1292,13,1518,5,0,0,0,8,37,6845495,0,27,9,148,18560,2618195,22160,1320,2,196663,142385,62415,62946,24293,13836,24306,13575,74,1096,1096,37,44097,21039,24905329,2243,84,426,265,4483424,4483305,110,126,84,98,176,6845108,4259328,94,135,3173,332,1407,0,97,0,923,8725875,2940,0,503,10,11,8,1563,21,13,1576,10,12,11,14
6801.37,1625062321882,50.009912579,1,0,0,20,33,1294,13,1487,5,0,0,0,62,70,6551279,0,28,11,148,5756,2368147,20493,1310,3,192881,139427,56763,58184,20754,11055,23428,13386,74,1086,1086,33,38264,17768,23258667,2231,77,426,258,4430454,4430355,112,128,76,89,167,6551134,4215838,93,128,3001,319,1185,0,88,0,906,8340549,2922,0,488,9,6,8,1547,21,12,1559,9,7,6,12
6851.38,1625062378659,50.009286693,1,0,0,24,38,1299,14,1472,5,0,0,0,62,47,6448919,0,32,11,152,13242,2307674,20902,1311,3,192868,139513,56541,57345,20741,11276,20795,11150,76,1130,1131,60,37526,17761,22807222,2265,74,427,261,4389527,4389438,112,128,72,85,162,6448779,4175078,94,124,3025,324,1185,11,85,2,947,8172838,3021,0,481,9,6,8,1529,18,17,1546,9,7,6,12
6901.39,1625062435782,50.008809878,1,0,0,20,33,1294,13,1500,5,0,0,0,0,44,6388905,0,26,11,148,8803,2238447,20892,1310,3,195932,141738,60068,60741,23806,13921,23809,13513,74,1094,1094,33,42920,20751,22466012,2247,75,426,265,4401419,4401319,112,127,74,86,164,6388564,4179984,93,125,3171,334,1401,0,87,0,920,8043663,2859,0,469,10,6,8,1556,21,13,1569,10,7,6,13
6951.4,1625062492490,50.009190416,1,0,0,21,38,1295,17,1512,6,0,0,0,26,66,6018459,0,28,11,164,19694,1942077,20742,1310,3,196327,142190,61757,62768,26059,15248,27132,16158,82,1097,1097,37,43782,22920,20563943,2245,78,430,267,4333560,4333464,114,130,76,93,168,6018333,4109579,94,127,3171,338,1411,0,90,0,925,7441412,2930,0,481,10,10,15,1554,21,13,1567,10,8,6,14
7001.41,1625062549805,50.009362247,1,0,0,21,35,1296,14,1501,5,0,0,0,24,62,6186127,0,32,11,152,18404,2094486,20658,1311,3,193376,139960,59199,59996,21280,10913,21328,10772,76,1098,1098,37,38763,18069,21462392,2247,91,425,259,4342839,4342736,112,127,89,102,180,6185995,4124953,94,141,3007,319,1171,0,102,0,919,7741215,2861,0,495,8,6,8,1529,19,17,1546,8,7,6,11
7051.42,1625062606887,50.009222138,1,0,0,18,29,1292,11,1494,4,0,0,0,16,48,6665314,0,25,9,140,7242,2560685,21423,1309,2,196004,142258,62189,62538,24204,13712,21632,11024,70,1097,1097,37,43059,20971,24282979,2245,85,427,265,4360012,4359907,108,124,83,96,176,6665104,4137914,96,135,3018,329,1193,0,97,0,922,8510637,2895,0,474,9,6,8,1532,18,13,1545,9,7,6,12
7101.43,1625062663596,50.009335341,1,0,0,20,34,1295,14,1488,5,0,0,0,22,77,6357281,0,32,11,152,22479,2256572,21291,1311,3,195111,141320,62168,63054,24198,14022,24288,13355,76,1135,1136,64,43991,21025,22499589,2267,78,424,267,4355019,4354917,112,128,77,92,170,6357118,4132174,95,128,3193,337,1432,11,91,2,951,7980457,2952,0,518,10,6,8,1557,21,13,1570,10,7,6,13
7151.44,1625062720657,50.009241771,1,0,0,22,38,1295,16,1505,6,0,0,0,20,69,6431686,0,25,11,162,24436,2269245,21142,1308,3,195334,141355,60095,60866,23821,13512,23862,13261,81,1087,1087,33,42958,20762,22677750,2233,75,425,265,4413587,4413493,116,132,74,86,164,6431518,4192969,93,125,3156,333,1404,0,86,0,919,8034446,2900,0,495,10,10,15,1552,21,13,1565,10,8,6,14
7201.45,1625062777977,50.008797301,1,0,0,21,34,1292,13,1490,5,0,0,0,38,31,6510648,0,27,9,148,6216,2407474,21470,1320,2,192740,139367,55902,56521,20442,10705,20471,10394,74,1088,1088,33,37132,17537,23322351,2235,71,430,259,4350179,4350079,110,126,71,84,160,6510281,4136403,93,123,2992,320,1166,0,83,0,917,8190265,2933,0,475,10,11,8,1529,18,13,1542,10,12,11,14
7251.46,1625062834966,50.009287959,1,0,0,16,28,2571,12,2896,4,0,0,0,46,47,6507028,0,25,14,144,17298,2407986,20915,2609,2,195870,141809,61987,62904,23946,14082,24033,13606,72,1089,1089,33,43141,20848,23377411,2237,80,426,265,4355368,4355272,108,124,78,91,168,6506876,4132774,93,129,3165,333,1410,0,90,0,915,8287391,2912,0,491,8,6,8,2837,26,17,2854,8,7,6,10
7301.47,1625062892262,50.008687418,1,0,0,21,34,1295,13,1489,5,0,0,0,48,56,6262117,0,26,11,150,20108,2144471,20950,1309,3,196002,141991,61532,62299,23999,13640,24043,13291,75,1095,1095,37,43645,20843,21871886,2239,77,427,265,4370023,4369917,114,130,76,89,168,6261714,4147523,94,127,3165,332,1409,0,89,0,922,7836572,3021,0,495,10,6,8,1542,21,13,1555,10,7,6,13
7351.48,1625062948901,50.008797900,1,0,0,21,40,1294,19,1471,6,0,0,0,0,55,6347715,0,31,11,172,9517,2192400,20362,1307,3,193915,140267,58090,58586,20862,11058,20879,10866,86,1143,1144,64,38266,17852,22167155,2283,75,427,261,4403545,4403436,114,130,74,87,166,6347228,4185906,95,126,3037,323,1190,11,88,2,954,7983072,2805,0,470,10,7,15,1530,18,13,1543,10,8,6,14
7401.5,1625063005790,50.015427043,1,0,0,21,35,1293,14,1492,6,0,0,0,44,64,6462871,0,28,11,152,9166,2316630,20767,1308,3,193871,140287,57404,58322,20700,11056,20746,10804,76,1096,1096,37,37953,17707,22860479,2243,75,428,259,4393987,4393894,110,126,74,87,164,6462603,4177584,94,125,2995,319,1160,0,87,0,922,8191355,2917,0,484,10,6,8,1527,18,13,1540,10,7,6,13
7451.51,1625063062642,50.009166414,1,0,0,21,34,1295,13,1489,5,0,0,0,16,50,6678132,0,42,11,148,3162,2500607,21599,1308,3,196313,142051,60630,61451,23973,13549,24016,13229,74,1091,1091,33,43147,20833,24077611,2241,80,427,265,4431185,4431085,112,128,78,91,168,6677951,4209590,93,129,3181,333,1401,0,90,0,917,8474667,2918,0,504,8,6,8,1551,21,14,1565,8,7,6,11
7501.52,1625063118688,50.009161768,1,0,0,24,38,1299,14,1490,5,0,0,0,10,67,6419845,0,26,11,152,5527,2260594,20823,1308,3,196109,141875,60088,60720,23793,13416,23804,13354,76,1092,1092,33,42934,20734,22595313,2243,75,430,265,4413019,4412920,112,128,74,87,164,6419458,4191889,93,125,3166,334,1401,0,86,0,917,8081262,2848,0,484,9,6,8,1540,21,16,1556,9,7,6,12
7551.53,1625063175939,50.009550689,1,0,0,21,34,1295,13,1486,5,0,0,0,0,51,6608202,0,27,11,148,5696,2458166,20832,1309,3,194607,140363,58827,60056,22521,12445,23850,13449,74,1090,1090,33,41376,19444,23773802,2239,77,426,259,4401665,4401560,112,128,77,90,168,6607967,4182360,93,129,3150,327,1382,0,90,0,917,8463236,2815,0,477,10,6,8,1548,21,13,1561,10,7,6,13
7601.54,1625063232201,50.009148810,1,0,0,21,38,1295,17,1482,6,0,0,0,34,47,6375014,0,27,11,164,3991,2210460,20612,1310,3,193987,140357,57332,58142,20694,10707,20745,10614,82,1097,1097,37,37907,17710,22278095,2245,75,428,259,4413960,4413862,114,130,73,87,164,6374743,4197272,94,125,2996,320,1161,0,86,0,918,7796759,2890,0,475,10,10,15,1533,18,13,1546,10,8,6,14
7651.55,1625063289733,50.009176477,1,0,0,21,35,1296,14,1499,5,0,0,0,38,60,6389333,0,27,11,152,18435,2252525,21181,1310,3,195327,141497,61972,62807,24133,13989,24224,13795,76,1091,1091,37,43937,20975,22541149,2233,82,424,265,4390010,4389905,112,128,80,93,172,6389183,4167647,94,131,3157,332,1403,0,93,0,914,8008503,2930,0,505,8,6,8,1554,22,17,1571,8,7,6,11
7701.56,1625063346466,50.008923244,1,0,0,17,28,1291,11,1499,4,0,0,0,58,59,6622541,0,26,9,140,7955,2465913,21607,1313,2,196423,142300,61484,62196,23999,13419,24015,13229,70,1095,1095,37,43661,20839,23828262,2241,77,428,265,4410080,4409976,108,124,76,89,168,6622203,4187281,94,127,3163,332,1406,0,89,0,924,8173588,3030,0,499,9,6,8,1550,21,12,1562,9,7,6,11
7751.57,1625063403687,50.009132390,1,0,0,20,34,1295,14,1486,5,0,0,0,68,65,6233134,0,27,11,152,14391,2110219,20752,1309,3,193533,139779,58376,59663,20889,11497,23575,13859,76,1092,1092,37,39167,17867,21622069,2235,76,430,259,4371572,4371466,112,128,74,87,167,6232951,4153290,94,126,3142,324,1382,0,87,0,919,7669752,2988,0,503,10,6,8,1560,21,13,1573,10,7,6,13
7801.58,1625063460913,50.009186205,1,0,0,20,33,1294,13,1492,5,0,0,0,24,55,6300646,0,26,11,148,5364,2181671,19976,1310,3,192581,139247,56394,57195,20684,11213,20717,11024,74,1087,1087,33,37357,17675,21992419,2233,77,425,259,4365659,4365554,112,127,75,87,164,6300496,4151117,93,127,2991,320,1166,0,88,0,912,7785349,2774,0,470,10,6,8,1518,18,13,1531,10,7,6,13
7851.59,1625063517788,50.009983246,1,0,0,22,35,1293,13,1514,5,0,0,0,8,72,6452414,0,25,9,148,12201,2291931,20891,1319,2,194613,140821,60123,60791,23804,13637,23810,13733,74,1085,1085,33,42920,20756,22803825,2229,74,423,265,4409139,4409043,110,126,74,87,164,6451996,4188739,93,125,3155,333,1409,0,86,0,916,8022170,2834,0,487,10,11,8,1557,21,13,1570,10,12,11,14
7901.6,1625063574796,50.009183690,1,0,0,17,29,2572,12,2878,4,0,0,0,30,80,6334985,0,34,14,144,19079,2200878,20728,2610,2,195227,141316,62169,62998,24069,13860,24142,13858,72,1131,1132,60,43331,20954,22218612,2267,77,425,267,4388471,4388368,108,124,75,87,166,6334851,4165556,94,126,3196,337,1429,11,87,2,952,7875133,2916,0,490,8,6,8,2840,26,19,2859,8,7,6,11
7951.61,1625063631229,50.009148323,1,0,0,21,34,1295,13,1478,5,0,0,0,26,60,6342696,0,29,11,148,19957,2205716,20539,1311,3,193528,140027,57784,58587,20810,11060,20869,10677,74,1097,1097,37,38122,17782,22216950,2245,78,426,259,4387531,4387433,112,128,77,90,168,6342540,4170602,94,129,2999,319,1167,0,90,0,923,8010299,2803,0,472,10,6,8,1534,18,13,1547,10,7,6,13
8001.62,1625063688367,50.008807849,1,0,0,21,38,1295,17,1498,6,0,0,0,8,36,6546119,0,25,11,164,11863,2388265,21087,1310,3,195545,141880,60205,60232,23425,13418,21150,11055,82,1095,1095,37,41703,20329,23379653,2241,75,430,265,4408193,4408086,114,130,75,86,165,6545747,4187946,94,126,3007,327,1186,0,88,0,925,8247512,2815,0,460,10,10,15,1536,18,13,1549,10,8,6,14
8051.63,1625063745412,50.009298656,1,0,0,21,34,1295,13,1490,5,0,0,0,50,51,6638411,0,25,11,148,8353,2481908,21299,1311,3,196437,142307,62042,62854,24157,13865,24237,13795,74,1095,1095,37,43933,20980,23912189,2241,83,427,265,4413027,4412925,112,128,80,93,172,6638201,4189648,94,131,3170,332,1408,0,93,0,924,8456540,2954,0,497,10,6,8,1553,21,13,1566,10,7,6,13
8101.64,1625063802350,50.010899031,1,0,0,21,34,1295,13,1495,5,0,0,0,1,46,6346512,0,28,11,148,24552,2138592,20349,1307,3,195191,141210,60067,60478,23858,13542,23834,13166,74,1088,1088,33,42904,20748,21995813,2235,75,424,265,4457436,4457332,112,128,74,88,164,6345906,4236700,93,125,3160,333,1402,0,87,0,912,7862333,2781,0,488,8,6,8,1554,21,13,1567,8,7,6,10
8151.65,1625063859044,50.013701568,1,0,0,23,37,1298,14,1474,5,0,0,0,40,42,6545427,0,31,11,152,15666,2367406,20799,1309,3,192926,139541,56657,57474,20760,11053,20805,10772,76,1134,1135,60,37526,17775,23245370,2273,74,427,261,4425920,4425818,112,128,72,84,162,6545198,4211102,94,124,3031,324,1195,11,84,2,952,8276820,2939,0,484,8,6,8,1526,18,16,1542,8,7,6,10
8201.66,1625063915990,50.009283068,1,0,0,21,34,1295,13,1491,5,0,0,0,24,68,6302631,0,25,11,148,3721,2166716,20205,1309,3,195638,141606,60075,60872,23824,13826,23877,13512,74,1092,1092,33,42892,20750,21981907,2243,76,426,265,4389569,4389474,112,128,74,87,164,6302444,4168950,93,125,3167,333,1409,0,86,0,913,7894253,2807,0,479,10,6,8,1548,21,13,1561,10,7,6,13
8251.67,1625063973054,50.010899574,1,0,0,20,37,1294,17,1492,6,0,0,0,43,66,6340782,0,42,11,164,14888,2206201,21337,1309,3,195173,141395,61414,61838,24016,14082,24019,13858,82,1089,1089,37,43633,20825,22259739,2229,77,425,264,4386458,4386343,114,130,76,89,168,6339988,4164807,94,127,3165,330,1411,0,89,0,919,7929776,3006,0,506,10,10,15,1556,21,13,1569,10,8,6,14
8301.68,1625064029745,50.009836912,1,0,0,18,30,1293,12,1482,4,0,0,0,68,81,6334696,0,33,9,144,16447,2192301,20927,1311,2,194118,140255,60187,61378,23188,13135,23975,13228,72,1093,1093,37,42575,20085,22155860,2237,77,426,260,4396146,4396054,108,124,76,90,169,6334607,4175614,95,128,3160,324,1391,0,89,0,920,7901240,2980,0,490,9,6,8,1551,21,13,1564,9,7,6,12
8351.69,1625064086441,50.009210759,1,0,0,18,29,2572,11,2863,4,0,0,0,4,49,6567186,0,37,14,140,14328,2402130,20802,2608,2,193634,140056,59150,60107,20825,10808,20923,10740,70,1096,1096,37,38076,17787,23459850,2243,79,426,259,4413421,4413319,108,124,77,91,168,6567019,4195038,94,129,3010,320,1169,0,91,0,922,8326259,2805,0,449,10,6,8,2818,23,19,2837,9,7,6,12
8401.7,1625064143322,50.009756213,1,0,0,20,34,1295,14,1501,5,0,0,0,86,81,6544135,0,28,11,152,14312,2407213,21145,1308,3,195697,141741,60477,61079,23927,13230,23963,12977,76,1089,1089,33,43002,20793,23447718,2237,77,428,266,4389748,4389638,112,129,77,91,167,6544021,4169100,92,128,3165,337,1405,0,89,0,915,8334206,3098,0,498,10,6,8,1538,21,13,1551,10,7,6,13
8451.71,1625064199871,50.013540766,1,0,0,21,34,1295,13,1500,5,0,0,0,10,64,6171801,0,26,11,148,10314,2061491,19999,1310,3,196048,141852,60123,61015,23827,14518,23888,14236,74,1091,1091,33,42905,20767,21307163,2241,76,426,265,4365406,4365316,112,129,75,86,164,6171507,4143989,93,125,3168,334,1413,0,86,0,915,7726157,2802,0,462,10,6,8,1555,21,13,1568,10,7,6,13
8501.72,1625064257393,50.010007063,1,0,0,22,35,1293,13,1499,5,0,0,0,6,68,6404141,0,25,9,148,6914,2260357,20474,1319,2,194484,140269,57846,59212,21411,11746,23559,13449,74,1090,1090,33,40157,18383,22566359,2239,75,426,259,4392746,4392652,110,126,73,88,164,6404054,4174555,93,125,3146,325,1382,0,85,0,915,8118594,2768,0,466,10,11,8,1562,21,13,1575,10,12,11,14
8551.73,1625064314127,50.009291967,1,0,0,24,38,1292,14,1471,5,0,0,0,58,37,6565828,0,26,11,152,7384,2404637,20749,1309,3,193633,140023,56643,57597,21618,11843,20733,10646,76,1093,1093,35,37848,18635,23450032,2241,74,433,258,4405737,4405642,112,128,73,86,163,6565656,4190972,94,125,2992,316,1157,0,86,0,921,8325695,2916,0,457,9,6,8,1520,18,14,1534,9,7,6,12
8601.74,1625064370788,50.009174805,1,0,0,20,33,1294,13,1505,5,0,0,0,12,67,6445963,0,28,11,148,7612,2233843,20978,1308,3,195898,141869,62427,63323,24308,13427,24383,13198,74,1094,1094,37,44138,21057,22591630,2239,87,424,265,4460137,4460027,112,127,84,100,176,6445724,4236603,94,135,3169,332,1403,0,97,0,922,8087560,2862,0,483,9,6,8,1555,21,12,1567,9,7,6,12
8651.75,1625064427849,50.009187121,1,0,0,21,38,1295,17,1489,6,0,0,0,0,52,6310643,0,26,11,164,13924,2139064,20854,1307,3,196549,142283,61488,62281,24011,13768,24050,13513,82,1101,1101,37,43763,20876,21937221,2252,76,427,265,4426597,4426494,114,130,76,91,168,6310436,4203174,94,127,3174,332,1403,0,90,0,920,7838628,2839,0,476,10,10,15,1555,21,13,1568,10,8,6,14
8701.76,1625064484474,50.009620169,1,0,0,20,33,1294,13,1502,5,0,0,0,4,54,6350814,0,33,11,150,12253,2200066,21044,1308,3,194937,140733,60629,61928,22258,11946,24192,13261,75,1144,1145,64,41826,19074,22230839,2285,83,426,262,4403904,4403801,114,128,80,95,174,6350719,4182120,95,132,3198,332,1413,11,93,2,961,7934788,2805,0,467,10,6,8,1548,21,13,1561,10,7,6,13
8751.77,1625064541328,50.010548836,1,0,0,22,35,1296,13,1471,5,0,0,0,39,85,6393739,0,26,11,148,22681,2237733,20669,1309,3,193203,139707,55906,56804,20520,11147,20598,11055,74,1091,1091,33,37182,17572,22462915,2241,73,427,259,4399682,4399587,112,127,71,86,160,6393580,4185474,93,123,2995,320,1166,0,84,0,914,8077946,2865,0,483,8,6,8,1527,19,16,1543,8,7,6,11
8801.78,1625064598433,50.009144811,1,0,0,17,29,1292,12,1502,4,0,0,0,26,53,6335785,0,26,9,144,11486,2165414,20879,1310,2,196232,142017,60105,60934,23816,13605,23880,13292,72,1094,1094,33,42956,20754,22078617,2247,76,431,265,4422631,4422537,108,124,74,86,164,6335722,4201186,93,125,3173,333,1409,0,86,0,919,7943404,2827,0,462,10,6,8,1558,21,14,1572,10,7,6,13
8851.79,1625064655919,50.008789058,1,0,0,21,34,1295,13,1505,5,0,0,0,10,59,6565124,0,32,11,148,12576,2388198,21552,1308,3,196505,142196,61543,62184,24198,13871,24206,13638,74,1097,1097,33,43596,21002,23433236,2253,87,427,265,4431004,4430890,112,128,86,98,176,6564724,4208542,93,137,3189,333,1405,0,98,0,925,8336189,2922,0,498,10,6,8,1541,21,13,1554,10,7,6,13
8901.8,1625064712883,50.009137764,1,0,0,21,38,1295,17,1469,6,0,0,0,4,81,6122927,0,26,11,164,21048,2016344,19797,1308,3,193815,140189,57380,58191,20647,10961,20726,10898,82,1099,1099,37,37918,17686,21044595,2249,75,426,259,4355398,4355298,114,130,73,87,164,6122691,4138356,94,125,2999,320,1165,0,87,0,920,7651493,2708,0,444,10,10,15,1534,18,13,1547,10,8,6,14
8951.81,1625064769386,50.009013053,1,0,0,18,30,1293,12,1491,4,0,0,0,6,59,6198218,0,32,9,144,7130,2056841,20465,1309,2,195619,141955,60038,60400,22599,12727,21143,11465,72,1146,1147,64,40385,19516,21334781,2287,76,426,267,4393047,4392944,108,123,75,88,166,6197959,4172526,95,126,3063,331,1220,11,88,2,955,7717229,2817,0,462,9,6,8,1531,18,13,1544,9,7,6,12
9001.82,1625064825716,50.010673769,1,0,0,18,29,2572,11,2882,4,0,0,0,0,47,6434576,0,26,14,140,21023,2234809,20885,2610,2,196367,142186,62962,63769,23984,13989,24047,14016,70,1099,1099,37,43709,20863,22557014,2248,78,425,265,4457047,4456947,108,124,76,90,168,6434324,4232236,94,127,3170,333,1410,0,90,0,921,8105550,2839,0,494,9,6,8,2836,26,19,2855,8,7,6,10
9051.83,1625064882863,50.011782256,1,0,0,19,33,1294,14,1494,5,0,0,0,13,58,6251643,0,40,11,152,24807,2102920,20928,1310,3,194363,140679,60626,61504,23974,13799,24039,13260,76,1086,1086,33,43181,20834,21660381,2231,79,427,265,4400199,4400093,112,129,78,91,168,6251383,4180024,93,129,3170,333,1408,0,90,0,914,7734439,2830,0,495,10,6,8,1556,21,13,1569,10,7,6,13
9101.84,1625064940107,50.009130726,1,0,0,23,41,1295,18,1486,6,0,0,0,42,47,6505185,0,25,11,168,22253,2362143,20545,1308,3,191576,138572,56399,57218,20656,11244,20713,11056,84,1083,1083,33,37397,17667,23167329,2225,77,423,259,4387579,4387490,114,130,75,87,164,6505100,4174316,93,127,2984,320,1171,0,87,0,912,8298988,2876,0,499,10,7,15,1520,18,13,1533,10,8,6,14
9151.85,1625064997093,50.008622968,1,0,0,19,34,1292,15,1490,6,0,0,0,32,93,6249202,0,25,11,156,15318,2126059,20650,1307,3,196169,141983,60106,60727,23869,13889,23869,13544,78,1094,1094,33,42913,20746,21753678,2247,74,428,265,4374004,4373901,110,127,74,88,164,6248813,4152610,93,125,3169,333,1410,0,86,0,917,7852590,2917,0,489,10,6,8,1549,21,13,1562,10,7,6,13
9201.86,1625065053795,50.008659701,1,0,0,19,33,1294,14,1491,5,0,0,0,70,77,6294720,0,32,11,152,25659,2216144,21371,1310,3,195700,141839,62133,62535,24189,13928,24198,13733,76,1133,1134,64,44037,21004,22183247,2262,78,427,266,4335304,4335205,112,128,77,90,170,6294319,4112437,95,128,3193,333,1437,11,91,2,958,7923969,3061,0,498,8,6,8,1547,21,12,1559,8,7,6,11
9251.87,1625065109444,50.009277699,1,0,0,25,39,1299,14,1490,5,0,0,0,24,57,6332678,0,28,11,152,12936,2221709,21117,1307,3,196396,142180,59944,60796,23722,14175,23786,14079,76,1099,1099,37,42990,20690,22277205,2249,78,427,265,4366136,4366043,114,130,76,89,163,6332553,4144144,90,126,3174,331,1412,0,88,0,921,7944216,2891,0,483,8,6,8,1543,21,17,1560,8,7,6,10
9301.88,1625065166291,50.009350024,1,0,0,20,34,1295,14,1472,5,0,0,0,6,57,6350379,0,29,11,152,12362,2235830,20716,1309,3,193801,140183,57711,58612,20794,11185,20889,10678,76,1097,1097,37,38157,17803,22315916,2245,79,426,259,4360963,4360869,112,127,77,91,168,6350176,4144069,94,129,3001,319,1166,0,91,0,921,7974881,2808,0,461,10,6,8,1537,18,13,1550,10,7,6,13
9351.89,1625065223378,50.009200834,1,0,0,22,38,1295,16,1475,6,0,0,0,36,50,6499241,0,28,11,160,16520,2348093,21331,1311,3,191871,138750,55955,56787,20512,11588,20576,11591,80,1084,1084,33,37175,17570,23076913,2227,72,428,260,4397202,4397115,114,131,71,83,160,6499087,4184120,93,123,2980,325,1163,0,83,0,910,8263613,2877,0,480,10,10,15,1519,18,13,1532,10,8,6,14
9401.9,1625065280457,50.009011423,1,0,0,19,30,1293,11,1487,4,0,0,0,18,36,6425479,0,26,9,140,6803,2280226,20200,1309,2,196071,141892,60079,60712,23836,14393,23831,13859,70,1087,1087,33,42932,20737,22693261,2233,74,427,265,4399820,4399720,108,124,74,86,164,6425079,4178786,93,125,3158,334,1410,0,86,0,912,8110998,2825,0,487,9,6,8,1540,21,13,1553,9,7,6,12
9451.91,1625065337924,50.009226060,1,0,0,17,29,1292,12,1500,4,0,0,0,26,62,6403496,0,26,9,144,17762,2241719,20982,1309,2,195944,141813,60088,60924,23836,13608,23874,13355,72,1093,1093,33,42913,20736,22530256,2245,77,427,265,4414280,4414184,108,124,74,87,164,6403280,4193361,93,125,3168,334,1410,0,87,0,916,8034269,2900,0,483,9,6,8,1549,21,14,1563,9,7,6,11
9501.92,1625065394758,50.009317367,1,0,0,20,33,1294,13,1485,5,0,0,0,54,65,6420408,0,32,11,148,20425,2288673,21190,1309,3,193347,139832,56502,57716,20748,11025,20863,10804,74,1132,1133,60,37598,17765,22688887,2269,74,428,260,4379741,4379650,112,129,72,88,162,6420300,4164885,94,124,3026,320,1184,11,84,2,954,8155180,2974,0,474,10,6,8,1530,18,13,1543,10,7,6,13
9551.93,1625065451461,50.008622190,1,0,0,21,38,1295,17,1494,6,0,0,0,30,56,6495875,0,27,11,164,18231,2331426,21430,1309,3,196636,142427,61523,61755,23965,13391,23945,13481,82,1099,1099,37,43691,20835,23047261,2249,77,427,265,4420381,4420268,114,130,76,85,168,6495485,4197119,94,127,3171,332,1404,0,90,0,930,8234394,2940,0,495,10,10,15,1552,21,13,1565,10,8,6,14
9601.94,1625065508230,50.008626296,1,0,0,51,69,1292,17,1722,6,0,0,0,48,81,6699062,0,27,44,154,9811,2530004,22153,1321,2,198404,143810,80256,80703,30199,16172,30190,15684,77,1094,1094,37,60192,25830,24301226,2239,122,432,271,4438931,4438773,116,132,121,135,214,6698635,4202311,118,171,3197,337,1457,0,135,0,922,8506337,3073,0,552,10,11,8,1582,28,13,1595,10,12,11,14
9651.96,1625065565030,50.015423966,1,0,0,17,29,2571,12,2885,4,0,0,0,28,52,6470411,0,29,14,146,27638,2324114,21305,2606,2,196767,142528,63552,64397,24157,13741,24215,13733,73,1101,1101,37,43906,20939,23009957,2253,82,427,266,4403194,4403097,110,124,81,93,172,6470183,4177812,94,131,3189,336,1411,0,93,0,932,7913610,2922,0,515,8,6,9,2850,26,16,2866,8,8,7,11
9701.97,1625065622218,50.008653267,1,0,0,20,34,1295,14,1477,5,0,0,0,62,59,6583508,0,27,11,154,9242,2439942,20489,1310,3,193299,139805,55894,56423,20544,11335,20546,11086,77,1091,1091,33,37118,17563,23588233,2241,71,428,259,4391631,4391533,114,130,71,84,160,6583155,4177472,93,123,2994,320,1159,0,83,0,915,8146678,2915,0,484,10,6,8,1522,18,13,1535,10,7,6,13
9751.98,1625065678924,50.009153252,1,0,0,21,34,1295,13,1504,5,0,0,0,28,68,6529102,0,34,11,148,18027,2360333,21606,1309,3,196517,142231,61261,62042,24194,13867,24253,13639,74,1138,1139,60,43537,21037,23235449,2281,81,428,267,4423140,4423042,112,128,79,91,170,6528882,4200672,94,130,3216,337,1429,11,91,2,961,8156923,2983,0,493,11,6,8,1560,21,13,1573,10,7,6,13
9801.99,1625065735780,50.009215284,1,0,0,20,34,1295,14,1508,5,0,0,0,34,67,6490801,0,30,11,152,10812,2318914,21032,1309,3,196236,142023,60906,61698,24112,13394,24170,13198,76,1091,1091,33,43392,20945,22989380,2241,83,427,264,4426183,4426071,112,128,82,94,172,6490575,4204568,93,133,3164,329,1396,0,94,0,915,8223663,2859,0,501,10,6,8,1556,21,13,1569,10,7,6,13
9852,1625065792804,50.010649417,1,0,0,19,33,1294,14,1477,5,0,0,0,20,76,6124649,0,43,11,154,13309,1997224,20455,1310,3,194807,140655,60022,61099,22841,13107,23870,13575,77,1100,1100,37,42240,19757,20977576,2251,75,430,260,4382364,4382266,114,130,75,89,168,6124525,4161084,94,127,3174,324,1383,0,89,0,922,7577270,2869,0,452,8,6,8,1560,21,12,1572,8,7,6,11
9902.01,1625065849185,50.009114871,1,0,0,25,38,1299,13,1477,5,0,0,0,42,59,6600334,0,26,11,148,8100,2443272,20974,1308,3,194006,140396,57768,58633,20807,11280,20866,11118,74,1097,1097,37,38121,17773,23677878,2245,79,427,259,4405632,4405531,112,128,77,92,168,6600145,4188578,94,129,3002,319,1171,0,90,0,927,8423322,2916,0,462,9,6,8,1537,18,17,1554,9,7,6,12
9952.02,1625065906435,50.009063702,1,0,0,19,33,1294,14,1489,5,0,0,0,42,63,6182527,0,25,11,152,10678,2064741,20590,1309,3,196890,142611,61623,62410,24008,13577,24058,13449,76,1102,1102,37,43693,20875,21379997,2255,77,428,266,4370335,4370234,112,127,76,90,168,6182271,4146632,94,127,3183,336,1413,0,89,0,920,7571681,2860,0,466,10,6,8,1548,21,13,1561,10,7,6,13
10002,1625065963165,50.009584836,1,0,0,22,38,1295,16,1493,6,0,0,0,48,56,6519456,0,41,11,160,22662,2377863,21327,1309,3,196281,142080,60851,61431,24030,13894,24060,13669,80,1134,1135,60,43313,20900,23227747,2273,76,429,268,4394160,4394054,114,129,75,87,166,6519124,4171955,94,126,3214,337,1431,11,87,2,957,7913353,3019,0,492,10,10,15,1556,21,13,1569,10,8,6,14
10052,1625066019784,50.011688624,1,0,0,18,29,1292,11,1493,4,0,0,0,15,84,6234140,0,26,9,140,17190,2132861,20375,1311,2,195924,141748,60090,60904,23828,13732,23903,13543,70,1093,1093,33,42923,20742,21755654,2245,75,426,265,4353932,4353828,108,124,74,87,164,6233777,4132170,93,125,3172,333,1403,0,86,0,914,7789647,2791,0,472,10,6,8,1557,21,13,1570,9,7,6,12
10102,1625066076331,50.008608629,1,0,0,16,28,2571,12,2884,4,0,0,0,4,70,6480359,0,26,14,144,13044,2315725,20801,2609,2,193336,139723,57143,57740,20520,10864,20540,10582,72,1090,1090,33,37118,17567,22927828,2239,72,429,258,4412251,4412145,108,123,71,86,160,6479964,4196172,93,123,2988,316,1156,0,84,0,912,8181427,2789,0,437,9,6,8,2825,23,17,2842,8,7,6,11
10152,1625066133731,50.009255929,1,0,0,21,34,1295,13,1519,5,0,0,0,16,63,6607223,0,27,11,148,16485,2442693,21810,1310,3,196626,142374,61911,62681,24142,14181,24190,14457,74,1094,1094,37,43899,20943,23689359,2239,82,427,264,4420682,4420581,112,127,80,93,172,6607020,4196669,95,132,3168,329,1405,0,94,0,919,8268251,2940,0,501,10,6,8,1562,21,13,1575,10,7,6,13
10202,1625066190477,50.009228224,1,0,0,20,34,1295,14,1507,5,0,0,0,36,44,6237404,0,37,11,152,9598,2127733,21285,1312,3,196655,142477,63712,64484,24568,13653,24625,13197,76,1097,1097,37,44668,21255,21689005,2244,90,427,265,4367558,4367441,112,128,88,103,183,6237261,4142827,96,140,3171,343,1412,0,102,0,920,7689236,2923,0,504,11,6,8,1552,21,13,1565,10,7,6,13
10252,1625066247538,50.009064707,1,0,0,22,35,1293,13,1510,5,0,0,0,14,49,6523481,0,29,9,148,6193,2366535,21354,1319,2,196697,142429,62066,62739,24171,13897,24162,13670,74,1099,1099,37,43905,20944,23254498,2249,81,427,266,4410450,4410341,110,126,80,93,172,6523039,4186582,94,131,3171,338,1406,0,93,0,931,8114216,2904,0,496,10,11,8,1560,21,13,1573,10,12,11,14
10302,1625066304781,50.010877632,1,0,0,17,28,2571,11,2878,4,0,0,0,68,86,6339269,0,32,14,140,6158,2233458,21243,2610,2,193603,140054,58051,58962,20723,11086,20812,10960,70,1134,1135,60,37507,17761,22276835,2273,74,429,262,4356159,4356069,108,124,72,85,162,6339140,4139447,94,124,3033,327,1187,11,84,2,953,7828738,2989,0,477,8,6,8,2812,23,17,2829,8,7,6,10
10352,1625066361238,50.008624269,1,0,0,20,34,1295,14,1493,5,0,0,0,36,55,6622853,0,25,11,152,6184,2473430,21376,1308,3,195880,141776,60059,60558,23833,13636,23829,13323,76,1093,1093,33,42905,20749,23829003,2245,75,427,265,4403403,4403291,112,128,74,87,163,6622422,4182232,93,125,3167,334,1401,0,86,0,918,8341784,2933,0,500,10,6,8,1542,21,13,1555,10,7,6,13
10402,1625066418077,50.008813488,1,0,0,22,40,1294,18,1526,6,0,0,0,40,63,6412636,0,25,11,168,24496,2259022,21088,1310,3,196115,141930,60070,60727,23803,13481,23816,13354,84,1094,1094,33,42905,20731,22596997,2247,75,432,265,4408074,4407978,114,130,74,87,164,6412304,4186738,93,125,3172,333,1402,0,87,0,914,7926863,2990,0,502,10,7,15,1551,21,13,1564,10,8,6,14
10452,1625066475314,50.009133740,1,0,0,20,35,1293,15,1493,6,0,0,0,50,66,6440411,0,27,11,156,22954,2273950,20672,1309,3,196080,142045,61874,62678,24153,13330,24207,13197,78,1092,1092,37,43916,20960,22713427,2235,82,427,264,4420591,4420486,110,126,80,93,172,6440246,4197383,94,131,3164,329,1408,0,93,0,918,8014292,2974,0,498,10,6,8,1556,21,13,1569,10,7,6,13
10502,1625066532566,50.008508028,1,0,0,20,34,1295,14,1480,5,0,0,0,10,63,6340176,0,25,11,152,16721,2173359,20585,1309,3,193699,140102,57226,57684,20633,11179,20635,10834,76,1097,1097,37,37855,17632,22087962,2245,74,426,259,4415242,4415147,112,128,73,86,164,6339884,4198332,94,125,2997,319,1164,0,86,0,922,7856433,2821,0,460,8,6,8,1525,18,14,1539,8,7,6,11
10552,1625066589606,50.011700409,1,0,0,24,37,1298,13,1490,5,0,0,0,20,87,6347311,0,34,11,148,12794,2177521,20972,1307,3,196774,142496,62246,63023,24239,13644,24301,13385,74,1141,1142,64,44073,21045,22108957,2279,79,428,267,4426880,4426778,112,128,77,90,170,6347070,4202245,95,128,3206,338,1430,11,91,2,956,7698692,2956,0,504,10,6,8,1548,21,16,1564,10,7,6,13
10602,1625066646269,50.011585300,1,0,0,20,34,1295,14,1496,5,0,0,0,93,35,6429745,0,27,11,152,11614,2270753,21311,1310,3,195442,141681,62056,62767,24159,13863,24212,13543,76,1088,1088,37,43839,20946,22691013,2227,81,427,266,4412156,4412043,112,128,80,93,172,6429413,4190036,94,131,3155,336,1409,0,93,0,923,7988392,3153,0,533,10,6,8,1557,21,13,1570,10,7,6,13
10652,1625066703525,50.009327459,1,0,0,22,38,1295,16,1476,6,0,0,0,72,59,6364516,0,43,11,160,7557,2243148,20713,1310,3,193439,139911,56000,56818,20502,11429,20572,11180,80,1093,1093,33,37145,17599,22367405,2245,72,433,260,4369858,4369764,114,130,71,84,160,6364353,4155692,93,123,3019,323,1170,0,83,0,915,8021390,2955,0,487,10,10,15,1526,18,13,1539,10,8,6,14
10702,1625066760565,50.009277052,1,0,0,21,34,1295,13,1483,5,0,0,0,40,57,6401232,0,29,11,148,14700,2242245,20580,1309,3,193626,140018,56842,57655,21745,12413,20857,11337,74,1096,1096,33,37612,18707,22453455,2251,80,428,259,4406915,4406813,112,128,79,91,168,6401064,4191744,93,131,3010,320,1166,0,91,0,918,8058046,2936,0,501,8,6,8,1528,18,15,1543,8,7,6,10
10752,1625066817181,50.008822391,1,0,0,16,28,1291,12,1504,4,0,0,0,48,61,6531372,0,28,9,146,9513,2376884,21275,1310,2,195956,141825,59968,60601,23807,13511,23819,13291,73,1089,1089,33,42980,20758,23299971,2237,75,428,264,4406662,4406566,110,126,74,86,164,6531169,4186001,93,125,3161,329,1399,0,86,0,913,8346045,2911,0,485,9,6,8,1545,21,12,1557,9,7,6,11
10802,1625066874306,50.009050162,1,0,0,21,34,1295,13,1489,5,0,0,0,42,75,6373629,0,31,11,148,21473,2232815,21029,1309,3,196805,142541,62069,62975,24212,13737,24298,13637,74,1142,1143,64,44191,21064,22420321,2281,78,428,266,4398135,4398038,112,128,77,91,170,6373430,4174140,95,128,3206,333,1430,11,90,2,959,7784799,2990,0,496,10,6,8,1566,21,13,1579,10,7,6,13
10852,1625066931279,50.008614482,1,0,0,19,33,1294,14,1471,5,0,0,0,80,58,6588776,0,26,11,152,24198,2446898,21455,1309,3,193024,139731,57236,57828,20655,11212,20643,10866,76,1092,1092,37,37947,17656,23676391,2235,74,428,259,4390399,4390297,112,128,73,86,164,6588404,4175141,94,125,2988,319,1164,0,87,0,922,8216406,3022,0,500,10,6,8,1531,18,13,1544,10,7,6,13
10902,1625066988487,50.009223483,1,0,0,18,30,1293,12,1493,4,0,0,0,42,45,6484575,0,30,9,144,12425,2309620,21371,1309,2,195948,142012,61428,61688,24045,13863,21511,11149,72,1098,1098,37,43207,20858,22953065,2245,81,430,266,4426639,4426541,108,123,79,91,169,6484385,4204274,94,130,3159,335,1389,0,92,0,921,8044985,2967,0,481,9,6,8,1540,18,13,1553,9,7,6,12
10952,1625067045520,50.009497490,1,0,0,18,29,2572,11,2878,4,0,0,0,8,64,6266645,0,25,14,140,17465,2132310,20985,2608,2,195913,141766,62022,62896,23986,13956,24042,13669,70,1095,1095,33,43147,20853,21812547,2249,80,425,266,4388611,4388514,108,124,78,91,168,6266461,4165638,93,129,3182,336,1409,0,91,0,913,7726112,2874,0,480,9,6,8,2844,26,19,2863,9,7,6,11
11002,1625067102608,50.009526556,1,0,0,19,33,1294,14,1470,5,0,0,0,56,64,6148995,0,25,11,152,21567,2027127,20596,1308,3,194763,140566,58424,59612,22567,12975,23712,13606,76,1094,1094,33,41394,19555,21130443,2247,75,429,260,4375976,4375882,112,127,73,86,164,6148888,4156837,93,125,3153,325,1383,0,85,0,920,7449657,2997,0,499,10,6,8,1546,21,13,1559,10,7,6,13
11052,1625067159202,50.008728805,1,0,0,23,41,1295,18,1474,6,0,0,0,80,51,6419866,0,27,11,168,26014,2279970,20812,1309,3,193708,140130,55872,56558,20525,11364,20505,10992,84,1092,1092,33,37166,17569,22644863,2243,71,430,259,4387386,4387279,114,130,71,83,160,6419382,4173145,93,123,2997,321,1163,0,83,0,917,8009465,3050,0,506,11,7,15,1535,18,13,1548,10,8,6,14
11102,1625067216044,50.008899089,1,0,0,20,34,1293,14,1490,5,0,0,0,4,73,6300429,0,28,11,152,24005,2128209,20688,1310,3,194893,141053,59350,59399,23681,13698,21143,11212,76,1083,1083,33,42648,20655,21840815,2225,74,424,264,4424924,4424816,108,123,73,84,161,6300044,4205431,93,124,3134,326,1381,0,85,0,905,7789570,2823,0,458,9,6,8,1529,18,13,1542,9,7,6,12
11152,1625067273470,50.009242740,1,0,0,20,34,1295,14,1521,5,0,0,0,12,39,6454501,0,30,11,152,4717,2266288,21163,1309,3,196597,142333,61785,62645,24127,13833,24169,13764,76,1098,1098,37,43931,20940,22694879,2247,82,427,264,4444092,4443990,112,126,80,93,172,6454277,4220797,94,131,3169,331,1401,0,93,0,918,8029104,2922,0,511,9,6,8,1540,21,13,1553,9,7,6,12
11202,1625067330367,50.009085806,1,0,0,20,33,1294,13,1484,5,0,0,0,18,46,6266166,0,28,11,148,12036,2124056,20251,1311,3,193601,139798,60244,61012,22749,13077,23935,13889,74,1091,1091,37,42178,19604,21730188,2233,80,423,259,4394904,4394798,112,128,79,93,172,6265732,4174775,94,131,3144,324,1384,0,94,0,917,7714463,2864,0,495,10,6,8,1552,21,14,1566,10,7,6,13
11252,1625067387036,50.008985482,1,0,0,20,34,1295,14,1475,5,0,0,0,58,51,6658648,0,25,11,152,13250,2492243,21049,1310,3,192762,139545,57439,58119,20669,11211,20716,10929,76,1090,1090,37,37940,17690,23987606,2231,73,426,260,4413772,4413650,112,127,73,86,164,6658428,4198223,94,125,2983,323,1168,0,86,0,918,8279574,2921,0,482,10,6,8,1539,18,13,1552,10,7,6,13
11302,1625067444065,50.008688976,1,0,0,21,38,1292,17,1487,7,0,0,0,42,56,6272988,0,27,11,164,4406,2168284,20854,1308,3,196307,142127,60392,60620,25866,16316,26757,16756,82,1093,1093,33,43014,22769,21947300,2245,75,428,267,4359329,4359225,112,127,74,83,164,6272543,4137661,93,125,3172,337,1409,0,88,0,916,7786331,2979,0,507,10,10,15,1552,21,13,1565,10,8,6,14
11352,1625067501346,50.011513590,1,0,0,20,33,1294,13,1503,5,0,0,0,50,58,6432232,0,31,11,148,10416,2268994,21342,1310,3,196237,142093,60919,61773,24058,13733,24119,13448,74,1137,1138,60,43319,20927,22671557,2279,77,429,267,4418828,4418735,112,127,75,87,166,6432007,4196954,94,126,3205,337,1435,11,87,2,955,8134007,3035,0,496,8,6,8,1546,21,12,1558,8,7,6,10
11402,1625067558785,50.009243197,1,0,0,17,29,1292,12,1483,4,0,0,0,56,59,6600921,0,26,9,146,8473,2453744,20861,1309,2,192578,139288,55902,56771,20461,10894,20544,10646,73,1084,1084,33,37151,17577,23704586,2227,73,426,258,4392907,4392817,110,126,71,83,160,6600811,4179236,93,123,2980,316,1160,0,83,0,918,8411074,2983,0,479,10,6,8,1524,18,14,1538,10,7,6,13
11452,1625067615638,50.008653031,1,0,0,20,33,1294,13,1487,5,0,0,0,64,62,6659630,0,38,11,148,14277,2484574,21413,1308,3,195787,142154,60302,60233,23486,13736,21099,11276,74,1095,1095,37,41865,20418,23998913,2241,76,433,264,4426428,4426315,112,128,75,89,165,6659187,4206228,94,126,3021,324,1185,0,88,0,927,8484354,3009,0,466,10,6,8,1526,18,13,1539,10,7,6,13
11502,1625067672737,50.009137374,1,0,0,22,41,1295,19,1496,6,0,0,0,18,60,6405718,0,26,11,172,10088,2236392,21008,1309,3,196713,142461,62134,62995,24117,13805,24182,13544,86,1100,1100,37,43927,20945,22503909,2251,82,427,265,4424036,4423934,114,130,80,95,172,6405519,4199720,95,132,3180,333,1410,0,95,0,923,8048511,2900,0,500,10,7,15,1553,21,13,1566,10,8,6,14
11552,1625067729814,50.008762364,1,0,0,18,30,1293,12,1496,4,0,0,0,40,71,6471922,0,27,9,144,11754,2312195,20833,1308,2,196864,142597,61673,62350,23971,13419,23993,13291,72,1102,1102,37,43674,20836,22921813,2255,76,428,266,4416665,4416556,108,124,76,90,168,6471542,4192678,94,127,3180,338,1409,0,89,0,926,7885091,2961,0,472,10,6,8,1545,21,13,1558,9,7,6,12
11602,1625067787027,50.008818180,1,0,0,18,29,2572,11,2873,4,0,0,0,28,54,6502702,0,72,14,140,8603,2329477,21293,2609,2,193978,140363,59630,60276,20875,11722,20890,11275,70,1143,1144,64,38286,17859,23017110,2283,75,428,262,4424534,4424429,108,123,74,87,166,6502308,4205279,95,126,3085,342,1206,11,87,2,960,8080585,2950,0,452,8,6,8,2830,23,18,2848,8,7,6,10
11652,1625067843795,50.008611037,1,0,0,19,33,1294,14,1495,5,0,0,0,78,61,6385114,0,28,11,152,24807,2265057,21293,1308,3,195612,141672,60649,61239,23978,13293,23965,13260,76,1091,1091,33,43101,20826,22577240,2241,79,427,266,4374080,4373973,112,127,78,91,168,6384736,4152938,93,129,3168,336,1407,0,90,0,913,8003996,3142,0,525,10,6,8,1547,21,13,1560,10,7,6,13
11702,1625067900657,50.009161509,1,0,0,21,34,1295,13,1487,5,0,0,0,24,87,6452566,0,37,11,148,14923,2312843,21032,1310,3,195217,141274,60128,61011,23820,14205,23911,13669,74,1087,1087,33,42919,20754,22892621,2233,76,429,265,4389030,4388934,112,128,74,86,164,6452341,4168250,93,125,3159,342,1401,0,86,0,920,8173879,2902,0,475,10,6,8,1551,21,13,1564,10,7,6,13
11752,1625067957126,50.008901165,1,0,0,21,34,1292,13,1524,5,0,0,0,68,37,6595286,0,27,9,148,8370,2444592,21342,1321,2,196353,142145,60479,61193,23972,13927,23971,13481,74,1083,1083,33,43145,20818,23695644,2225,79,429,264,4403976,4403875,110,125,78,94,168,6595064,4183009,93,129,3151,331,1401,0,92,0,916,8366533,3080,0,526,10,11,8,1565,21,13,1578,10,12,11,14
11802,1625068013799,50.011686944,1,0,0,19,33,1294,14,1476,5,0,0,0,1,60,6223929,0,25,11,152,8722,2094184,20267,1309,3,192662,139347,57238,57672,20670,11244,20669,10992,76,1093,1093,36,37887,17697,21524110,2238,73,423,258,4377123,4377025,112,128,73,86,164,6223532,4161188,94,125,2988,316,1161,0,86,0,920,7762120,2739,0,430,9,6,8,1523,18,12,1535,9,7,6,12
11852,1625068070134,50.009123166,1,0,0,25,38,1299,13,1498,5,0,0,0,12,54,6271752,0,33,11,148,5586,2143962,21313,1309,3,196836,142587,62811,63725,24362,14403,24457,13733,74,1147,1148,64,44299,21125,21864550,2291,83,428,268,4384335,4384231,112,127,81,96,174,6271562,4159669,95,132,3223,340,1441,11,94,2,968,7852628,2942,0,475,9,6,8,1566,21,17,1583,9,7,6,11
11902,1625068126662,50.009134298,1,0,0,19,33,1294,14,1491,5,0,0,0,48,45,6529943,0,50,11,152,9639,2364557,21441,1309,3,196632,142442,61605,62406,24013,13644,24086,13355,76,1097,1097,37,43630,20861,23213087,2245,76,428,266,4422248,4422149,112,128,76,90,168,6529753,4199195,94,127,3169,360,1408,0,89,0,928,8239363,3035,0,511,9,6,8,1555,21,13,1568,9,7,6,12
11952,1625068183651,50.009127356,1,0,0,22,38,1295,16,1498,6,0,0,0,6,57,6033584,0,25,11,160,22081,1913756,19706,1311,3,196071,141851,60172,61014,23839,13858,23895,13481,80,1090,1090,33,42914,20732,20484565,2239,75,430,266,4375146,4375047,114,130,74,86,164,6033415,4153601,93,125,3166,336,1404,0,86,0,910,7388636,2836,0,472,10,10,15,1548,21,13,1561,10,8,6,14
12002,1625068240819,50.009250838,1,0,0,23,36,1297,13,1494,5,0,0,0,10,34,6558810,0,28,11,148,5133,2383919,20998,1309,3,193620,139955,56722,57523,20763,11312,20830,11181,74,1089,1089,33,37574,17753,23334290,2237,80,426,258,4420801,4420684,112,128,79,92,168,6558488,4205516,93,131,2994,316,1159,0,91,0,917,8277904,2827,0,482,8,6,8,1520,19,17,1537,8,7,6,11
12052,1625068297481,50.011806012,1,0,0,17,29,1292,12,1470,4,0,0,0,76,33,6588534,0,25,9,144,9987,2417983,21323,1309,2,193456,139918,55718,56575,20482,10957,20525,10457,72,1087,1087,33,37139,17588,23526575,2233,73,429,258,4418246,4418160,108,124,72,84,160,6588325,4204267,93,123,2985,316,1157,0,84,0,911,8361275,2988,0,479,9,6,8,1529,18,13,1542,9,7,6,12
12102,1625068354552,50.009233365,1,0,0,19,34,1294,15,1488,6,0,0,0,36,51,6337697,0,28,12,156,12121,2149347,21097,1310,4,195621,141685,61360,62176,23987,14206,24018,13858,78,1093,1093,37,43697,20849,22012293,2237,77,425,264,4442497,4442406,114,130,76,89,168,6337584,4220450,94,127,3159,329,1407,0,89,0,917,7926341,2971,0,523,10,6,8,1560,21,13,1573,10,7,6,14
12152,1625068411443,50.009093835,1,0,0,20,34,1295,14,1497,5,0,0,0,26,63,6327203,0,33,11,152,14270,2167755,20703,1310,3,196618,142370,62084,62743,24260,14021,24243,13890,76,1141,1142,64,44054,21053,22060228,2279,78,427,267,4414678,4414574,112,128,77,90,170,6326838,4190695,95,128,3213,333,1437,11,90,2,956,7920421,2919,0,496,10,6,8,1545,21,13,1558,10,7,6,13
12202,1625068467733,50.008901491,1,0,0,21,34,1292,13,1487,5,0,0,0,46,47,6811557,0,26,9,150,14034,2607144,21487,1318,2,193184,139800,57372,58044,20690,10833,20701,10614,75,1097,1097,37,37886,17698,24747090,2245,74,426,260,4453564,4453467,112,127,73,86,164,6811211,4237782,94,125,2998,323,1166,0,86,0,931,8778501,2939,0,486,10,11,8,1533,18,13,1546,10,12,11,14
12252,1625068524982,50.009327431,1,0,0,17,28,2571,11,2862,4,0,0,0,38,52,6628211,0,44,14,140,5722,2424520,20868,2608,2,192726,139374,57453,58426,20519,11022,20610,10804,70,1088,1088,33,37141,17589,23624546,2235,73,426,260,4451391,4451271,108,124,71,83,160,6627941,4236273,93,123,3006,324,1161,0,83,0,922,8307231,2887,0,466,9,6,8,2827,23,17,2844,9,7,6,12
12302,1625068580958,50.009146532,1,0,0,20,34,1295,14,1495,5,0,0,0,10,51,6296909,0,26,11,152,8790,2134024,20914,1310,3,195537,141467,60056,60906,23802,13607,23853,13135,76,1088,1088,33,42969,20740,21859982,2235,75,425,264,4416036,4415942,112,127,74,88,164,6296742,4195535,93,125,3159,329,1399,0,87,0,919,7685133,2910,0,497,10,6,8,1546,21,13,1559,10,7,6,13
12352,1625068638248,50.009065038,1,0,0,21,37,1294,16,1487,6,0,0,0,2,41,6447752,0,29,11,162,22442,2237416,20928,1308,3,195860,141692,60017,60808,23790,13638,23831,13575,81,1090,1090,33,42965,20749,22603675,2239,75,426,264,4463896,4463795,116,130,74,86,164,6447553,4242862,93,125,3160,331,1401,0,87,0,914,8105436,2861,0,485,11,10,15,1546,21,13,1559,10,8,6,14
12402,1625068695427,50.011755469,1,0,0,18,30,1293,12,1471,4,0,0,0,25,46,6438489,0,31,9,146,7974,2280190,20908,1309,2,194136,140452,57979,58817,20912,11088,20971,11212,73,1140,1141,64,38297,17887,22706222,2277,75,428,260,4407668,4407568,110,126,74,89,166,6438208,4190154,95,126,3033,320,1187,11,87,2,964,8158903,2910,0,481,11,6,8,1524,18,13,1537,10,7,6,13
12452,1625068752133,50.008669056,1,0,0,22,36,1297,14,1505,5,0,0,0,50,74,6617858,0,27,11,152,18614,2474149,21563,1310,3,193801,140740,60928,60982,23841,14147,21287,11559,76,1088,1088,37,42465,20688,23862370,2227,79,424,265,4395778,4395656,112,127,79,91,169,6617424,4176824,94,130,2996,327,1185,0,92,0,919,8417713,3006,0,499,8,6,8,1528,19,17,1545,8,7,6,11
12502,1625068808197,50.009353732,1,0,0,18,29,1292,11,1500,4,0,0,0,2,58,6470760,0,30,9,140,18759,2279156,21182,1309,2,195869,141810,61612,62482,23964,13830,24023,13449,70,1097,1097,37,43667,20850,22792090,2245,78,429,266,4447731,4447632,108,124,76,91,168,6470569,4224751,94,127,3173,340,1410,0,89,0,927,8125876,2909,0,481,9,6,8,1551,21,13,1564,9,7,6,11
12552,1625068865651,50.009920634,1,0,0,19,33,1294,14,1501,5,0,0,0,10,45,6558335,0,30,11,152,3591,2342518,21114,1309,3,196527,142197,61184,62489,24111,13678,24384,13544,76,1096,1096,33,43344,20936,23211812,2251,84,427,266,4470411,4470308,112,128,82,113,172,6558159,4248018,93,133,3188,336,1407,0,95,0,918,8079919,2908,0,499,10,6,8,1543,21,13,1556,10,7,6,13
12602,1625068922428,50.012246814,1,0,0,22,38,1295,16,1480,6,0,0,0,7,42,6709160,0,28,11,160,12513,2502179,21206,1310,3,192700,139289,56344,57215,20641,11370,20696,11181,80,1088,1088,33,37387,17670,24126939,2235,77,425,259,4452929,4452835,114,130,75,88,164,6708957,4238650,93,127,2992,320,1163,0,87,0,915,8307075,2838,0,473,10,10,15,1528,18,13,1541,10,8,6,14
12652,1625068980272,50.009358471,1,0,0,18,29,1292,11,1487,4,0,0,0,10,71,6393258,0,33,9,140,20555,2189505,20734,1309,2,195469,141439,60715,61327,24050,13923,24063,13637,70,1132,1133,60,43286,20929,22320460,2269,76,425,266,4454496,4454398,108,124,75,87,166,6393039,4233041,94,126,3196,333,1424,11,87,2,944,7968305,2879,0,480,9,6,8,1546,21,13,1559,9,7,6,12
12702,1625069037354,50.015469685,1,0,0,16,28,2571,12,2886,4,0,0,0,46,71,6584654,0,28,14,144,9768,2389248,21756,2606,2,194742,140975,61464,62359,23862,13606,23904,13102,72,1083,1083,33,43029,20774,23466473,2224,76,424,264,4446632,4446541,108,123,75,86,164,6584386,4225771,93,125,3145,332,1398,0,86,0,910,8345460,2989,0,513,9,6,8,2834,26,17,2851,9,7,6,11
12752,1625069094444,50.009320873,1,0,0,21,34,1295,13,1475,5,0,0,0,22,52,6379507,0,27,11,148,15199,2222322,20772,1309,3,193094,139684,57286,58160,20687,11149,20774,10961,74,1094,1094,37,37922,17720,22348035,2239,75,429,258,4406803,4406709,112,129,73,86,164,6379306,4190846,94,125,2990,316,1161,0,86,0,918,7929145,2835,0,479,10,6,8,1522,18,13,1535,10,7,6,13
12802,1625069150989,50.008472860,1,0,0,19,33,1294,14,1511,5,0,0,0,34,66,6711101,0,28,11,154,7686,2485707,21429,1310,3,195581,141974,60687,60848,23401,13363,21352,10866,77,1096,1096,37,41061,20233,24087408,2243,83,426,266,4477065,4476951,114,130,82,96,172,6710608,4256733,94,133,3024,332,1192,0,95,0,927,8427537,2923,0,500,10,6,8,1524,18,13,1537,10,7,6,13
12852,1625069208198,50.012100810,1,0,0,22,35,1293,13,1507,5,0,0,0,1,50,6273107,0,26,9,150,7348,2127475,20982,1318,2,196631,142357,61650,62541,24882,15120,24006,13764,75,1098,1098,37,43673,21766,21796749,2247,77,426,266,4400924,4400819,112,128,76,89,168,6272798,4177452,94,127,3173,336,1408,0,89,0,920,7880340,2811,0,475,10,11,8,1556,21,13,1569,10,12,11,14
12902,1625069265284,50.009540314,1,0,0,17,29,1292,12,1480,5,0,0,0,62,57,6582857,0,26,9,144,13365,2408977,21409,1309,2,194630,140481,58499,59670,22515,12598,23675,13323,72,1089,1089,33,41421,19509,23527404,2237,75,429,260,4425302,4425208,108,124,73,88,164,6582709,4206429,93,125,3144,329,1382,0,86,0,921,8212615,3055,0,489,10,6,8,1547,21,13,1560,10,7,6,13
12952,1625069322351,50.008692504,1,0,0,20,34,1295,14,1476,5,0,0,0,30,62,6602622,0,36,11,152,12460,2409200,20758,1308,3,192593,139259,56880,57457,20833,11373,20827,11055,76,1129,1130,60,37758,17826,23531393,2263,77,425,260,4441132,4441025,112,127,76,88,166,6602230,4226401,94,128,3020,322,1181,11,88,2,944,8155113,2898,0,472,10,6,8,1525,18,13,1538,10,7,6,13
13002,1625069379692,50.009363128,1,0,0,20,33,1294,13,1502,5,0,0,0,34,49,6666748,0,25,11,148,7310,2474453,21425,1309,3,196110,141903,59951,60637,23826,13575,23829,13040,74,1086,1086,33,42901,20751,23940739,2231,75,431,264,4444231,4444124,112,127,74,86,164,6666296,4223374,93,125,3152,329,1403,0,87,0,917,8365999,2875,0,477,10,6,8,1550,21,13,1563,10,7,6,13
13052,1625069436134,50.008865164,1,0,0,22,35,1293,13,1525,5,0,0,0,0,35,6616426,0,46,9,148,3829,2421163,22267,1319,2,196739,142434,62481,63153,24269,13808,24281,13449,74,1100,1100,37,44141,21056,23655776,2249,85,426,264,4451116,4451009,110,126,84,98,176,6616080,4227095,94,135,3197,329,1406,0,97,0,924,8031009,2931,0,481,10,11,8,1568,21,13,1581,10,12,11,14
13102,1625069493213,50.009195831,1,0,0,20,34,1295,14,1473,5,0,0,0,2,46,6490901,0,25,11,152,3498,2302014,20494,1310,3,193764,140126,57253,58046,20687,11652,20733,11338,76,1097,1097,37,37945,17689,22874429,2245,74,426,259,4437385,4437292,112,128,73,87,164,6490640,4220729,94,125,2994,319,1161,0,86,0,926,7965586,2769,0,444,9,6,8,1529,18,14,1543,9,7,6,12
13152,1625069550228,50.008667219,1,0,0,24,37,1298,13,1476,5,0,0,0,26,48,6462030,0,28,11,148,3400,2270507,20700,1312,3,193535,140032,57405,57947,20690,11277,20686,11087,74,1097,1097,37,37926,17685,22704332,2244,74,427,260,4436086,4435981,112,128,73,87,164,6461648,4219738,94,125,3002,324,1169,0,88,0,930,7759157,2857,0,459,10,6,8,1526,18,16,1542,10,7,6,13
13202,1625069606977,50.009524265,1,0,0,20,34,1295,14,1508,5,0,0,0,6,68,6183691,0,31,11,152,17829,2046728,20804,1307,3,195616,141572,60896,61820,24036,13956,24108,13575,76,1134,1135,60,43344,20899,21308692,2273,76,425,268,4387577,4387481,112,128,75,88,166,6183478,4165639,94,126,3201,341,1438,11,87,2,953,7544140,2848,0,468,10,6,8,1549,21,13,1562,10,7,6,13
13252,1625069664496,50.009194297,1,0,0,19,33,1292,14,1488,5,0,0,0,80,53,6481772,0,43,9,152,10568,2318768,21400,1309,2,196135,142048,60199,61116,23875,14205,23956,13984,76,1090,1090,33,42944,20752,22982602,2239,76,430,266,4413701,4413601,108,124,74,87,164,6481564,4192997,93,125,3178,345,1417,0,86,0,923,8149205,3062,0,502,10,10,15,1552,21,13,1565,10,8,6,14
13302,1625069721520,50.008809428,1,0,0,23,36,1297,13,1476,5,0,0,0,68,49,6615392,0,27,11,148,16958,2426454,20924,1309,3,193564,140007,56280,56938,20707,11843,20690,11370,74,1089,1089,33,37388,17681,23651052,2237,76,433,258,4436857,4436753,112,128,75,88,164,6614985,4222354,93,127,2987,316,1160,0,87,0,918,8325941,2976,0,485,8,6,8,1528,19,17,1545,8,7,6,11
13352,1625069778796,50.009158572,1,0,0,17,29,1292,12,1497,4,0,0,0,52,65,6635158,0,25,9,144,9184,2425224,22128,1310,2,196551,142305,62230,63033,24364,14090,24422,13323,72,1088,1088,33,43890,21099,23714519,2235,87,428,264,4463267,4463162,108,124,86,99,179,6635013,4240809,95,138,3164,331,1405,0,99,0,916,8358202,3009,0,502,9,6,8,1548,21,13,1561,9,7,6,11
13402,1625069835463,50.008875620,1,0,0,21,34,1295,13,1503,5,0,0,0,26,46,6633814,0,28,11,148,5402,2440417,21646,1309,3,196616,142381,61881,62561,24139,14556,24147,14298,74,1096,1096,37,43927,20939,23756848,2243,81,427,264,4448380,4448275,112,128,80,94,172,6633428,4224908,94,131,3166,330,1402,0,93,0,926,8386646,2937,0,517,10,6,8,1547,21,13,1560,10,7,6,13
13452,1625069892450,50.009136063,1,0,0,19,33,1294,14,1488,5,0,0,0,38,60,6399384,0,31,11,152,6799,2227255,21253,1308,3,196784,142552,62454,63285,26299,15629,27294,16535,76,1144,1145,64,44179,23082,22452328,2285,79,428,269,4429871,4429768,112,128,77,92,170,6399218,4205114,95,128,3215,340,1436,11,92,2,968,8044518,2962,0,506,10,6,8,1550,21,13,1563,10,7,6,13
13502,1625069949474,50.008819777,1,0,0,22,35,1293,13,1505,5,0,0,0,14,69,6330813,0,33,9,148,20251,2140637,20773,1318,2,192874,139562,58377,59067,20972,11188,20989,10708,74,1098,1098,37,38324,17852,21957433,2247,82,424,260,4438799,4438694,110,126,81,95,172,6330473,4222004,94,133,3007,323,1166,0,94,0,926,7940893,2797,0,465,10,11,8,1520,18,13,1533,10,12,11,14
13552,1625070006663,50.008568581,1,0,0,18,29,2572,11,2907,4,0,0,0,26,73,6603194,0,38,14,140,8031,2394732,21748,2609,2,196099,141898,61566,62155,23809,14110,23804,13480,70,1093,1093,33,42894,20726,23472342,2245,75,431,266,4462686,4462580,108,124,74,87,164,6602782,4240370,93,125,3183,342,1410,0,86,0,917,8319019,2915,0,486,8,6,8,2835,26,19,2854,8,7,6,11
