time,timestamp,seconds,connectivity,alarmtimer:alarmtimer_fired,alarmtimer:alarmtimer_start,block:block_bio_backmerge,block:block_bio_remap,block:block_dirty_buffer,block:block_getrq,block:block_touch_buffer,block:block_unplug,cachefiles:cachefiles_create,cachefiles:cachefiles_lookup,cachefiles:cachefiles_mark_active,clk:clk_set_rate,cpu-migrations,cs,dma_fence:dma_fence_init,fib:fib_table_lookup,filemap:mm_filemap_add_to_page_cache,gpio:gpio_value,ipi:ipi_raise,irq:irq_handler_entry,irq:softirq_entry,jbd2:jbd2_handle_start,jbd2:jbd2_start_commit,kmem:kfree,kmem:kmalloc,kmem:kmem_cache_alloc,kmem:kmem_cache_free,kmem:mm_page_alloc,kmem:mm_page_alloc_zone_locked,kmem:mm_page_free,kmem:mm_page_pcpu_drain,mmc:mmc_request_start,net:net_dev_queue,net:net_dev_xmit,net:netif_rx,page-faults,pagemap:mm_lru_insertion,preemptirq:irq_enable,qdisc:qdisc_dequeue,random:get_random_bytes,random:mix_pool_bytes_nolock,random:urandom_read,raw_syscalls:sys_enter,raw_syscalls:sys_exit,rpm:rpm_resume,rpm:rpm_suspend,sched:sched_process_exec,sched:sched_process_free,sched:sched_process_wait,sched:sched_switch,sched:sched_wakeup,signal:signal_deliver,signal:signal_generate,skb:consume_skb,skb:kfree_skb,skb:skb_copy_datagram_iovec,sock:inet_sock_set_state,task:task_newtask,tcp:tcp_destroy_sock,tcp:tcp_probe,timer:hrtimer_start,timer:timer_start,udp:udp_fail_queue_rcv_skb,workqueue:workqueue_activate_work,writeback:global_dirty_state,writeback:sb_clear_inode_writeback,writeback:wbc_writepage,writeback:writeback_dirty_inode,writeback:writeback_dirty_inode_enqueue,writeback:writeback_dirty_page,writeback:writeback_mark_inode_dirty,writeback:writeback_pages_written,writeback:writeback_single_inode,writeback:writeback_write_inode,writeback:writeback_written
50.0092,1625039070494,50.009154157,1,0,0,48,74,527,25,1504,9,0,0,0,34,73,6511712,0,52,42,190,10372,2351950,22068,532,3,198339,142951,66965,69545,25143,13473,25633,13386,95,1107,1107,37,45681,21653,23202836,2265,96,429,288,4421372,4421259,118,134,95,109,192,6511553,4192633,100,149,3275,365,1519,4,108,1,943,7898868,2983,0,507,11,9,20,810,21,17,827,4,10,7,11
100.019,1625039126657,50.009569824,1,0,0,14,31,520,17,689,7,0,0,0,28,52,6310867,0,33,11,158,25024,2167995,21036,523,3,194942,141084,60642,61244,24223,13643,24194,13355,79,1131,1132,60,43484,21041,22043578,2267,80,425,267,4394280,4394177,120,136,79,95,170,6310434,4173105,94,130,3194,336,1429,11,92,2,946,7900922,2930,0,486,15,4,8,780,19,10,790,5,5,3,15
150.028,1625039183754,50.009391133,1,0,0,14,28,520,14,615,7,0,0,0,30,43,6403254,0,32,8,152,12915,2265879,21196,523,3,193845,139860,57038,58416,21340,12032,23542,13607,76,1090,1090,33,40058,18301,22580461,2239,75,426,260,4386000,4385903,114,130,73,90,164,6403102,4168714,94,126,3157,328,1392,0,85,0,925,7898021,2887,0,477,15,4,8,766,19,10,776,5,5,3,15
200.037,1625039240947,50.008703508,1,0,0,13,25,520,12,612,7,0,0,0,6,28,6361504,0,25,8,144,4890,2198944,20126,523,3,193103,139593,55123,55805,20518,11148,20584,10835,72,1092,1092,33,37130,17578,22215967,2243,72,426,260,4407055,4406947,114,129,71,85,160,6361139,4193263,93,123,2995,323,1170,0,84,0,916,7892205,2741,0,432,12,7,8,762,16,10,772,4,5,3,11
250.046,1625039298099,50.008940772,1,0,0,14,27,773,13,914,7,0,0,0,34,79,6374692,0,29,9,148,24695,2208313,21137,786,3,195532,141639,60998,61655,24022,14207,24111,13921,74,1095,1095,37,43652,20861,22354497,2241,77,426,265,4417386,4417281,112,128,76,89,168,6374501,4195443,94,127,3169,333,1414,0,89,0,926,7814930,2899,0,488,8,4,5,1037,19,8,1045,4,5,4,8
300.055,1625039354876,50.009195927,1,0,0,14,29,520,15,635,8,0,0,0,18,65,6197134,0,28,8,156,13996,2059567,20470,525,3,196376,142194,60525,61329,23986,13860,24055,13354,78,1096,1096,37,43669,20858,21384389,2243,77,427,264,4392735,4392622,116,132,76,90,168,6196952,4170377,94,127,3163,332,1410,0,89,0,919,7431248,2825,0,499,15,8,12,786,19,10,796,5,6,3,15
350.064,1625039411237,50.009439379,1,0,0,14,28,520,14,626,7,0,0,0,46,61,6517399,0,36,8,152,21353,2341921,21367,524,3,193018,139675,57076,57940,20900,11311,20964,11150,76,1138,1139,64,38245,17895,23135451,2273,77,431,260,4418671,4418572,114,130,74,89,166,6517239,4203109,95,126,3038,320,1193,11,87,2,964,8184787,2946,0,473,15,4,8,754,16,10,764,5,5,3,15
400.076,1625039468198,50.011676698,1,0,0,14,28,520,14,636,7,0,0,0,29,58,6428813,0,40,8,152,23545,2234951,20827,524,3,195173,141494,56881,57260,21461,12130,20810,11559,76,1088,1088,33,38457,18460,22543512,2235,76,428,264,4437853,4437751,114,130,76,88,164,6428448,4221929,93,127,3026,327,1185,0,88,0,915,8086599,2874,0,480,15,4,8,760,16,10,770,5,5,3,15
450.085,1625039525290,50.009309501,1,0,0,10,21,777,11,896,7,0,0,0,30,76,6486938,0,25,7,140,16330,2320082,20919,785,2,196068,141865,59573,60459,23874,13514,23920,13229,70,1091,1091,33,42924,20786,23007522,2241,76,427,266,4416058,4415959,114,129,74,88,164,6486769,4195252,93,125,3169,336,1411,0,87,0,922,7927535,2883,0,495,9,8,9,1038,20,12,1050,3,5,3,9
500.114,1625039581903,50.028647918,1,0,0,14,26,525,12,654,6,0,0,0,23,67,6434275,0,27,8,144,17584,2237405,21164,523,3,193639,140122,59977,60623,24038,13954,24017,13795,72,1080,1080,33,43278,20903,22576764,2219,76,421,277,4444354,4444245,114,130,76,86,166,6433667,4225280,94,126,3153,336,1414,0,87,0,917,7985727,2896,0,473,10,7,9,778,20,15,793,4,6,4,9
550.123,1625039639355,50.008716117,1,0,0,14,28,520,14,618,7,0,0,0,44,44,6566818,0,25,8,152,6410,2362421,20571,525,3,192993,139540,55024,55534,20517,11711,20498,11653,76,1087,1087,33,37162,17560,23277525,2233,71,426,259,4447916,4447806,116,132,71,83,160,6566378,4234674,93,123,2986,320,1161,0,83,0,920,8110340,2893,0,469,15,4,8,744,16,10,754,5,5,3,15
600.132,1625039696239,50.009137995,1,0,0,13,24,524,11,623,6,0,0,0,14,56,6351895,0,31,8,140,13116,2201999,20563,523,3,195373,141454,60550,61325,24930,14774,24062,13795,70,1090,1090,37,43651,21815,22280727,2231,78,428,264,4399169,4399067,114,130,76,89,168,6351760,4177585,94,127,3167,329,1409,0,89,0,919,8006919,2899,0,488,12,3,4,781,19,10,791,8,3,2,12
650.141,1625039753699,50.009437932,1,0,0,14,26,517,12,648,7,0,0,0,38,69,6495371,0,31,8,144,13392,2322660,21482,524,3,196704,142489,61733,62578,24377,14059,24412,13575,72,1138,1139,64,44318,21164,23026725,2273,83,427,266,4427663,4427563,112,127,81,95,174,6495186,4204158,95,132,3205,333,1440,11,95,2,954,8248953,3041,0,511,12,4,5,782,19,7,789,4,5,3,12
700.15,1625039810661,50.009184715,1,0,0,10,21,773,11,894,6,0,0,0,60,59,6352777,0,31,7,140,23507,2203300,20704,785,2,193834,140271,57101,58046,20863,10964,20958,10583,70,1096,1096,37,38157,17822,22236570,2243,79,428,258,4394631,4394534,110,126,77,93,168,6352588,4178497,94,129,3003,316,1164,0,90,0,924,7852248,2960,0,482,9,6,7,1016,16,8,1024,3,5,3,9
750.16,1625039868176,50.010404193,1,0,0,13,25,520,12,626,7,0,0,0,29,73,6586661,0,25,8,144,11901,2403870,20611,524,3,192711,139316,54965,55637,20539,11524,20596,11055,72,1087,1087,33,37164,17597,23453620,2233,72,426,259,4425481,4425390,114,130,71,83,160,6586494,4212395,93,123,2983,319,1159,0,83,0,920,8201604,2821,0,464,10,7,8,748,16,10,758,6,3,1,9
800.169,1625039924735,50.009243265,1,0,0,14,29,520,15,634,7,0,0,0,14,66,6187139,0,30,8,156,6391,2044977,20701,525,3,195946,141760,59321,60028,23887,14108,23904,13953,78,1093,1093,33,42967,20777,21284155,2245,75,427,266,4394918,4394821,114,130,74,87,164,6186799,4174551,93,125,3179,336,1407,0,86,0,918,7628805,2833,0,484,13,4,9,782,18,7,789,5,7,5,14
850.178,1625039981902,50.009234795,1,0,0,13,25,520,12,641,7,0,0,0,30,75,6595411,0,27,8,144,18630,2397734,20981,524,3,195516,141500,59821,60735,24022,14777,24146,14173,72,1091,1091,33,43209,20878,23532691,2241,79,430,266,4448942,4448844,114,129,78,91,168,6595263,4228680,93,129,3166,336,1403,0,91,0,921,8284757,2908,0,503,12,7,8,779,19,10,789,4,5,3,12
900.187,1625040039221,50.009131365,1,0,0,14,27,773,13,891,8,0,0,0,30,84,6382788,0,33,9,148,18681,2223301,20656,787,3,193413,139856,56540,57347,20888,10900,20940,10803,74,1137,1138,60,37783,17867,22369249,2279,77,428,261,4407124,4407028,114,129,76,89,166,6382586,4191976,94,128,3041,326,1188,11,88,2,951,7947845,2886,0,479,13,5,5,1020,17,8,1028,4,6,4,12
950.196,1625040095891,50.008916588,1,0,0,14,29,520,15,628,8,0,0,0,34,62,6486847,0,26,8,156,12156,2332982,20913,523,3,195586,141942,59466,59784,23625,13702,21236,10961,78,1095,1095,37,42106,20532,23008677,2241,76,427,264,4404222,4404127,116,132,75,87,165,6486545,4184662,94,126,3012,324,1183,0,88,0,923,8149563,2906,0,488,15,8,12,754,16,10,764,5,6,3,15
1000.21,1625040152516,50.009361541,1,0,0,14,28,520,14,635,7,0,0,0,20,49,6569365,0,27,8,152,5277,2363926,21026,524,3,195995,141919,61007,61870,24159,13612,24213,13449,76,1093,1093,37,43946,20981,23320491,2237,82,426,264,4459561,4459456,114,130,80,94,172,6569193,4237314,94,131,3157,329,1401,0,93,0,917,8041111,2833,0,495,15,4,8,784,19,10,794,5,5,3,15
1050.22,1625040209641,50.008733589,1,0,0,14,28,520,14,646,7,0,0,0,86,71,6734867,0,32,8,152,12490,2535600,22354,523,3,196451,142364,61095,61669,24168,13488,24182,13638,76,1095,1095,37,43829,20954,24307252,2241,81,429,265,4453850,4453739,114,130,80,94,172,6734422,4231926,94,131,3175,332,1409,0,94,0,920,8418569,3083,0,510,15,4,8,781,19,10,791,5,5,3,15
1100.23,1625040266388,50.009270485,1,0,0,10,21,777,11,882,7,0,0,0,26,39,6816736,0,32,7,140,16651,2610656,21242,784,2,193346,139777,55872,56701,20675,11056,20757,10583,70,1091,1091,33,37408,17698,24784670,2241,77,427,260,4453714,4453621,114,130,75,87,164,6816601,4239216,93,127,3005,323,1167,0,87,0,924,8529351,2789,0,464,9,8,9,1003,17,12,1015,3,5,3,9
1150.24,1625040323612,50.008801755,1,0,0,14,26,521,12,645,6,0,0,0,6,26,6612081,0,31,8,144,10347,2391767,21463,525,3,195839,141692,59985,60679,24056,14050,24041,13764,72,1138,1139,60,43346,20926,23520298,2281,76,426,268,4474098,4473978,112,127,75,88,166,6611706,4253098,94,126,3211,340,1429,11,87,2,957,8277854,2859,0,461,12,3,5,767,19,11,778,4,5,4,12
1200.25,1625040380095,50.011592405,1,0,0,13,25,520,12,660,6,0,0,0,43,71,6382252,0,45,8,144,12381,2218034,21759,524,3,196148,141980,60273,60948,26266,15883,27238,16694,72,1093,1093,33,43456,22996,22381439,2245,82,428,266,4416338,4416229,112,128,82,96,172,6381899,4195189,93,133,3187,333,1403,0,96,0,919,7956897,2992,0,517,9,3,5,779,18,7,786,9,2,1,11
1250.26,1625040436726,50.012243378,1,0,0,13,25,520,12,627,6,0,0,0,58,53,6793253,0,26,8,144,14089,2586643,21568,523,3,195088,141318,60482,61390,24053,13199,24159,13291,72,1087,1087,37,43699,20895,24669053,2225,77,425,264,4460362,4460266,112,127,77,90,168,6793040,4239480,94,127,3147,330,1401,0,89,0,924,8721229,2948,0,499,10,3,5,776,18,7,783,10,5,4,15
1300.27,1625040494027,50.009112094,1,0,0,14,26,517,12,615,6,0,0,0,46,65,6251728,0,29,8,144,14463,2133469,21044,525,3,193719,140159,56346,57215,20719,11308,20803,10898,72,1094,1094,37,37863,17720,21728219,2239,75,428,258,4365903,4365808,110,124,73,87,164,6251455,4150173,94,125,2998,316,1169,0,87,0,926,7782317,2882,0,466,9,3,5,753,15,7,760,9,4,3,12
1350.28,1625040551093,50.009319893,1,0,0,10,21,777,11,895,6,0,0,0,4,27,6342504,0,26,7,140,4146,2145688,20692,786,2,196449,142241,60817,61711,24026,14049,24098,13827,70,1099,1099,37,43668,20881,21993623,2249,78,426,264,4452866,4452773,112,128,76,89,168,6342429,4229950,94,127,3169,330,1410,0,89,0,919,7868942,2799,0,475,8,4,5,1032,19,7,1039,8,4,3,11
1400.29,1625040607848,50.008708910,1,0,0,13,25,520,12,639,6,0,0,0,54,56,6700084,0,27,8,144,20273,2512509,21888,524,3,196247,142092,59777,60420,24022,13831,24014,13324,72,1092,1092,33,43096,20848,24193206,2240,79,433,266,4441100,4440986,112,128,78,90,168,6699644,4220440,93,129,3166,336,1411,0,91,0,917,8412906,3001,0,498,10,3,5,785,18,7,792,10,4,3,13
1450.3,1625040664408,50.009674810,1,0,0,13,25,520,12,624,6,0,0,0,8,61,6402650,0,25,8,144,9189,2239606,20810,523,3,194447,140282,57782,59214,22265,12443,23876,13607,72,1092,1092,33,41098,19195,22477007,2243,79,426,260,4410716,4410618,112,128,77,94,168,6402489,4192386,93,129,3155,328,1392,0,89,0,917,8017885,2852,0,504,10,3,5,767,18,7,774,10,4,3,14
1500.31,1625040721132,50.009274594,1,0,0,13,25,520,12,609,6,0,0,0,2,26,6576373,0,27,8,144,3281,2397694,20319,523,3,193088,139501,53125,54094,20152,10857,20238,10992,72,1092,1092,33,36285,17341,23411110,2243,68,426,260,4425239,4425152,112,128,67,78,151,6576220,4212782,89,118,2998,324,1170,0,78,0,921,8381694,2686,0,433,11,3,5,749,15,7,756,10,5,4,15
1550.32,1625040778132,50.009259002,1,0,0,10,20,517,10,649,5,0,0,0,70,53,6525044,0,25,6,136,25904,2375196,21205,524,2,195840,141913,60548,61370,23987,13013,24038,13072,68,1091,1091,37,43643,20888,23301509,2233,78,427,264,4404111,4404018,108,124,76,90,168,6524838,4182770,94,127,3152,329,1410,0,90,0,925,8204279,3003,0,506,9,3,5,782,18,7,789,9,4,3,12
1600.33,1625040834883,50.008815383,1,0,0,13,25,524,12,631,6,0,0,0,28,73,6544792,0,27,8,146,20641,2362597,21463,524,3,195446,141555,60531,61126,24014,13798,24039,13670,73,1094,1094,37,43651,20881,23295136,2239,77,425,264,4433434,4433323,116,131,76,90,168,6544351,4212043,94,127,3163,329,1410,0,89,0,920,8256194,2929,0,503,10,3,5,776,18,7,783,10,4,3,13
1650.34,1625040891825,50.009193174,1,0,0,14,29,524,15,607,7,0,0,0,4,44,6317808,0,25,8,156,6589,2149524,20093,523,3,193739,140115,56304,57293,20724,11117,20840,10930,78,1097,1097,37,37887,17705,21911905,2245,75,431,258,4416248,4416150,116,129,73,91,164,6317626,4200418,94,125,2993,316,1165,0,86,0,921,7830276,2675,0,451,13,8,13,752,16,11,763,5,8,5,14
1700.35,1625040948413,50.010178993,1,0,0,14,28,524,14,626,7,0,0,0,71,67,6317392,0,31,8,152,19679,2168140,20904,524,3,193308,139859,56247,56852,20885,11027,20892,10615,76,1134,1135,60,37706,17871,22027783,2273,77,429,262,4393833,4393729,116,132,76,88,166,6317010,4179191,94,128,3039,327,1198,11,88,2,948,7878012,2948,0,490,15,8,12,749,17,14,763,5,6,3,15
1750.36,1625041004583,50.009268390,1,0,0,10,22,777,12,919,7,0,0,0,32,36,6311336,0,27,8,142,6402,2146419,20846,783,2,196546,142280,61787,62596,24398,13525,24445,13418,71,1098,1098,33,43907,21122,21948657,2255,88,428,266,4419462,4419352,116,132,86,100,179,6311162,4197070,95,138,3183,338,1417,0,100,0,920,7851712,2852,0,490,9,8,9,1037,20,12,1049,3,5,3,9
1800.37,1625041061539,50.008475469,1,0,0,10,20,521,10,629,5,0,0,0,50,29,6537413,0,25,6,136,6875,2376114,20931,524,2,196301,142105,59282,59639,23861,13575,23886,13197,68,1092,1092,33,42883,20752,23296535,2243,75,428,266,4415436,4415344,110,126,74,86,164,6536979,4195118,93,125,3169,336,1413,0,86,0,920,8062904,2943,0,495,12,7,9,777,19,11,788,4,6,4,12
1850.38,1625041118048,50.009463292,1,0,0,14,28,524,14,615,7,0,0,0,10,58,6395248,0,28,8,152,7005,2247683,20609,524,3,193776,140148,56344,57190,20731,10992,20798,10772,76,1097,1097,37,37928,17733,22499115,2245,74,427,258,4391531,4391438,116,129,73,87,164,6395100,4175667,94,125,2993,319,1164,0,87,0,920,7883097,2776,0,452,15,8,12,761,17,14,775,5,6,3,15
1900.39,1625041175244,50.009241624,1,0,0,14,28,524,14,642,7,0,0,0,24,53,6364917,0,27,8,152,4471,2204807,20333,524,3,195610,141917,58306,58859,21931,11627,21096,10898,76,1099,1099,37,39484,18835,22268630,2249,79,431,263,4406913,4406811,116,132,78,91,168,6364707,4188626,94,129,3018,324,1186,0,91,0,922,7684218,2804,0,469,15,8,12,744,17,14,758,5,6,3,15
1950.4,1625041231927,50.009100540,1,0,0,13,25,520,12,646,7,0,0,0,80,53,6397941,0,32,8,144,9977,2264937,21562,524,3,195366,141600,61692,62424,24338,14057,24396,13764,72,1131,1132,63,44276,21117,22584254,2261,82,427,266,4385625,4385522,114,130,81,94,174,6397780,4163740,95,132,3193,333,1431,11,94,2,956,7914126,3078,0,524,12,7,8,785,19,10,795,4,5,3,12
2000.41,1625041288268,50.009300368,1,0,0,14,27,777,13,912,8,0,0,0,50,52,6370881,0,44,9,148,12730,2211186,21429,786,3,195399,141446,59605,60429,23888,13891,23942,13607,74,1090,1090,33,42918,20748,22322666,2239,76,427,266,4409934,4409845,116,132,74,87,164,6370729,4189942,93,125,3181,337,1406,0,87,0,919,7969674,2976,0,507,12,8,9,1029,20,12,1041,4,6,4,12
2050.42,1625041345166,50.009098259,1,0,0,12,22,520,10,621,7,0,0,0,68,36,6296341,0,30,8,136,8080,2145075,20472,524,3,193285,139827,55529,56453,20688,11718,20760,11307,68,1092,1092,33,37353,17668,21856485,2243,77,429,260,4398586,4398488,114,130,75,89,164,6296110,4185047,93,127,2998,326,1170,0,88,0,918,7851621,2944,0,506,11,10,8,761,16,10,771,9,3,1,11
2100.43,1625041401819,50.009149943,1,0,0,13,25,524,12,617,6,0,0,0,40,41,6568164,0,29,8,144,25884,2374682,20800,523,3,194344,140970,56723,57147,21775,11557,20839,10740,72,1092,1092,33,38676,18765,23341248,2243,74,426,265,4437586,4437489,114,130,72,84,160,6567936,4222140,93,123,3014,333,1191,0,85,0,914,8316902,2864,0,490,9,3,5,749,15,7,756,9,4,3,13
2150.44,1625041458466,50.009587028,1,0,0,13,26,524,13,632,7,0,0,0,2,47,6415325,0,27,8,148,8190,2238531,20898,523,3,196231,142088,61056,61898,24145,13519,24200,13544,74,1097,1097,37,43892,20961,22521198,2245,82,425,264,4432238,4432136,116,132,80,93,172,6415094,4209534,94,131,3169,329,1412,0,93,0,920,8047234,2778,0,490,10,7,9,779,18,7,786,10,6,4,15
2200.45,1625041515481,50.009135372,1,0,0,10,21,777,11,895,6,0,0,0,24,41,6470727,0,30,7,140,6006,2293243,20922,785,2,196561,142331,61237,61624,24079,14144,24030,13827,70,1102,1102,40,43844,20971,22842641,2249,78,431,264,4434619,4434526,112,128,76,85,167,6470605,4211582,94,127,3169,332,1402,4,89,0,924,8125786,2857,0,511,8,4,5,1043,19,8,1051,8,4,3,11
2250.46,1625041572074,50.008989415,1,0,0,14,26,521,12,613,6,0,0,0,32,61,6477948,0,25,8,144,14866,2334404,21089,524,3,193944,140315,56887,57671,20884,11529,20950,11433,72,1095,1095,37,38113,17799,22981083,2241,78,428,258,4393288,4393193,112,128,77,93,167,6477791,4177195,94,129,2999,316,1164,0,90,0,922,8187660,2844,0,476,10,3,5,760,16,11,771,10,4,3,13
2300.47,1625041629063,50.009188340,1,0,0,13,25,524,12,629,6,0,0,0,20,57,6318370,0,25,8,144,11895,2178902,20440,523,3,195260,141305,59244,60163,23867,14015,23989,14015,72,1086,1086,33,42917,20767,22087228,2231,76,425,266,4391776,4391680,114,130,74,90,164,6318168,4172178,93,125,3155,336,1409,0,87,0,913,7753795,2847,0,497,10,3,5,779,18,7,786,10,4,3,14
2350.48,1625041686088,50.009109846,1,0,0,13,25,524,12,630,6,0,0,0,0,55,6517919,0,27,8,144,8371,2306814,21016,524,3,195634,141524,59753,60537,23991,13642,24041,13386,72,1094,1094,33,43174,20882,23001502,2247,79,425,266,4462370,4462272,114,130,78,92,168,6517732,4241827,93,129,3176,336,1413,0,91,0,918,8149932,2796,0,478,10,3,5,786,18,7,793,10,5,4,14
2400.49,1625041743485,50.009568731,1,0,0,10,20,521,10,611,5,0,0,0,10,57,6294263,0,42,6,136,15638,2147806,20607,523,2,194112,140009,57184,58412,21728,12094,23649,13449,68,1094,1094,33,40519,18705,21894934,2247,74,426,260,4395987,4395888,110,125,73,86,164,6294174,4178400,93,125,3173,337,1396,0,85,0,923,7846583,2792,0,486,9,3,5,775,18,7,782,9,4,3,13
2450.5,1625041800179,50.009716550,1,0,0,10,20,521,10,602,5,0,0,0,64,63,6389873,0,25,6,136,20314,2252937,20819,524,2,193427,139875,54949,56140,20537,11683,20682,11276,68,1092,1092,35,37471,17620,22507959,2239,73,432,258,4381186,4381089,110,126,71,86,160,6389741,4167690,94,125,2989,316,1166,0,83,0,919,8078096,2924,0,495,9,3,5,746,16,11,757,9,4,3,12
2500.51,1625041857066,50.008999553,1,0,0,13,25,524,12,635,6,0,0,0,18,77,6386457,0,31,8,144,10277,2240070,21253,523,3,196711,142464,61711,62530,24380,13520,24432,13386,72,1139,1140,64,44265,21158,22474618,2275,82,427,266,4402573,4402463,114,130,81,94,174,6386252,4178772,95,132,3207,333,1439,11,94,2,962,7986626,2915,0,503,10,3,5,774,18,7,781,10,4,3,13
2550.52,1625041913707,50.009247649,1,0,0,13,25,524,12,657,6,0,0,0,26,77,6599206,0,43,8,144,15412,2415431,21520,524,3,196554,142319,60998,61833,24120,13204,24187,13040,72,1095,1095,37,43903,20965,23588007,2241,82,427,264,4438147,4438045,114,130,80,93,172,6599006,4215329,94,131,3176,338,1408,0,93,0,921,8369062,2895,0,514,10,3,5,780,18,7,787,10,4,3,13
2600.53,1625041970623,50.009691279,1,0,0,13,26,520,13,609,7,0,0,0,40,52,6420018,0,25,8,150,5696,2260367,20864,524,3,194612,140506,58199,59491,21433,11877,23697,13607,75,1098,1098,37,40701,18333,22597598,2247,77,428,259,4409284,4409188,116,130,75,90,168,6419966,4190357,94,127,3153,325,1381,0,89,0,925,8079554,2886,0,505,10,7,9,776,18,7,783,10,6,4,15
2650.54,1625042027722,50.009150078,1,0,0,14,27,773,13,880,8,0,0,0,68,71,6566251,0,27,9,148,14447,2418144,21231,786,3,193533,139977,55360,56193,20519,10895,20563,10489,74,1092,1092,33,37137,17596,23502912,2243,73,429,260,4395065,4394969,114,130,71,85,160,6566098,4181241,93,123,2997,324,1163,0,84,0,922,8152375,2963,0,499,12,5,5,1020,17,8,1028,4,6,4,12
2700.55,1625042084900,50.008821058,1,0,0,14,29,524,15,634,8,0,0,0,80,74,6377499,0,29,8,156,6999,2255006,21625,522,3,196304,142145,59309,59925,23873,13290,23890,13417,78,1096,1096,33,42911,20769,22490374,2251,74,434,266,4374875,4374771,118,134,74,86,164,6377082,4154796,93,125,3176,338,1406,0,86,0,914,7903316,3006,0,513,15,12,16,779,20,14,793,5,7,3,15
2750.56,1625042141916,50.008828663,1,0,0,14,28,524,14,634,7,0,0,0,32,69,6381843,0,34,8,152,8503,2218229,21479,522,3,196491,142221,60516,61059,24277,13486,24265,13197,76,1137,1138,60,43515,21044,22353772,2279,80,428,268,4418820,4418705,116,131,79,91,170,6381392,4196958,94,130,3222,340,1440,11,91,2,951,7884943,2950,0,504,15,8,12,781,20,14,795,5,6,3,15
2800.57,1625042199332,50.009143279,1,0,0,13,25,520,12,631,7,0,0,0,44,71,6732843,0,38,8,144,15527,2543262,21410,524,3,192885,139570,56349,57150,21658,11748,20795,10678,72,1092,1092,37,37928,18661,24341947,2235,74,426,258,4432035,4431937,114,130,73,86,164,6732630,4217401,94,125,2998,316,1160,0,86,0,923,8490525,2883,0,464,12,7,8,767,16,10,777,4,5,3,12
2850.58,1625042256274,50.009628691,1,0,0,10,20,517,10,623,6,0,0,0,34,42,6514401,0,27,6,139,8123,2333699,20807,524,2,196112,142078,59897,60226,23865,13670,21366,10961,68,1094,1094,37,43400,20779,23088069,2239,77,427,264,4435290,4435198,110,125,75,87,165,6514193,4213548,94,126,3147,326,1384,0,88,0,917,8091433,2886,0,461,9,4,5,752,16,7,759,3,5,3,9
2900.59,1625042312870,50.010232749,1,0,0,14,26,525,12,630,6,0,0,0,11,64,6611811,0,27,8,144,14566,2439732,21214,522,3,196358,142162,60976,61580,24207,13928,24186,13670,72,1099,1099,37,43930,20968,23733752,2249,81,426,264,4423075,4422966,114,130,80,95,172,6611477,4200127,94,131,3167,329,1401,0,94,0,922,8250711,2849,0,485,13,11,13,766,20,15,781,4,7,4,12
2950.6,1625042369957,50.009111786,1,0,0,14,28,520,14,627,7,0,0,0,2,36,6376064,0,25,8,154,3246,2169999,20814,524,3,195542,141450,59241,60082,23859,13449,23931,13134,77,1089,1089,33,42958,20775,22162985,2237,76,425,266,4455146,4455051,116,132,74,87,164,6375952,4234559,93,125,3163,336,1404,0,87,0,912,7873153,2776,0,447,15,4,8,776,19,10,786,5,5,3,15
3000.61,1625042427136,50.009235707,1,0,0,13,24,524,11,609,6,0,0,0,12,61,6603421,0,35,8,142,11769,2390229,20925,522,3,192417,139115,56215,57062,20909,10461,20967,10457,71,1136,1137,60,37777,17861,23454628,2277,78,424,262,4459096,4458999,116,131,76,88,166,6603211,4244651,94,128,3037,327,1189,11,88,2,956,8306123,2807,0,454,13,3,4,746,16,10,756,9,3,2,14
3050.62,1625042483847,50.009082691,1,0,0,10,20,521,10,626,5,0,0,0,26,38,6639255,0,30,6,136,11543,2426470,21103,523,2,195730,141673,59268,59733,23882,13576,23886,13229,68,1091,1091,33,42947,20773,23713633,2241,76,426,266,4463477,4463382,110,126,74,84,164,6639092,4242852,93,125,3176,336,1413,0,86,0,921,8444285,2834,0,444,8,3,5,781,18,7,788,8,4,3,11
3100.63,1625042541219,50.008820509,1,0,0,10,20,517,10,651,5,0,0,0,48,50,6466972,0,27,6,136,5527,2302013,21001,524,2,195690,141657,59602,60164,24028,13421,24011,13134,68,1085,1085,33,43216,20846,22866433,2229,79,427,265,4416037,4415929,108,123,78,90,168,6466560,4195860,93,129,3152,332,1407,0,90,0,913,8137719,2908,0,494,9,3,5,776,17,6,782,9,4,3,11
3150.64,1625042598458,50.009053504,1,0,0,13,25,520,12,612,6,0,0,0,2,41,6216140,0,25,8,144,7833,2029677,20011,525,3,192365,139092,56358,57682,20727,10928,20898,10897,72,1089,1089,37,38022,17722,21261783,2229,74,423,258,4429244,4429143,112,128,73,90,164,6216027,4214606,94,125,2981,317,1165,0,86,0,917,7716553,2708,0,467,10,3,5,765,15,7,772,10,4,3,14
3200.65,1625042654703,50.009147929,1,0,0,13,25,520,12,625,6,0,0,0,0,48,6481877,0,25,8,144,6081,2289787,20323,524,3,193323,139797,56279,57048,20707,11243,20790,11119,72,1091,1091,37,37936,17709,22814701,2233,73,425,258,4439737,4439641,112,128,73,89,164,6481682,4223890,94,125,2983,316,1165,0,86,0,929,8010137,2758,0,453,10,3,5,755,15,7,762,10,4,3,14
3250.66,1625042711177,50.008983231,1,0,0,13,26,520,13,629,7,0,0,0,50,58,6562334,0,27,8,148,20093,2369542,21553,523,3,195922,141936,61049,61874,24170,13582,24218,13323,74,1096,1096,37,43887,20968,23355804,2243,82,430,265,4445034,4444923,114,130,80,93,172,6562158,4222442,94,131,3169,333,1409,0,93,0,925,8150234,2965,0,499,10,7,9,777,18,7,784,10,6,4,15
3300.67,1625042767793,50.009258839,1,0,0,14,27,773,13,902,7,0,0,0,2,78,6033806,0,38,9,148,14439,1890150,20474,786,3,196036,141841,60844,61733,24199,13804,24269,13701,74,1139,1140,60,43555,21040,20368427,2283,80,426,268,4398350,4398242,112,128,79,91,170,6033593,4175798,94,130,3228,342,1439,11,91,2,961,7251307,2845,0,469,9,4,5,1046,19,8,1054,9,4,3,12
3350.68,1625042824517,50.009484801,1,0,0,13,25,520,12,608,6,0,0,0,6,64,6234164,0,26,8,144,8318,2065677,20640,523,3,194224,140109,57860,58917,24743,15306,26671,16284,72,1089,1089,33,41644,21678,21496346,2237,74,426,262,4413434,4413340,112,128,73,87,164,6234124,4194504,93,125,3143,329,1383,0,86,0,920,7796235,2807,0,470,10,3,5,764,18,7,771,10,4,3,13
3400.69,1625042881404,50.009237197,1,0,0,13,25,520,12,608,6,0,0,0,50,52,6402811,0,25,8,144,11476,2227277,20543,523,3,193108,139631,54965,55840,20523,11208,20624,11244,72,1089,1089,33,37169,17584,22417764,2237,73,427,259,4418757,4418663,112,127,71,83,160,6402601,4205070,93,123,2988,319,1160,0,83,0,920,8080196,2804,0,464,10,3,5,746,15,7,753,10,4,3,14
3450.7,1625042938450,50.010735542,1,0,0,13,25,520,12,620,6,0,0,0,57,53,6375224,0,25,8,144,9300,2198638,21060,524,3,196179,142123,60481,61427,24021,13483,24093,13355,72,1096,1096,37,43715,20874,22286008,2243,78,428,264,4426650,4426535,112,128,76,90,168,6375082,4205048,94,127,3162,329,1409,0,90,0,918,7958367,3003,0,509,10,3,5,780,18,7,787,10,5,4,15
3500.71,1625042994904,50.009182986,1,0,0,10,21,777,11,893,6,0,0,0,24,49,6532647,0,27,7,140,9167,2352183,21484,784,2,196322,142148,60811,61679,24050,13862,24100,13858,70,1097,1097,37,43669,20869,23225911,2245,78,431,264,4432248,4432151,112,128,76,90,168,6532438,4209864,94,127,3169,329,1404,0,90,0,920,8161592,2898,0,478,8,4,5,1027,19,8,1035,8,4,3,11
3550.72,1625043052377,50.009354173,1,0,0,14,26,521,12,632,6,0,0,0,30,59,6229451,0,36,8,144,14838,2072120,20293,524,3,193712,140153,57505,58371,21041,11189,21122,11181,72,1139,1140,64,38473,17985,21487376,2275,80,427,260,4397118,4397019,112,128,78,92,170,6229309,4180172,95,130,3044,320,1194,11,92,2,958,7505925,2834,0,461,10,3,5,758,16,11,769,10,4,3,13
3600.73,1625043109228,50.009338440,1,0,0,13,25,520,12,637,6,0,0,0,20,64,6189727,0,41,8,144,7987,2042895,20559,525,3,194664,141162,57133,57440,21794,11971,20908,11087,72,1090,1090,33,38747,18748,21262179,2239,77,426,265,4390649,4390548,112,128,76,87,164,6189536,4174886,93,127,3027,331,1193,0,88,0,916,7477940,2865,0,482,10,3,5,753,15,7,760,10,4,3,14
3650.74,1625043165699,50.009574017,1,0,0,12,24,520,12,634,6,0,0,0,4,64,6358249,0,25,8,144,19584,2179742,20463,523,3,194947,141071,59317,60239,23857,14140,23923,13733,72,1091,1091,33,42907,20760,22175091,2241,76,424,266,4430385,4430295,112,127,74,86,164,6358084,4210615,93,125,3165,336,1414,0,86,0,916,7799278,2758,0,482,10,3,5,776,18,7,783,10,5,4,15
3700.75,1625043222996,50.009091608,1,0,0,14,26,517,12,631,6,0,0,0,6,47,6454720,0,25,8,144,8200,2286979,21044,524,3,195809,141682,59326,60161,23846,13827,23947,13701,72,1092,1092,33,42930,20752,22770388,2243,76,426,266,4418591,4418486,110,126,74,86,164,6454501,4198010,93,125,3169,336,1411,0,86,0,926,7973923,2816,0,483,9,3,5,781,18,7,788,9,4,3,12
3750.76,1625043279686,50.009161615,1,0,0,10,21,773,11,873,6,0,0,0,64,62,6674088,0,25,7,140,15174,2481756,21105,786,2,193615,140150,56617,57603,20655,10836,20773,10961,70,1094,1094,37,37922,17707,23965134,2239,75,432,258,4441138,4441043,110,126,73,91,164,6673906,4225615,94,125,2987,316,1167,0,88,0,928,8430132,2962,0,495,8,4,5,1007,15,3,1010,8,4,3,11
3800.77,1625043336417,50.009070408,1,0,0,13,25,524,12,626,6,0,0,0,24,40,6435309,0,31,8,144,11306,2258684,21232,523,3,195006,141572,60863,61121,24178,13773,21697,10992,72,1136,1137,64,43008,21016,22632909,2269,82,425,266,4430115,4430011,114,130,80,92,171,6435098,4209560,95,131,3050,328,1218,11,93,2,958,8064573,2864,0,460,10,3,5,749,15,7,756,10,4,3,14
3850.78,1625043392924,50.012112659,1,0,0,13,25,520,12,623,6,0,0,0,3,52,6242991,0,27,8,144,10633,2097239,20991,525,3,195472,141526,60621,61418,24036,13988,24117,13890,72,1099,1099,37,43659,20910,21638675,2249,78,424,265,4396039,4395931,114,130,76,91,168,6242660,4174285,94,127,3172,333,1413,0,89,0,926,7775569,2830,0,482,10,3,5,775,18,7,782,10,4,3,13
3900.79,1625043450165,50.009147533,1,0,0,14,29,524,15,620,7,0,0,0,40,69,6573118,0,27,8,156,13094,2372995,21520,523,3,195488,141494,59264,60212,23815,13512,23927,13260,78,1090,1090,33,42930,20751,23383517,2239,76,427,266,4451848,4451754,116,131,74,89,164,6572986,4231950,93,125,3163,338,1406,0,87,0,926,8354801,2949,0,488,10,4,9,773,18,7,780,10,6,4,15
3950.8,1625043506572,50.009390214,1,0,0,10,20,517,10,614,5,0,0,0,54,55,6469721,0,29,6,136,17012,2332802,20703,523,2,193685,140080,55999,57159,20792,11122,20919,10930,68,1094,1094,33,37568,17770,22970533,2247,81,429,260,4382677,4382576,108,124,79,94,168,6469518,4168018,93,131,3002,323,1163,0,91,0,921,8068066,2854,0,470,8,3,5,754,15,7,761,8,4,3,11
4000.81,1625043563164,50.009259051,1,0,0,13,25,524,12,619,6,0,0,0,50,62,6578272,0,27,8,144,15734,2385760,21343,522,3,195137,141249,59176,59920,23864,13952,23921,13764,72,1082,1082,33,42948,20778,23432901,2222,76,425,265,4444747,4444645,114,130,74,86,164,6578083,4225318,93,125,3148,333,1407,0,86,0,908,8215069,2924,0,491,9,3,5,772,18,9,781,9,4,3,12
4050.82,1625043619825,50.009174091,1,0,0,13,25,520,12,633,6,0,0,0,4,41,6261646,0,27,8,144,10995,2127921,20955,524,3,195815,141783,60534,61415,23982,13735,24044,13323,72,1093,1093,37,43682,20849,21773199,2237,77,429,264,4388052,4387951,112,127,76,93,168,6261410,4166141,94,127,3161,329,1412,0,90,0,917,7627194,2816,0,486,10,3,5,785,18,7,792,10,4,3,13
4100.83,1625043676803,50.009103779,1,0,0,13,25,520,12,628,6,0,0,0,2,69,6349121,0,36,8,144,6887,2198843,21006,524,3,196354,142180,61812,62686,24366,12986,24438,13166,72,1136,1137,64,44302,21169,22225328,2271,82,426,266,4404062,4403956,112,128,81,95,174,6348912,4180425,95,132,3211,334,1439,11,94,2,956,7827560,2825,0,481,10,3,5,771,18,7,778,10,5,4,15
4150.84,1625043733866,50.011649619,1,0,0,10,22,777,12,882,7,0,0,0,32,47,6603622,0,25,7,144,8484,2420776,21018,786,2,193121,139738,56648,57515,20719,11526,20814,10992,72,1093,1093,37,37891,17713,23574282,2237,75,426,258,4430314,4430222,114,129,73,87,164,6603419,4214953,94,125,2989,316,1168,0,86,0,924,8125794,2887,0,466,9,8,9,1020,16,8,1028,9,5,3,13
4200.85,1625043790889,50.009228412,1,0,0,10,20,517,10,631,5,0,0,0,8,64,6409734,0,25,6,136,11541,2228235,20446,523,2,193921,140333,59140,59956,23849,13604,23895,13386,68,1080,1080,33,42931,20760,22479333,2219,76,421,265,4428281,4428188,108,124,74,86,164,6409560,4209599,93,125,3142,333,1412,0,86,0,908,7994162,2793,0,475,9,3,5,782,17,3,785,9,4,3,12
4250.86,1625043847366,50.009085976,1,0,0,13,25,520,12,629,6,0,0,0,60,50,6780922,0,25,8,144,14779,2570371,21554,523,3,196113,141988,59256,60110,23839,13417,23906,13166,72,1091,1091,33,42916,20750,24570624,2241,76,428,266,4462941,4462847,112,128,74,87,164,6780702,4242850,93,125,3167,336,1414,0,86,0,921,8735634,2982,0,497,10,3,5,789,18,7,796,10,4,3,14
4300.87,1625043904458,50.010494026,1,0,0,13,25,520,12,615,6,0,0,0,15,57,6425435,0,25,8,144,12548,2234983,20304,524,3,192436,139121,55126,55880,20563,11555,20614,11464,72,1089,1089,33,37164,17612,22480748,2237,72,428,260,4435232,4435135,112,128,71,83,160,6425284,4222098,93,123,2990,323,1168,0,83,0,917,8101896,2804,0,470,10,3,5,753,15,7,760,10,4,3,14
4350.88,1625043961324,50.009097227,1,0,0,13,26,524,13,608,7,0,0,0,42,51,6743339,0,36,8,148,10237,2538886,21577,524,3,192270,139195,57622,58427,21089,11376,21126,11118,74,1131,1132,64,38479,17969,24345436,2259,80,425,261,4452491,4452390,116,129,78,92,170,6743153,4236884,95,130,3033,323,1206,11,91,2,958,8618300,2898,0,475,10,7,9,750,15,7,757,10,6,4,15
4400.89,1625044017986,50.008778981,1,0,0,14,26,521,12,621,6,0,0,0,26,61,6431511,0,40,8,144,9476,2262686,21128,523,3,195282,141434,60518,60874,24021,14553,24030,14204,72,1093,1093,37,43631,20889,22645555,2237,76,424,264,4420486,4420384,112,127,76,89,168,6431177,4198778,94,127,3175,329,1417,0,89,0,923,8080596,2890,0,495,10,3,5,776,19,11,787,9,4,3,12
4450.9,1625044075223,50.009254190,1,0,0,13,25,520,12,638,6,0,0,0,26,77,6664370,0,27,8,144,10670,2461709,21732,523,3,195540,141611,60970,61859,24132,13613,24207,13480,72,1092,1092,37,43872,20969,23930548,2235,82,424,264,4454262,4454161,112,128,80,93,172,6664206,4232198,94,131,3157,329,1406,0,93,0,923,8447181,2942,0,504,10,3,5,775,18,7,782,10,4,3,13
4500.91,1625044132627,50.009278578,1,0,0,13,25,520,12,633,6,0,0,0,2,62,6331026,0,29,8,144,6984,2206207,20190,524,3,192739,139424,56878,57781,20876,11341,20996,11684,72,1094,1094,37,38108,17795,22146973,2239,79,424,259,4373056,4372960,112,127,77,90,168,6330819,4157504,94,129,2993,322,1166,0,90,0,924,7931306,2714,0,457,10,3,5,754,15,7,761,10,4,3,14
4550.92,1625044189259,50.009611446,1,0,0,13,25,524,12,631,6,0,0,0,2,63,6551328,0,25,8,144,12222,2359326,21381,522,3,195306,141295,59286,60230,23865,13451,23963,13512,72,1089,1089,33,42941,20779,23279528,2237,76,428,266,4444163,4444069,114,130,74,90,164,6551066,4224088,93,125,3161,336,1404,0,88,0,922,8164561,2848,0,472,10,3,5,778,18,7,785,10,5,4,15
4600.93,1625044246017,50.008985538,1,0,0,10,21,777,11,903,6,0,0,0,24,55,6532371,0,36,7,140,10528,2346500,20882,783,2,195546,141550,60737,61346,24221,14117,24206,13828,70,1132,1133,60,43540,21025,23181840,2269,80,426,268,4439561,4439459,112,127,79,91,170,6532220,4218313,94,130,3216,340,1443,11,91,2,953,7989335,2891,0,468,8,4,5,1043,19,8,1051,8,4,3,11
4650.95,1625044302656,50.017600703,1,0,0,14,26,521,12,622,6,0,0,0,42,50,6414235,0,26,8,144,4617,2259230,20694,524,3,194685,140916,59151,60029,23890,13700,23893,13449,72,1085,1085,33,42986,20792,22580061,2229,76,424,266,4407019,4406926,112,128,75,86,164,6413803,4187980,93,125,3152,335,1402,0,86,0,911,7965506,2864,0,468,10,3,5,782,19,11,793,10,4,3,13
4700.96,1625044359316,50.009202936,1,0,0,13,25,520,12,616,6,0,0,0,4,39,6564323,0,28,8,144,12900,2388510,20150,525,3,192936,139541,56703,57532,20814,11185,20902,11055,72,1093,1093,37,38110,17808,23375653,2237,79,424,258,4423564,4423462,112,128,77,90,168,6564125,4208337,94,129,2989,316,1160,0,90,0,918,8136441,2742,0,449,10,3,5,753,15,7,760,10,4,3,14
4750.97,1625044416140,50.009167647,1,0,0,13,25,520,12,636,6,0,0,0,10,70,6458329,0,27,8,144,17989,2272073,20980,525,3,194941,141160,60928,61736,24203,13802,24241,13607,72,1092,1092,37,43882,20986,22767124,2235,82,422,264,4436003,4435898,112,129,80,93,172,6458181,4214424,94,131,3157,329,1403,0,93,0,921,7915562,2784,0,452,10,3,5,772,18,7,779,10,4,3,14
4800.98,1625044473483,50.008786829,1,0,0,13,26,524,13,629,7,0,0,0,10,46,6442357,0,31,8,148,9148,2259846,20988,523,3,194647,140924,60561,61265,24007,14208,24059,14047,74,1090,1090,37,43659,20872,22671219,2231,77,426,265,4433676,4433575,116,132,76,90,168,6442022,4212820,94,127,3170,333,1413,0,89,0,924,8045809,2859,0,467,9,7,9,783,18,7,790,9,5,3,13
4850.99,1625044530683,50.009302512,1,0,0,14,27,773,13,883,7,0,0,0,0,46,6388268,0,25,9,148,10360,2239313,20433,788,3,192769,139323,55881,56650,20698,11246,20749,10803,74,1087,1087,33,37331,17691,22457810,2233,77,424,260,4390097,4389999,112,127,75,89,164,6388113,4175696,93,127,2992,323,1166,0,89,0,912,8062181,2677,0,427,9,4,5,1014,16,8,1022,9,4,3,12
4901,1625044587325,50.009177071,1,0,0,13,25,520,12,643,6,0,0,0,36,45,6539483,0,35,8,144,6357,2350321,21379,524,3,195212,141602,59606,60023,23540,13647,21532,11622,72,1091,1091,33,40930,20332,23194302,2241,86,426,266,4441139,4441031,112,128,84,97,175,6539257,4222821,95,136,3027,336,1191,0,97,0,916,8206686,2910,0,474,10,3,5,762,15,7,769,10,4,3,13
4951.01,1625044643507,50.008979933,1,0,0,13,25,520,12,621,6,0,0,0,16,48,6473029,0,25,8,144,6163,2296617,20475,525,3,195308,141310,59156,59593,24786,14802,23817,13544,72,1085,1085,33,42966,21692,22866387,2229,74,425,265,4426660,4426556,112,128,74,81,164,6472850,4206891,93,125,3149,332,1398,0,86,0,912,8175337,2813,0,478,10,3,5,775,18,7,782,10,4,3,14
5001.02,1625044700853,50.009252692,1,0,0,13,25,520,12,637,6,0,0,0,0,56,6371001,0,27,8,144,12179,2183528,20915,525,3,196475,142240,61099,61855,24173,13706,24222,13354,72,1099,1099,37,43965,20968,22226897,2254,82,426,265,4441951,4441848,112,128,80,93,172,6370819,4218707,94,131,3172,332,1405,0,93,0,923,7982761,2796,0,451,10,3,5,785,18,7,792,10,5,4,15
5051.03,1625044757753,50.008685098,1,0,0,10,21,777,11,873,6,0,0,0,20,67,6260138,0,31,7,142,14769,2088205,20665,786,2,192890,139529,56607,57222,20729,11685,20741,11402,71,1094,1094,37,37931,17692,21605157,2239,74,425,258,4416017,4415914,114,128,73,86,164,6259721,4200698,94,125,3000,317,1164,0,86,0,918,7823951,2819,0,458,8,4,5,1016,16,8,1024,8,4,3,11
5101.04,1625044814981,50.009270462,1,0,0,14,26,521,12,623,6,0,0,0,14,62,6190901,0,27,8,146,14088,2024709,20234,524,3,195522,141568,60630,61483,24052,13608,24081,13481,73,1096,1096,37,43722,20904,21273647,2243,78,429,265,4412068,4411967,114,130,76,92,168,6190710,4189871,94,127,3167,335,1407,0,90,0,922,7523605,2779,0,472,10,3,5,771,19,11,782,10,4,3,13
5151.05,1625044872263,50.008956494,1,0,0,13,25,520,12,635,6,0,0,0,24,74,6594924,0,31,8,144,8468,2393965,22015,523,3,196492,142306,61796,62652,24374,13680,24448,13606,72,1141,1142,64,44254,21157,23523423,2279,82,427,267,4451684,4451580,112,128,81,95,174,6594718,4228072,95,132,3215,337,1436,11,95,2,966,8146922,2954,0,498,10,3,5,759,18,7,766,10,4,3,14
5201.06,1625044929088,50.009872908,1,0,0,13,25,524,12,611,6,0,0,0,14,53,6712724,0,44,8,144,8564,2476113,21010,523,3,193288,139638,55683,57125,20620,11275,23255,13512,72,1096,1096,33,37478,17643,24033417,2251,74,426,260,4479425,4479335,114,129,72,85,163,6712582,4265008,93,124,3046,326,1190,0,84,0,924,8311676,2830,0,476,10,3,5,776,18,7,783,10,5,4,15
5251.07,1625044985485,50.009243798,1,0,0,10,20,521,10,603,5,0,0,0,10,66,6127329,0,25,6,136,6445,1987602,20124,524,2,193192,139632,55046,55895,20554,10987,20630,10520,68,1092,1092,33,37186,17610,20896636,2243,73,426,260,4382601,4382510,110,126,71,83,160,6127097,4168553,93,123,2998,323,1163,0,83,0,924,7485987,2717,0,441,8,3,5,755,15,7,762,8,4,3,11
5301.08,1625045042162,50.009169880,1,0,0,10,20,517,10,620,5,0,0,0,0,51,6362080,0,25,6,136,8264,2206336,20919,524,2,195320,141293,59122,59924,23852,14044,23875,13638,68,1090,1090,33,43031,20758,22294055,2239,75,425,265,4405807,4405705,108,124,74,86,164,6361936,4186005,93,125,3161,332,1401,0,86,0,914,7879765,2816,0,469,9,3,5,772,18,7,779,9,4,3,12
5351.09,1625045099385,50.008732266,1,0,0,13,26,520,13,628,6,0,0,0,4,53,6474680,0,27,8,148,8698,2307270,20688,524,3,196666,142367,60987,61626,24203,13928,24188,13764,74,1101,1101,37,43879,20972,22930752,2253,81,431,264,4419123,4419009,114,130,80,93,172,6474241,4196112,94,131,3177,329,1409,0,93,0,923,8150353,2757,0,486,10,3,5,764,18,7,771,10,4,3,14
5401.1,1625045156093,50.009704606,1,0,0,13,25,520,12,618,6,0,0,0,10,58,6445202,0,31,8,146,20462,2239067,21148,524,3,193012,139267,57343,58649,21412,11878,23653,13481,73,1135,1136,64,40565,18421,22577433,2267,78,423,260,4456092,4455997,114,129,76,91,165,6445178,4238436,91,127,3180,324,1410,11,89,2,956,8094662,2882,0,491,10,3,5,765,18,7,772,10,4,3,14
5451.11,1625045213171,50.009065792,1,0,0,13,26,524,13,602,7,0,0,0,24,55,6474016,0,32,8,148,13005,2281758,20349,523,3,193806,140201,56453,57257,20722,11087,20771,10803,74,1099,1099,37,37911,17734,22783050,2249,74,427,259,4437932,4437841,116,131,73,86,164,6473845,4222049,94,125,3011,320,1169,0,87,0,923,8128067,2822,0,458,10,7,9,754,15,7,761,10,6,4,15
5501.12,1625045270176,50.009297239,1,0,0,14,27,777,13,890,7,0,0,0,42,40,6421651,0,28,9,148,5657,2250663,20997,784,3,195787,141734,59561,60440,23861,13574,23931,13480,74,1089,1089,33,42937,20763,22560553,2237,75,427,266,4423626,4423536,114,130,74,86,164,6421491,4203510,93,125,3161,339,1414,0,86,0,915,8022327,2918,0,502,9,4,5,1032,19,8,1040,9,4,3,12
5551.13,1625045326977,50.009282692,1,0,0,13,25,520,12,622,6,0,0,0,50,37,6359641,0,25,8,144,9447,2212079,21074,524,3,195637,141580,57363,58335,25502,15680,26516,16096,72,1092,1092,33,42132,22534,22292075,2243,72,428,267,4400393,4400303,112,128,70,85,155,6359501,4181585,89,120,3165,335,1413,0,82,0,917,7967654,2923,0,498,10,3,5,783,18,7,790,10,4,3,13
5601.14,1625045383688,50.009222164,1,0,0,13,25,520,12,614,6,0,0,0,16,45,6224151,0,25,8,144,12377,2065294,20290,524,3,193176,139636,54928,55799,20521,11273,20555,10867,72,1090,1090,33,37125,17602,21409034,2239,73,431,259,4402841,4402749,112,128,71,84,160,6223973,4189129,93,123,2990,319,1164,0,83,0,916,7718018,2753,0,475,10,3,5,756,15,7,763,10,4,3,14
5651.15,1625045440463,50.009330092,1,0,0,13,25,524,12,634,6,0,0,0,0,36,6481108,0,33,8,144,7927,2290947,20757,524,3,195239,141686,60166,60562,23376,12956,21510,11181,72,1144,1145,64,41205,20186,22850686,2284,85,426,266,4441123,4441024,114,129,83,96,174,6480962,4220920,95,134,3064,328,1222,11,97,2,952,8179182,2770,0,469,10,3,5,752,15,7,759,10,5,4,15
5701.16,1625045497744,50.008845480,1,0,0,10,21,777,11,917,6,0,0,0,60,42,6670508,0,34,7,140,9852,2472394,22074,785,2,195570,141702,61209,61952,24139,13486,24179,13322,70,1088,1088,37,43867,20954,23949048,2227,81,426,264,4452751,4452629,112,128,80,94,172,6670080,4230641,94,131,3161,331,1414,0,93,0,919,8390832,3016,0,507,8,4,5,1045,19,8,1053,8,4,3,11
5751.17,1625045555028,50.009258652,1,0,0,14,26,521,12,619,6,0,0,0,40,46,6822198,0,26,8,144,16312,2601380,21425,525,3,194037,140575,60548,61403,24030,13546,24096,12913,72,1083,1083,37,43684,20866,24791497,2217,78,422,265,4471666,4471568,112,127,76,89,168,6822051,4251352,94,127,3140,333,1412,0,89,0,919,8681195,2883,0,485,10,3,5,776,19,11,787,10,4,3,13
5801.18,1625045612011,50.009141425,1,0,0,13,25,524,12,601,6,0,0,0,18,58,6203901,0,29,8,144,7163,2029378,20112,523,3,192147,138907,55007,55947,20506,11618,20593,11244,72,1089,1089,33,37114,17581,21227442,2237,73,424,259,4417244,4417152,114,130,71,86,160,6203693,4204274,93,123,2993,320,1163,0,84,0,913,7713472,2729,0,443,10,3,5,750,15,7,757,10,4,3,14
5851.19,1625045668686,50.008613429,1,0,0,13,25,520,12,622,6,0,0,0,4,49,6482875,0,25,8,144,5837,2320279,20582,524,3,194663,141021,58587,58404,23719,14139,21153,11558,72,1086,1086,33,41775,20652,22966665,2231,74,424,266,4412778,4412675,112,126,73,84,161,6482527,4194530,93,124,3080,332,1295,0,86,0,918,8103881,2788,0,456,10,3,5,758,15,7,765,10,5,4,14
5901.2,1625045725746,50.011595046,1,0,0,13,26,524,13,632,7,0,0,0,3,48,6436228,0,27,8,148,6395,2291939,20507,524,3,195308,141289,59188,59976,23868,13636,23927,13354,74,1090,1090,33,42928,20767,22753779,2239,76,424,265,4397501,4397394,116,132,74,86,164,6435969,4177493,93,125,3162,332,1399,0,86,0,916,8142519,2749,0,475,9,7,9,774,18,7,781,9,5,3,13
5951.21,1625045782824,50.009096903,1,0,0,14,27,773,13,891,7,0,0,0,60,52,6645834,0,36,9,148,12818,2460534,21708,786,3,195453,141511,60245,60990,24077,14397,24139,13920,74,1131,1132,60,43338,20949,23846526,2267,77,427,267,4439339,4439242,116,132,75,87,166,6645655,4218747,94,126,3204,336,1430,11,88,2,954,8391951,3029,0,511,9,4,5,1038,19,8,1046,9,4,3,12
6001.22,1625045840236,50.009671532,1,0,0,13,25,524,12,606,6,0,0,0,0,68,6185419,0,39,8,144,15094,2060263,19920,524,3,192209,138952,54437,55344,20325,11554,20370,11495,72,1095,1095,37,37045,17475,21306281,2241,71,424,258,4370885,4370795,114,130,69,82,155,6185152,4157571,90,120,3001,317,1159,0,82,0,919,7679108,2675,0,462,11,3,5,757,15,7,764,10,4,3,14
6051.23,1625045896838,50.010370896,1,0,0,13,25,520,12,620,6,0,0,0,86,39,6314336,0,25,8,144,8499,2182619,21246,524,3,196153,142150,60600,61450,24032,14207,24096,14141,72,1091,1091,37,43693,20882,22086845,2232,78,428,264,4387410,4387314,114,130,76,90,168,6314156,4165617,94,127,3155,329,1402,0,90,0,917,7873489,3036,0,521,10,3,5,773,18,7,780,10,4,3,13
6101.24,1625045953791,50.012466269,1,0,0,13,25,520,12,622,6,0,0,0,89,45,6337258,0,25,8,144,19029,2191455,21600,524,3,195373,141607,60684,61563,24074,13703,24113,13512,72,1091,1091,37,43721,20887,22176422,2233,78,427,265,4398981,4398885,114,128,76,90,168,6337152,4177929,94,127,3156,333,1406,0,89,0,920,7889111,3077,0,525,10,3,5,776,18,7,783,10,5,4,15
6151.25,1625046010669,50.008452432,1,0,0,10,20,517,10,609,5,0,0,0,2,44,6390928,0,25,6,136,14846,2256568,20151,525,2,193344,139729,54821,55332,20452,11269,20472,11055,68,1092,1092,33,36902,17546,22497014,2243,71,430,260,4381891,4381799,110,126,70,83,157,6390450,4167958,91,121,2996,323,1163,0,79,0,912,8079455,2650,0,439,8,3,5,763,15,7,770,8,4,3,11
6201.26,1625046067801,50.009201536,1,0,0,13,25,520,12,613,6,0,0,0,0,35,6327622,0,31,8,144,16227,2128984,20552,523,3,192897,139450,56358,57233,20941,11468,20975,10992,72,1136,1137,60,37748,17850,21870878,2277,77,425,262,4444085,4443987,114,130,76,89,166,6327469,4229133,94,128,3041,327,1192,11,88,2,954,7868084,2750,0,452,10,3,5,754,15,9,763,10,4,3,13
6251.27,1625046125342,50.009223979,1,0,0,13,25,520,12,624,6,0,0,0,16,93,6391223,0,27,8,144,13745,2242196,20810,524,3,196042,141852,59727,60474,23988,13642,24023,13039,72,1090,1090,33,43160,20845,22506407,2239,79,426,265,4397521,4397414,114,130,78,91,168,6391023,4176623,93,129,3164,332,1401,0,91,0,913,8069328,2823,0,474,10,3,5,775,18,7,782,10,4,3,14
6301.28,1625046182472,50.009103123,1,0,0,13,25,520,12,625,6,0,0,0,42,69,6632432,0,27,8,144,12980,2439293,21521,524,3,195686,141734,60692,61612,24036,13139,24160,13260,72,1091,1091,37,43688,20886,23757614,2233,77,426,265,4445840,4445736,114,130,76,94,168,6632188,4224317,94,127,3153,334,1403,0,90,0,926,8267905,2927,0,479,10,3,5,778,18,7,785,10,5,4,15
6351.29,1625046239354,50.009097052,1,0,0,10,21,777,11,884,6,0,0,0,44,54,6466625,0,25,7,140,8140,2307955,20593,785,2,193678,140142,56629,57332,20710,11370,20754,11023,70,1094,1094,37,37901,17706,22841464,2239,74,427,258,4407719,4407626,112,128,73,86,164,6466344,4191708,94,125,2991,316,1162,0,86,0,919,7991452,2855,0,448,8,4,5,1010,16,8,1018,8,4,3,11
6401.3,1625046295587,50.009368992,1,0,0,14,26,521,12,631,6,0,0,0,48,69,6616029,0,27,8,144,13922,2416150,21065,524,3,195712,142095,59907,60168,23623,13299,21383,11087,72,1099,1099,37,41915,20435,23628700,2249,80,432,265,4451066,4450973,112,128,79,91,169,6615810,4231255,94,130,3019,328,1187,0,93,0,927,8204861,2897,0,466,9,3,5,756,15,7,763,9,4,3,11
6451.31,1625046352406,50.009060537,1,0,0,13,25,520,12,625,6,0,0,0,32,53,6464629,0,31,8,144,8108,2291972,21438,523,3,196097,141928,60432,61275,24257,13645,24311,13449,72,1133,1134,60,43522,21051,22840374,2271,81,427,267,4422872,4422757,114,126,79,93,170,6464342,4201410,94,130,3205,337,1432,11,91,2,950,7864846,2901,0,477,10,3,5,774,18,7,781,10,4,3,14
6501.32,1625046409301,50.008782839,1,0,0,13,25,520,12,621,6,0,0,0,26,95,6173827,0,25,8,144,14798,2047947,20852,523,3,195885,141748,59304,59897,23874,13512,23879,13449,72,1092,1092,33,42891,20755,21263273,2243,75,426,266,4378683,4378584,114,130,74,87,164,6173444,4158120,93,125,3167,336,1404,0,87,0,922,7324912,2859,0,470,10,3,5,779,18,7,786,10,4,3,14
6551.33,1625046466343,50.008532306,1,0,0,13,26,520,13,616,7,0,0,0,44,66,6312647,0,27,8,148,15835,2159021,20513,523,3,193221,139699,54961,55431,20497,11114,20511,10867,74,1091,1091,33,37115,17579,21971031,2241,72,427,259,4398230,4398139,116,132,71,83,160,6312151,4184946,93,123,2991,319,1158,0,83,0,918,7748053,2874,0,482,9,7,9,741,15,7,748,9,5,3,13
6601.34,1625046522521,50.008776133,1,0,0,14,27,777,13,895,7,0,0,0,2,58,6486377,0,25,9,148,5911,2264755,20647,786,3,194926,141415,57951,57305,23120,13100,20498,11024,74,1095,1095,37,41045,20103,22740513,2241,72,426,240,4470837,4470734,116,129,71,81,158,6485883,4252721,91,120,3011,327,1184,0,84,0,920,8169921,2769,0,467,9,4,5,1008,16,8,1016,9,4,3,12
6651.35,1625046579646,50.008907460,1,0,0,13,25,520,12,634,6,0,0,0,78,38,6294357,0,28,8,144,5836,2146059,21427,524,3,196297,142216,60524,61354,24005,13702,24061,13480,72,1092,1092,37,43675,20883,21878705,2235,77,432,264,4402652,4402537,114,128,76,90,168,6294113,4180953,94,127,3157,330,1402,0,89,0,922,7770665,3057,0,517,10,3,5,782,18,7,789,10,4,3,13
6701.36,1625046636162,50.008726997,1,0,0,13,25,520,12,626,6,0,0,0,8,56,6489312,0,25,8,144,7994,2305143,21477,524,3,196299,142121,61084,61713,24167,13801,24201,13543,72,1094,1094,37,43890,20956,22942319,2239,81,426,265,4437041,4436935,114,130,80,93,172,6488968,4214396,94,131,3169,333,1408,0,93,0,917,8160427,2863,0,508,10,3,5,777,18,7,784,10,4,3,14
6751.37,1625046693157,50.009240611,1,0,0,14,29,524,15,622,7,0,0,0,44,60,6462732,0,35,8,156,6359,2284412,21066,523,3,193930,140360,58063,58879,21237,11538,21283,11402,78,1144,1145,64,38708,18096,22747662,2285,84,428,261,4428696,4428591,116,131,82,95,174,6462559,4211536,95,134,3044,324,1191,11,95,2,964,7867046,2931,0,481,10,4,9,760,15,7,767,10,6,4,15
6801.38,1625046749864,50.009010961,1,0,0,10,21,777,11,874,6,0,0,0,50,49,6596701,0,39,7,140,10048,2416041,21669,785,2,193442,139896,55908,56834,20716,11592,20795,11024,70,1095,1095,33,37405,17692,23549109,2249,76,428,264,4427737,4427639,112,127,75,89,164,6596437,4213497,93,127,3020,325,1166,0,88,0,916,8262098,2941,0,496,8,4,5,1008,16,8,1016,8,4,3,10
6851.39,1625046806629,50.009180933,1,0,0,14,26,521,12,624,6,0,0,0,10,59,6438039,0,25,8,144,14486,2252329,20478,523,3,195271,141271,59157,59911,23846,13732,23920,13449,72,1088,1088,33,42940,20757,22620760,2235,74,425,265,4435644,4435543,114,127,74,87,164,6437905,4215721,93,125,3155,332,1400,0,86,0,917,7923326,2791,0,485,10,3,5,771,19,11,782,9,4,3,12
6901.4,1625046863548,50.009300904,1,0,0,13,25,520,12,632,6,0,0,0,16,76,6323514,0,29,8,144,21627,2170236,20482,524,3,195132,141208,59623,60529,23983,14177,24029,13765,72,1088,1088,33,43157,20865,22083143,2235,79,424,265,4404840,4404745,114,130,78,91,168,6323357,4184789,93,129,3159,334,1405,0,91,0,911,7732710,2850,0,489,10,3,5,774,18,7,781,10,4,3,14
6951.41,1625046920430,50.009025086,1,0,0,13,25,520,12,614,6,0,0,0,44,43,6516704,0,30,8,144,14052,2336755,21343,524,3,193541,140057,56347,57071,20680,11244,20765,10992,72,1096,1096,37,37894,17694,23087913,2243,74,432,258,4426485,4426390,114,130,73,86,164,6516482,4211227,94,125,3001,317,1172,0,86,0,922,8072544,2893,0,476,10,3,5,760,15,7,767,10,5,4,15
7001.42,1625046977089,50.011915536,1,0,0,10,21,521,11,627,6,0,0,0,57,64,6457134,0,31,6,140,12544,2276094,21694,523,2,195068,141647,59515,59551,22675,11850,21333,10551,70,1141,1142,64,40380,19535,22694938,2279,81,428,267,4432870,4432758,112,128,79,88,170,6456782,4213977,95,130,3060,332,1223,11,92,2,964,8087793,2960,0,485,9,7,9,754,15,7,761,9,5,3,13
7051.43,1625047033611,50.009103582,1,0,0,10,20,517,10,619,5,0,0,0,34,36,6415567,0,25,6,136,5946,2239761,21603,523,2,195731,141772,60613,61413,24040,13767,24080,13513,68,1097,1097,37,43694,20895,22538007,2245,78,425,265,4425616,4425516,110,126,76,91,168,6415435,4203884,94,127,3170,333,1415,0,90,0,920,7995242,2965,0,486,8,3,5,780,17,3,783,8,4,3,10
7101.44,1625047090667,50.008570305,1,0,0,12,22,524,10,618,7,0,0,0,44,59,6503600,0,25,8,136,15729,2330151,21212,524,3,195309,141391,59298,59713,24795,14174,23857,13041,68,1087,1087,33,42893,21685,23048569,2232,75,426,266,4424308,4424203,116,132,74,86,164,6503146,4204637,93,125,3157,336,1412,0,86,0,921,8232166,2953,0,512,11,10,9,773,19,11,784,9,5,3,11
7151.45,1625047147869,50.008797863,1,0,0,12,21,520,9,620,6,0,0,0,34,51,6622434,0,26,8,132,20910,2445739,20621,525,3,191799,138683,54965,55567,20601,11429,20599,10962,66,1083,1083,33,37198,17637,23732530,2225,72,423,259,4421731,4421634,114,130,71,83,160,6622121,4209304,93,123,2978,319,1163,0,83,0,914,8493008,2786,0,468,10,6,5,751,15,7,758,10,5,4,15
7201.46,1625047204017,50.008665733,1,0,0,13,25,520,12,637,6,0,0,0,30,48,6196878,0,29,8,144,8343,2026317,20677,524,3,195524,141582,59008,58991,23870,13639,21320,11244,72,1090,1090,33,42886,20758,21229303,2239,78,431,265,4420458,4420344,114,130,77,89,165,6196464,4200946,93,128,3148,331,1390,0,89,0,909,7638274,2846,0,465,10,3,5,755,15,7,762,10,5,4,15
7251.47,1625047261173,50.008683908,1,0,0,10,20,517,10,628,5,0,0,0,48,56,6202043,0,35,6,136,12315,2053015,21435,523,2,196671,142499,61795,62230,24476,13838,24462,13450,68,1141,1141,64,44295,21212,21353404,2277,82,428,267,4406289,4406174,110,127,81,94,174,6201613,4183041,95,132,3219,336,1446,11,95,2,959,7628254,3004,0,508,9,3,5,783,18,7,790,9,4,3,12
7301.48,1625047318418,50.009331778,1,0,0,13,25,520,12,607,6,0,0,0,18,36,6391357,0,28,8,144,7392,2228316,20612,524,3,194621,140516,58649,59887,22352,12443,23914,13607,72,1100,1100,37,41685,19274,22423647,2251,77,427,259,4413696,4413599,114,130,75,90,168,6391302,4194069,94,127,3158,326,1393,0,88,0,924,8013427,2824,0,479,10,3,5,782,18,7,789,10,4,3,13
7351.49,1625047375062,50.008771114,1,0,0,13,25,520,12,605,6,0,0,0,30,47,6534365,0,25,8,144,14397,2341345,21211,524,3,192396,139223,56407,57048,20731,11369,20726,11056,72,1090,1090,37,37876,17731,23141550,2231,74,424,259,4439561,4439460,114,129,73,87,164,6534036,4225259,94,125,2984,320,1172,0,86,0,923,8110858,2828,0,486,10,3,5,751,15,7,758,10,4,3,14
7401.5,1625047431868,50.009107949,1,0,0,13,25,520,12,621,6,0,0,0,32,61,6618711,0,25,8,144,22162,2425165,21392,524,3,195532,141524,59204,60058,23875,13575,23951,13324,72,1089,1089,33,42953,20770,23698792,2239,75,426,265,4444367,4444271,114,127,74,86,164,6618509,4224615,93,125,3162,333,1412,0,86,0,921,8140320,2871,0,491,10,3,5,780,18,7,787,10,5,4,15
7451.51,1625047488168,50.008785222,1,0,0,10,21,777,11,913,6,0,0,0,54,43,6725952,0,25,7,140,7969,2525528,21661,785,2,195016,141194,59412,60071,23831,13795,23832,13261,70,1085,1085,33,42931,20752,24274752,2229,74,429,265,4453381,4453280,112,128,74,86,164,6725613,4233964,93,125,3152,332,1409,0,86,0,916,8247706,2947,0,501,8,4,5,1039,19,8,1047,8,4,3,11
7501.52,1625047545506,50.012035571,1,0,0,14,26,521,12,615,6,0,0,0,21,91,6138388,0,34,8,146,26618,1993661,20708,523,3,191899,138699,56479,57825,20945,10968,23600,13292,73,1083,1083,33,38340,17877,20982302,2225,81,423,259,4391106,4391002,116,131,80,94,171,6138315,4177336,93,132,3005,324,1193,0,93,0,911,7554883,2819,0,503,10,3,5,764,19,11,775,10,4,3,13
7551.53,1625047602920,50.013220867,1,0,0,13,25,524,12,636,6,0,0,0,30,70,6382181,0,27,8,144,16885,2236276,21112,524,3,195188,141706,59743,59548,23666,13454,21169,10867,72,1096,1096,37,42092,20540,22444178,2243,81,426,265,4397808,4397702,114,129,79,84,168,6381917,4178259,93,128,3012,327,1189,0,92,0,922,7803844,2855,0,468,10,3,5,763,15,7,770,10,4,3,14
7601.54,1625047660197,50.009258138,1,0,0,13,25,520,12,617,6,0,0,0,40,65,6442418,0,36,8,144,15061,2284599,21288,524,3,195458,141566,60568,61407,24029,14021,24075,13985,72,1093,1093,37,43682,20876,22764265,2237,77,425,264,4412050,4411953,114,130,76,90,168,6442222,4190602,94,127,3171,329,1403,0,90,0,922,8105279,2948,0,514,10,3,5,775,18,7,782,10,5,4,14
7651.55,1625047716864,50.009133884,1,0,0,13,26,524,13,625,8,0,0,0,18,51,6470375,0,32,8,148,16047,2267965,21617,523,3,196510,142294,61141,61978,24187,13772,24222,13449,74,1101,1101,37,43936,20987,22767681,2253,82,427,265,4457638,4457533,118,134,80,93,172,6470126,4234714,94,131,3188,333,1409,0,93,0,926,8044345,2899,0,501,13,15,16,786,20,14,800,9,7,3,14
7701.56,1625047773809,50.008707149,1,0,0,14,27,773,13,891,7,0,0,0,2,55,6506240,0,27,9,148,10071,2320243,20858,786,3,193050,139645,57319,58016,22897,13296,23894,14078,74,1097,1097,37,38145,19836,23005003,2245,78,428,260,4434429,4434323,116,132,77,91,168,6505827,4217954,94,129,3001,320,1165,0,91,0,926,8069327,2738,0,459,9,4,5,1028,16,8,1036,9,4,3,12
7751.57,1625047830669,50.010552699,1,0,0,13,25,520,12,645,6,0,0,0,49,41,6429390,0,31,8,144,8476,2247628,21291,524,3,196258,142080,60260,61094,24160,13992,24214,13764,72,1095,1095,33,43402,20954,22582036,2249,83,428,266,4436358,4436257,114,130,82,94,172,6429250,4215267,93,133,3189,336,1412,0,94,0,920,7935767,2980,0,500,10,3,5,781,18,7,788,10,4,3,13
7801.58,1625047887493,50.009196061,1,0,0,14,29,520,15,629,7,0,0,0,34,55,6494839,0,33,8,156,5593,2282979,21243,525,3,195076,141207,60361,61193,24210,14055,24271,13827,78,1130,1131,60,43502,21037,22866792,2265,80,425,267,4461455,4461360,116,132,79,91,170,6494724,4240896,94,130,3193,336,1426,11,92,2,948,8187286,2909,0,483,9,4,9,772,18,7,779,7,7,5,13
7851.59,1625047944836,50.009483277,1,0,0,13,25,520,12,615,7,0,0,0,40,71,6527776,0,26,8,144,8321,2345243,21296,525,3,193496,139608,56861,58208,21424,12186,23515,13890,72,1087,1087,33,40195,18414,23129835,2233,75,425,259,4430577,4430488,116,132,73,88,164,6527699,4214268,93,125,3137,324,1378,0,86,0,914,8094306,2903,0,475,12,7,8,775,19,10,785,4,5,3,12
7901.6,1625048001863,50.009087877,1,0,0,10,20,517,10,614,6,0,0,0,2,72,6380529,0,25,6,136,8425,2194983,20327,524,2,193311,139800,56362,57010,20729,11431,20787,11370,68,1098,1098,37,37897,17729,22285547,2247,74,425,259,4423704,4423594,112,128,73,86,164,6380384,4207882,94,125,2998,320,1162,0,86,0,919,7877242,2744,0,427,9,4,5,750,16,7,757,3,5,3,9
7951.61,1625048058904,50.008794343,1,0,0,12,22,524,10,622,7,0,0,0,12,73,6393378,0,25,8,136,11793,2201757,20160,524,3,196182,142037,60605,61206,24047,14648,24047,14425,68,1099,1098,37,43649,20875,22319928,2247,78,426,265,4447066,4446963,116,130,76,89,168,6393005,4224844,94,127,3170,333,1407,0,89,0,920,7991530,2801,0,476,11,8,6,780,19,10,790,9,3,1,11
8001.62,1625048115944,50.010182568,1,0,0,13,25,520,12,630,6,0,0,0,15,47,6462855,0,31,8,144,7198,2245062,21033,524,3,195404,141488,60583,61154,23989,13922,23999,13700,72,1095,1095,37,43663,20876,22640284,2241,76,428,265,4469456,4469353,112,128,76,89,168,6462506,4247918,94,127,3174,334,1412,0,89,0,923,7999375,2862,0,479,10,3,5,773,18,7,780,10,4,3,13
8051.63,1625048172918,50.009176527,1,0,0,13,25,520,12,619,6,0,0,0,40,65,6306848,0,31,8,144,12759,2139238,20610,525,3,193611,140030,57982,58716,21377,11132,21411,10929,72,1135,1136,60,38517,18161,21875520,2275,86,428,261,4417481,4417369,112,128,84,98,177,6306644,4201477,96,137,3045,326,1201,11,99,2,951,7760411,2879,0,465,10,3,5,764,15,7,771,10,5,4,15
8101.64,1625048229223,50.009074243,1,0,0,10,21,521,11,602,6,0,0,0,58,52,6715871,0,29,6,140,21594,2513388,20942,524,2,190958,138120,54943,55791,20558,11836,20606,11589,70,1079,1079,33,37159,17575,24209611,2217,73,422,259,4441276,4441184,112,127,71,83,160,6715701,4229725,93,123,2968,321,1160,0,83,0,914,8570310,2882,0,481,9,7,9,759,15,7,766,9,5,3,13
8151.65,1625048286031,50.010916640,1,0,0,10,20,517,10,622,5,0,0,0,17,53,6401980,0,25,6,136,3437,2239376,20865,524,2,195424,141418,59163,59622,23845,14078,23849,13890,68,1089,1089,33,42901,20739,22475945,2237,75,425,265,4413097,4412997,108,124,74,86,164,6401305,4193308,93,125,3159,332,1407,0,86,0,914,7991230,2827,0,466,9,3,5,775,17,3,778,9,4,3,11
8201.66,1625048343341,50.009092908,1,0,0,13,25,520,12,625,6,0,0,0,66,55,6400042,0,27,8,144,21421,2224462,21371,525,3,195635,141760,61041,61993,24169,13896,24254,13480,72,1093,1093,37,43866,20965,22451045,2237,82,426,265,4429544,4429441,114,130,80,95,172,6399929,4207937,94,131,3156,332,1407,0,93,0,921,7768184,3052,0,516,11,3,5,782,18,7,789,10,4,3,14
8251.67,1625048399970,50.008619091,1,0,0,13,25,524,12,612,6,0,0,0,2,36,6771430,0,25,8,144,11248,2555880,21036,523,3,191889,138809,56470,57036,20755,10773,20733,10583,72,1091,1091,37,37905,17700,24459211,2233,74,426,259,4461171,4461063,114,130,73,86,164,6771042,4246727,94,125,2988,320,1169,0,87,0,922,8575216,2717,0,460,10,3,5,762,15,7,769,10,4,3,14
8301.68,1625048457442,50.009021699,1,0,0,13,25,520,12,624,6,0,0,0,58,53,6691411,0,36,8,144,23505,2489062,21768,524,3,194009,140626,58968,59446,21850,11536,21283,11307,72,1138,1139,64,39548,18692,24048177,2273,80,428,266,4452774,4452676,112,126,79,93,170,6691226,4234884,95,130,3064,332,1231,11,92,2,959,8236661,3029,0,482,9,3,5,762,15,7,769,9,4,3,12
8351.69,1625048513336,50.009300863,1,0,0,10,20,517,10,647,5,0,0,0,6,49,6583993,0,25,6,136,9178,2359325,21522,525,2,194212,140538,59224,60055,23842,13891,23893,13450,68,1084,1084,33,42903,20764,23337486,2227,76,422,265,4472266,4472173,108,124,74,86,164,6583776,4253290,93,125,3152,333,1406,0,87,0,913,8283409,2854,0,474,9,3,5,784,18,7,791,9,4,3,12
8401.7,1625048569892,50.009091385,1,0,0,13,25,524,12,642,6,0,0,0,48,77,6402096,0,34,8,144,7474,2248709,21233,524,3,195766,141727,59729,60557,23983,13547,24029,13386,72,1087,1087,33,43141,20877,22473860,2233,79,427,265,4406400,4406302,114,130,78,91,168,6401957,4186128,93,129,3163,332,1406,0,90,0,915,7696776,2949,0,502,10,3,5,774,18,9,783,10,4,3,13
8451.71,1625048626323,50.009445005,1,0,0,13,25,520,12,638,6,0,0,0,42,63,6615997,0,25,8,144,5386,2423079,21375,524,3,195869,141766,59265,60144,23861,13856,23911,13733,72,1087,1087,33,42948,20754,23657617,2233,75,427,265,4443161,4443069,112,128,74,86,164,6615798,4223032,93,125,3156,332,1401,0,86,0,912,8256805,2953,0,506,10,3,5,784,18,7,791,10,4,3,13
8501.72,1625048683524,50.009125943,1,0,0,13,25,520,12,605,6,0,0,0,44,58,6484536,0,25,8,144,17100,2320657,20790,525,3,192342,139218,56496,57316,20703,11181,20759,10772,72,1089,1089,37,37898,17707,22957205,2229,75,428,259,4408092,4407994,114,130,73,86,164,6484365,4193591,94,125,2978,319,1166,0,86,0,920,8219511,2876,0,470,10,3,5,756,15,7,763,10,5,4,15
8551.73,1625048740431,50.009519308,1,0,0,10,22,777,12,904,7,0,0,0,18,65,6140536,0,30,7,144,10418,1997404,20801,785,2,196520,142308,61499,62435,24174,14119,24204,13922,72,1098,1098,37,43931,20982,21020986,2247,82,427,265,4397800,4397703,114,129,80,95,172,6140332,4174482,94,131,3187,333,1416,0,94,0,924,7454808,2889,0,491,9,8,9,1032,19,8,1040,9,5,3,13
8601.74,1625048797124,50.009121947,1,0,0,10,20,517,10,629,5,0,0,0,34,73,6376798,0,33,6,136,9974,2233435,20955,523,2,195382,141463,59394,60220,23871,14079,23930,13638,68,1137,1138,64,43204,20807,22397836,2271,75,426,267,4397148,4397054,110,126,73,86,161,6376655,4176370,91,123,3200,336,1433,11,86,2,959,7680400,2952,0,509,10,3,5,771,18,7,778,10,4,3,13
8651.75,1625048854335,50.009082744,1,0,0,13,25,520,12,624,6,0,0,0,18,50,6378087,0,30,8,144,8948,2187158,20392,524,3,193458,139940,56472,57055,20720,12061,20732,11527,72,1098,1098,37,37861,17707,22193372,2247,75,426,259,4438020,4437928,112,128,73,84,164,6377936,4222199,94,125,3003,321,1166,0,86,0,921,7828803,2784,0,474,10,3,5,763,15,7,770,10,4,3,14
8701.76,1625048911124,50.010559081,1,0,0,13,25,520,12,608,6,0,0,0,29,56,6469372,0,29,8,144,15103,2262964,21005,524,3,192210,139018,56193,56393,20790,11655,20733,11213,72,1086,1086,33,37622,17754,22667559,2231,76,424,263,4449084,4448995,112,128,75,88,163,6469214,4235656,93,127,2997,329,1175,0,90,0,912,8066051,2882,0,483,11,3,5,755,15,7,762,10,4,3,14
8751.77,1625048967858,50.014039727,1,0,0,13,26,520,13,623,7,0,0,0,37,69,6468203,0,28,8,148,16480,2288319,20839,524,3,195784,141692,59216,60150,23866,14203,23923,13953,74,1088,1088,33,42881,20775,22829485,2235,76,427,265,4430830,4430745,114,128,75,87,163,6468190,4210821,92,124,3155,335,1399,0,85,0,919,7958141,2933,0,503,9,7,9,775,18,7,782,9,5,3,13
8801.78,1625049022979,50.009183669,1,0,0,10,20,521,10,626,5,0,0,0,12,49,6508064,0,30,6,136,9369,2309463,21565,524,2,196296,142126,60676,61519,24043,13860,24102,13543,68,1095,1095,37,43725,20897,22991640,2241,77,426,265,4453895,4453791,110,126,76,90,168,6507902,4231415,94,127,3175,332,1413,0,89,0,923,8088183,2877,0,485,8,3,5,779,18,7,786,8,4,3,11
8851.79,1625049079729,50.009351695,1,0,0,13,25,520,12,637,6,0,0,0,76,57,6427589,0,31,8,144,11026,2269161,21529,523,3,196629,142504,61835,62717,24372,14088,24406,14111,72,1142,1143,64,44262,21130,22663574,2281,83,429,267,4412996,4412894,112,127,81,94,174,6427419,4189649,95,132,3214,338,1439,11,94,2,959,8083475,3105,0,516,10,3,5,781,18,7,788,10,4,3,13
8901.8,1625049136387,50.009199948,1,0,0,13,25,520,12,604,6,0,0,0,8,62,6385534,0,25,8,144,11341,2207025,20753,524,3,193544,139986,56443,57324,20684,11149,20763,11055,72,1098,1098,37,37892,17698,22321548,2247,74,426,259,4423233,4423135,112,128,73,86,164,6385318,4207273,94,125,3001,320,1165,0,86,0,927,7889363,2788,0,465,10,3,5,758,15,7,765,10,4,3,14
8951.81,1625049193680,50.009171623,1,0,0,13,25,520,12,619,6,0,0,0,60,57,6608294,0,25,8,144,9278,2417554,21058,523,3,195119,141252,59170,60144,23819,13794,23919,13512,72,1085,1085,33,42941,20759,23629511,2229,75,426,265,4439741,4439646,112,128,74,90,164,6608123,4220371,93,125,3152,333,1402,0,86,0,916,8215801,2944,0,501,10,3,5,771,18,7,778,10,5,4,15
9001.82,1625049250602,50.008743602,1,0,0,10,21,777,11,902,6,0,0,0,48,54,6557208,0,30,7,140,10911,2366683,22032,785,2,196008,141866,59827,60593,23962,13830,24003,13511,70,1092,1092,33,43084,20826,23315984,2243,78,428,265,4442592,4442486,112,128,78,92,168,6556855,4222053,93,129,3168,332,1402,0,90,0,912,8050224,2997,0,500,8,4,5,1023,19,8,1031,8,4,3,11
9051.83,1625049307632,50.009228466,1,0,0,14,26,521,12,613,6,0,0,0,70,60,6500742,0,32,8,144,13817,2325147,20863,523,3,193441,139875,54903,55861,20546,10957,20598,10866,72,1090,1090,33,37133,17589,22989109,2239,73,433,259,4422277,4422186,112,128,71,85,160,6500559,4209024,93,123,3001,319,1164,0,83,0,916,8065197,2990,0,510,10,3,5,757,16,11,768,10,4,3,13
9101.84,1625049364760,50.009458021,1,0,0,13,25,524,12,606,6,0,0,0,44,68,6304034,0,32,8,144,11701,2115595,20935,524,3,193513,139930,56094,57069,20925,11278,21028,11055,72,1134,1135,60,37788,17866,21795759,2273,78,428,261,4431767,4431667,114,128,76,91,166,6303871,4216799,94,128,3035,323,1190,11,88,2,950,7740675,2900,0,464,10,3,5,749,15,7,756,10,4,3,14
9151.85,1625049421903,50.011034471,1,0,0,13,25,520,12,628,6,0,0,0,51,68,6623032,0,27,8,144,9420,2419324,21777,524,3,195534,141636,60604,61059,24058,14176,24061,13763,72,1095,1095,37,43666,20858,23643306,2241,77,426,266,4456194,4456098,112,127,76,90,168,6622445,4235135,94,127,3167,336,1407,0,90,0,923,8217224,3008,0,520,10,3,5,777,18,7,784,10,5,4,14
9201.86,1625049478766,50.009199546,1,0,0,13,26,524,13,620,7,0,0,0,12,64,6320258,0,29,8,148,8881,2141620,20650,523,3,195628,141639,60584,61409,23996,14301,24055,14016,74,1092,1092,37,43660,20862,21950528,2235,78,425,265,4430917,4430820,116,131,76,89,168,6320109,4209001,94,127,3163,333,1406,0,89,0,925,7771033,2794,0,483,9,7,9,779,18,7,786,9,5,3,13
9251.87,1625049536305,50.008643390,1,0,0,10,21,773,11,885,6,0,0,0,54,45,6665937,0,25,7,140,14629,2474936,21448,786,2,193750,140209,56655,57109,20692,11432,20681,11150,70,1092,1092,37,37861,17708,23929025,2235,74,428,259,4439914,4439807,110,126,73,86,164,6665616,4224331,94,125,2987,320,1166,0,86,0,923,8505685,2939,0,486,8,4,5,1013,15,6,1019,8,4,3,10
9301.88,1625049593452,50.008731551,1,0,0,13,25,520,12,627,6,0,0,0,20,42,6568165,0,29,8,144,8671,2382974,21070,524,3,195904,141735,59151,59759,23827,13731,23827,13607,72,1088,1088,33,42999,20761,23386397,2235,74,430,265,4437197,4437094,112,128,74,86,164,6567808,4217000,93,125,3160,336,1403,0,86,0,921,8023599,2901,0,482,10,3,5,767,18,7,774,10,4,3,14
9351.89,1625049650183,50.009214211,1,0,0,13,25,520,12,634,6,0,0,0,6,47,6468202,0,28,8,144,3773,2274523,21292,524,3,196019,141828,60090,60986,24144,14400,24211,14236,72,1091,1091,33,43452,20950,22759215,2241,84,426,265,4447961,4447855,112,128,82,96,172,6468050,4226970,93,133,3172,332,1407,0,94,0,914,8081534,2823,0,499,10,3,5,769,18,7,776,10,4,3,14
9401.9,1625049707017,50.009844984,1,0,0,13,25,520,12,609,6,0,0,0,78,57,6748153,0,32,8,144,19562,2543117,21354,524,3,193793,140119,56231,57668,20801,12285,23489,14205,72,1134,1135,60,38445,17812,24361139,2273,75,430,261,4453968,4453873,114,130,73,87,165,6747950,4239083,94,125,3043,326,1204,11,86,2,953,8643436,3042,0,511,10,3,5,775,18,7,782,10,5,4,15
9451.91,1625049763664,50.010673735,1,0,0,14,27,777,13,892,7,0,0,0,43,64,6546467,0,27,9,148,15264,2353981,20568,786,3,193813,140266,57148,57957,20862,11628,20901,11685,74,1096,1096,37,38140,17816,23228051,2243,79,428,259,4436902,4436803,114,130,77,91,168,6546340,4220419,94,129,2995,319,1170,0,91,0,922,8182253,2882,0,453,9,4,5,1024,16,8,1032,9,4,3,12
9501.92,1625049821079,50.009135257,1,0,0,13,25,520,12,637,6,0,0,0,2,75,6387773,0,38,8,146,11063,2209293,20453,525,3,196335,142164,61129,62036,24223,14088,24296,13701,73,1097,1097,37,43920,20980,22393036,2245,82,426,265,4427329,4427225,114,128,80,93,172,6387582,4204320,94,131,3191,333,1424,0,94,0,925,7804314,2816,0,477,10,3,5,767,18,7,774,10,4,3,13
9551.93,1625049877769,50.010101613,1,0,0,13,25,520,12,630,6,0,0,0,0,52,6643238,0,138,8,144,6254,2477642,22173,524,3,195756,141750,61490,62137,24196,13661,24215,13606,72,1097,1097,37,43913,20980,23896687,2245,81,431,265,4420012,4419906,112,127,80,93,172,6642987,4197773,94,131,3193,548,1420,0,93,0,924,8183445,2900,0,482,10,3,5,779,18,7,786,10,4,3,14
9601.94,1625049934925,50.009140322,1,0,0,13,25,524,12,612,6,0,0,0,8,54,6154923,0,28,8,144,8326,2028331,19841,524,3,193669,140124,56749,57050,20783,11719,20716,11244,72,1095,1095,35,37753,17741,21141274,2245,77,426,259,4371898,4371795,114,128,76,87,168,6154496,4155623,93,127,3004,323,1176,0,89,0,923,7684346,2731,0,453,9,3,5,767,15,7,774,9,4,3,13
9651.95,1625049991501,50.009206360,1,0,0,10,21,777,11,896,6,0,0,0,50,62,6470581,0,36,7,140,12357,2298096,21150,784,2,195002,141452,57885,58333,22047,12005,21113,11087,70,1132,1133,60,39213,18981,22864232,2269,78,428,265,4418551,4418446,112,127,77,88,165,6470423,4201565,94,128,3042,331,1209,11,89,2,956,8161778,3000,0,476,8,4,5,1007,16,8,1015,8,4,3,11
9701.96,1625050048574,50.009345599,1,0,0,14,26,521,12,620,6,0,0,0,6,49,6351469,0,49,8,144,9956,2203221,21193,524,3,195805,141676,59449,60328,23846,13619,23928,13544,72,1088,1088,33,42967,20758,22262051,2235,76,428,265,4398117,4398023,112,127,74,88,164,6351322,4177882,93,125,3157,475,1408,0,88,0,922,7938825,2842,0,474,10,3,5,776,19,11,787,10,4,3,13
9751.97,1625050105263,50.008676130,1,0,0,13,25,524,12,620,6,0,0,0,30,43,6249567,0,28,8,144,19710,2108537,20918,524,3,193966,140391,59144,59765,23830,13859,23825,13355,72,1079,1079,33,42994,20756,21690906,2219,75,422,265,4390735,4390628,114,130,74,87,164,6249185,4172094,93,125,3140,335,1406,0,87,0,913,7753661,2864,0,486,9,3,5,775,18,7,782,7,4,3,9
9801.98,1625050161953,50.009235154,1,0,0,13,25,524,12,603,6,0,0,0,76,62,6636521,0,25,8,144,13325,2469758,20982,524,3,193633,140190,56511,57348,20700,11969,20746,11685,72,1098,1098,37,37924,17705,23828293,2247,75,429,260,4414310,4414217,114,130,73,86,164,6636368,4198949,94,125,3001,324,1170,0,86,0,929,8532406,2964,0,481,9,3,5,761,15,7,768,9,3,2,11
9851.99,1625050218469,50.009124097,1,0,0,13,25,524,12,603,6,0,0,0,0,58,6220885,0,25,8,144,17416,2060016,20132,524,3,192090,138951,56546,57393,22783,13165,23786,14079,72,1093,1093,37,38026,19768,21414565,2237,75,426,260,4405741,4405643,114,129,73,87,164,6220669,4190696,94,125,2989,320,1168,0,87,0,918,7714722,2742,0,446,9,3,5,763,15,7,770,9,4,3,12
9902,1625050275720,50.008818838,1,0,0,14,27,773,13,905,7,0,0,0,10,71,6369465,0,35,9,148,7995,2187104,21272,786,3,195356,141427,60186,60801,24047,13738,24049,13670,74,1138,1139,64,43368,20891,22222352,2273,78,425,267,4432647,4432544,112,128,77,89,165,6369032,4210973,91,127,3209,338,1438,11,89,2,959,7695219,2872,0,468,9,4,5,1033,19,8,1041,9,4,3,12
9952.01,1625050332668,50.009104141,1,0,0,14,29,520,15,633,7,0,0,0,22,87,6274823,0,26,8,156,5879,2121944,20862,524,3,195481,141456,59180,60063,23881,13858,23909,13293,78,1087,1087,33,42943,20782,21753367,2233,76,426,264,4404205,4404100,114,130,74,89,164,6274606,4184343,93,125,3155,329,1404,0,87,0,912,7693170,2849,0,480,14,4,9,775,18,7,782,6,7,5,14
10002,1625050389984,50.011150721,1,0,0,14,28,520,14,603,7,0,0,0,49,60,6449173,0,26,8,152,12872,2273568,21105,523,3,192324,139087,55008,55459,20540,11052,20535,10961,76,1086,1086,33,37111,17566,22682900,2231,72,425,259,4421058,4420952,114,130,71,83,160,6448561,4208554,93,123,2985,319,1160,0,84,0,913,7997028,2911,0,489,15,4,8,743,16,10,753,5,5,3,15
10052,1625050446749,50.009050848,1,0,0,13,25,520,12,634,7,0,0,0,4,47,6240687,0,28,8,144,8691,2089959,20600,524,3,194984,141050,59067,59393,23872,13325,23779,13198,72,1088,1088,33,42940,20814,21584028,2235,79,424,265,4400298,4400201,114,128,77,86,163,6240505,4180664,91,126,3159,331,1399,0,89,0,915,7639722,2762,0,461,13,7,8,784,19,10,794,4,5,3,12
10102,1625050503883,50.008865545,1,0,0,10,20,517,10,619,6,0,0,0,48,60,6308410,0,26,6,136,10377,2150952,21222,523,2,196461,142292,60596,61233,24064,13924,24102,13953,68,1093,1093,37,43682,20885,21969999,2237,76,432,265,4410307,4410204,110,126,76,91,168,6308053,4188088,94,127,3158,332,1402,0,89,0,926,7643754,2936,0,507,9,4,5,771,19,7,778,3,5,3,9
10152,1625050560676,50.010001954,1,0,0,12,22,520,10,619,7,0,0,0,0,45,6152677,0,26,8,136,10381,2002803,20641,524,3,194670,140520,59430,60716,22826,13107,24046,13701,68,1098,1098,37,42250,19702,21074975,2247,80,426,259,4395654,4395551,114,130,79,94,172,6152465,4174748,94,131,3162,325,1391,0,92,0,923,7465815,2783,0,473,11,10,8,782,19,10,792,9,3,1,11
10202,1625050617894,50.008658376,1,0,0,13,25,524,12,610,6,0,0,0,54,62,6571211,0,26,8,144,16169,2385642,20840,524,3,192271,139094,54377,55056,20302,11207,20321,10992,72,1091,1091,37,37025,17443,23368326,2233,70,425,259,4430106,4430007,114,130,69,83,155,6570872,4217250,90,120,2984,320,1168,0,82,0,923,8279750,2883,0,486,10,3,5,751,15,7,758,10,4,3,14
10252,1625050675001,50.009022076,1,0,0,13,25,524,12,630,7,0,0,0,12,55,6382255,0,28,8,144,7402,2215520,20811,523,3,195669,141566,59185,59991,23857,14173,23943,13921,72,1093,1093,33,42932,20780,22360330,2245,75,426,265,4418044,4417951,116,132,74,87,164,6382057,4198023,93,125,3172,333,1406,0,86,0,917,7885091,2837,0,498,13,7,8,781,19,10,791,9,5,3,13
10302,1625050732006,50.009117132,1,0,0,10,21,777,11,893,6,0,0,0,0,51,6277297,0,27,7,140,6745,2126053,20623,786,2,195317,141280,59315,60138,23834,13922,23877,13607,70,1090,1090,33,42884,20768,21808865,2239,76,425,264,4400618,4400522,112,128,74,86,164,6277158,4180708,93,125,3163,329,1398,0,87,0,914,7848514,2801,0,473,8,4,5,1043,19,8,1051,8,4,3,11
10352,1625050789292,50.010353349,1,0,0,14,26,521,12,609,6,0,0,0,56,50,6323394,0,25,8,146,10792,2170789,20495,524,3,193203,139701,54917,56146,20533,11241,20752,11119,73,1089,1089,33,37165,17602,22027861,2237,72,431,259,4397541,4397449,114,129,71,85,160,6323178,4184273,93,123,2989,319,1158,0,83,0,916,7840504,2906,0,472,12,7,9,729,16,11,740,4,7,5,12
10402,1625050846546,50.009281760,1,0,0,13,25,520,12,630,6,0,0,0,4,58,6149591,0,66,8,144,12946,1988280,20539,524,3,195642,141530,59963,60732,24199,14182,24234,13859,72,1089,1089,33,43403,20977,20995114,2237,84,426,265,4413112,4413008,112,128,82,94,172,6149413,4192064,93,133,3167,364,1403,0,94,0,911,7570385,2794,0,490,9,3,5,783,18,7,790,9,2,1,11
10452,1625050903778,50.009235094,1,0,0,13,25,524,12,634,6,0,0,0,6,53,6251405,0,45,8,144,4756,2083844,20969,524,3,195757,141772,62363,63199,24557,13968,24582,13827,72,1142,1143,64,44491,21259,21593183,2281,87,425,268,4421191,4421083,114,130,85,98,178,6251180,4197334,95,136,3215,352,1435,11,99,2,959,7742686,2861,0,489,10,3,5,776,18,7,783,10,5,4,15
10502,1625050960896,50.011033258,1,0,0,13,25,520,12,605,7,0,0,0,20,57,6296916,0,28,8,146,17308,2110759,20906,524,3,192637,139332,56396,57135,20753,11560,20798,11307,73,1093,1093,37,37902,17722,21758392,2237,74,425,259,4431053,4430952,116,132,73,88,164,6296673,4215883,94,125,2989,323,1163,0,86,0,925,7767892,2792,0,480,10,7,8,764,16,10,774,4,5,3,10
10552,1625051017238,50.009113477,1,0,0,14,27,773,13,882,8,0,0,0,34,50,6621836,0,32,9,148,13221,2432656,21169,786,3,193778,140207,57229,58213,20829,11027,20930,10961,74,1099,1099,37,38140,17821,23692489,2249,79,427,259,4437468,4437371,114,130,77,94,168,6621639,4220780,94,129,3006,323,1166,0,91,0,925,8224557,2897,0,488,12,5,5,1017,17,8,1025,4,6,4,12
10602,1625051074269,50.010161451,1,0,0,12,22,520,10,622,7,0,0,0,1,40,6742392,0,31,8,138,9765,2557022,21109,524,3,195733,141580,59126,59674,23855,13984,23836,13481,69,1087,1087,33,42919,20772,24435644,2233,75,430,264,4437394,4437289,116,132,74,86,164,6742047,4216728,93,125,3157,333,1398,0,86,0,915,8563890,2764,0,485,11,10,8,770,19,10,780,9,3,1,11
10652,1625051131170,50.009130021,1,0,0,13,25,520,12,634,6,0,0,0,16,63,6297037,0,26,8,144,19541,2104160,20915,523,3,196145,141927,59641,60501,23993,13419,24030,13292,72,1091,1091,33,43141,20865,21769886,2240,80,426,265,4441706,4441604,112,128,78,90,168,6296839,4220234,93,129,3167,333,1403,0,90,0,912,7802613,2804,0,483,10,3,5,775,18,7,782,10,4,3,14
10702,1625051188246,50.008804243,1,0,0,13,25,520,12,613,6,0,0,0,16,34,6462222,0,31,8,144,9269,2274446,21030,524,3,192559,139198,55687,56337,20750,11149,20748,10898,72,1132,1133,60,37494,17770,22716091,2269,73,425,261,4434595,4434483,112,128,72,84,162,6461882,4220423,94,124,3024,323,1185,11,84,2,951,8147000,2818,0,476,10,3,5,753,15,7,760,10,5,4,15
10752,1625051244540,50.009178652,1,0,0,10,21,517,11,602,5,0,0,0,20,59,6350217,0,39,6,140,15706,2220054,20977,524,2,192760,139459,56561,57399,20749,11371,20818,10961,70,1097,1097,37,37912,17745,22291526,2245,75,425,260,4377573,4377476,108,124,73,87,164,6350034,4162318,94,125,3011,324,1166,0,87,0,923,7972243,2808,0,460,8,3,5,755,15,7,762,8,4,3,11
10802,1625051301623,50.010802052,1,0,0,13,25,524,12,620,6,0,0,0,29,53,6465347,0,25,8,144,11683,2302644,21432,522,3,195877,141784,58705,59579,23648,13322,23683,13449,72,1100,1100,37,42819,20629,22869175,2251,73,427,266,4414915,4414822,114,130,72,85,159,6465260,4194376,90,122,3174,335,1407,0,84,0,923,8116995,2898,0,495,9,3,5,775,18,6,781,9,4,3,12
10852,1625051358113,50.008604512,1,0,0,13,25,520,12,637,6,0,0,0,22,68,6469095,0,29,8,144,14415,2306796,21141,524,3,195568,141642,61045,61674,24191,12984,24189,12977,72,1095,1095,37,43891,20972,22883892,2241,81,424,265,4416806,4416687,112,128,80,94,172,6468677,4194776,94,131,3165,335,1412,0,94,0,927,8144732,2912,0,494,10,3,5,783,18,7,790,10,4,3,13
10902,1625051414685,50.009507424,1,0,0,13,25,520,12,616,6,0,0,0,48,66,6353950,0,25,8,144,7908,2202526,20683,524,3,195081,141057,57869,59085,23178,13951,23763,14111,72,1090,1090,33,41924,20082,22233640,2239,74,431,259,4401983,4401893,112,126,73,86,164,6353806,4183748,93,125,3143,321,1379,0,85,0,912,7982222,2887,0,496,10,3,5,775,18,7,782,10,5,4,15
10952,1625051470884,50.009534058,1,0,0,10,21,521,11,611,6,0,0,0,0,41,6296767,0,26,6,140,8166,2147956,20583,524,2,193150,139593,55445,56322,20679,11432,20747,11024,70,1091,1091,33,37370,17678,21894477,2241,76,425,259,4393223,4393119,112,128,75,90,164,6296571,4179081,93,127,2997,320,1158,0,87,0,913,7899036,2770,0,446,9,7,9,755,15,7,762,9,5,3,13
11002,1625051527982,50.009074923,1,0,0,10,20,517,10,624,5,0,0,0,6,55,6233680,0,29,6,136,18013,2100519,20480,524,2,196025,141810,59637,60580,24016,14426,24103,14173,68,1090,1090,33,43131,20855,21632643,2239,80,426,265,4385870,4385764,108,123,78,91,168,6233414,4164839,93,129,3165,333,1400,0,90,0,919,7804014,2779,0,465,8,3,5,764,17,3,767,8,4,3,10
11052,1625051584938,50.008816469,1,0,0,13,25,520,12,620,6,0,0,0,54,60,6349823,0,26,8,144,10035,2179270,21226,524,3,196252,142174,60655,61043,24063,13765,24021,13387,72,1095,1095,37,43657,20880,22160401,2241,77,427,266,4422563,4422456,114,130,76,89,168,6349442,4200498,94,127,3164,337,1411,0,89,0,918,7970739,2956,0,498,10,3,5,778,18,7,785,10,4,3,14
11102,1625051641705,50.009182334,1,0,0,13,25,520,12,613,6,0,0,0,2,61,6557719,0,27,8,144,4305,2363962,20592,523,3,193288,139808,56504,57339,20752,10835,20801,10488,72,1098,1098,37,37872,17732,23266851,2247,75,426,260,4438712,4438618,112,128,73,86,164,6557528,4223001,94,125,3001,325,1173,0,87,0,931,8194042,2719,0,441,10,3,5,753,15,7,760,10,4,3,14
11152,1625051698085,50.008753620,1,0,0,14,29,524,15,613,7,0,0,0,20,75,6350028,0,27,8,156,6002,2200168,20499,523,3,193608,140046,56410,57099,20744,11182,20778,11055,78,1095,1095,37,37911,17708,22189099,2241,74,431,259,4398224,4398131,116,131,73,89,164,6349714,4182500,94,125,2994,321,1164,0,87,0,925,7810228,2798,0,460,10,4,9,757,15,7,764,10,6,4,15
11202,1625051755667,50.009203130,1,0,0,14,27,773,13,908,7,0,0,0,96,60,6541059,0,25,9,148,9757,2361084,21623,785,3,196044,141997,59940,60705,23996,14209,24067,13985,74,1090,1090,33,43134,20861,23251271,2239,80,429,265,4433023,4432920,112,128,78,90,168,6540877,4212821,93,129,3168,333,1407,0,91,0,912,8108011,3122,0,527,9,4,5,1047,19,8,1055,9,4,3,12
11252,1625051812343,50.009136189,1,0,0,13,25,520,12,643,6,0,0,0,22,69,6494485,0,32,8,144,6337,2298554,21216,524,3,196075,141918,61581,62391,24487,13523,24536,13166,72,1134,1135,60,44053,21210,22907925,2273,84,427,266,4450871,4450761,112,126,83,96,177,6494308,4228739,96,135,3203,336,1431,11,96,2,950,8051059,2921,0,492,10,3,5,776,18,7,783,10,4,3,13
11302,1625051869162,50.009095154,1,0,0,13,25,524,12,620,6,0,0,0,38,42,6760323,0,29,8,144,7824,2535841,21220,524,3,193235,139712,55430,56226,20700,11309,20734,10835,72,1090,1090,33,37370,17685,24347654,2239,76,427,259,4467180,4467084,114,130,75,87,164,6760161,4253332,93,127,2989,321,1158,0,87,0,917,8511558,2882,0,503,10,3,5,765,15,7,772,10,4,3,14
11352,1625051926415,50.009227669,1,0,0,13,26,524,13,618,7,0,0,0,24,41,6428794,0,29,8,148,6357,2273222,20714,522,3,195074,141455,58088,58353,23464,14014,21075,11370,74,1092,1092,33,41361,20441,22672239,2243,75,427,265,4405530,4405438,116,129,73,83,161,6428680,4188064,93,124,3018,327,1188,0,85,0,915,7787760,2873,0,457,10,7,9,747,15,7,754,10,6,4,15
11402,1625051983180,50.008847638,1,0,0,10,21,777,11,899,6,0,0,0,20,40,6658483,0,26,7,142,7669,2471760,21591,785,2,195446,141527,60996,61859,24073,14052,24156,14079,71,1096,1096,37,43694,20894,23932701,2243,77,428,266,4440540,4440436,114,129,76,96,168,6658059,4218598,94,127,3168,337,1409,0,91,0,924,8354169,2880,0,487,8,4,5,1050,19,8,1058,8,4,3,11
11452,1625052040405,50.008852300,1,0,0,14,26,525,12,640,6,0,0,0,2,74,6349494,0,36,8,146,18289,2191135,21170,524,3,196810,142485,61644,62272,25235,14564,24325,13544,73,1101,1101,37,44131,21998,22198848,2253,85,426,265,4413936,4413820,116,130,84,98,176,6349159,4190065,94,135,3201,334,1416,0,98,0,922,7790729,2814,0,474,9,7,9,779,20,15,794,3,7,5,9
11502,1625052097159,50.011952193,1,0,0,13,24,524,11,608,6,0,0,0,3,46,6370631,0,34,8,140,7561,2190263,20401,524,3,194184,140466,57642,58400,21034,11060,21047,10646,70,1145,1146,64,38520,17983,22189949,2287,80,428,261,4430801,4430699,114,131,78,91,170,6370394,4212939,95,130,3046,325,1192,11,91,2,959,7874590,2840,0,461,14,7,8,758,17,14,772,6,5,3,13
11552,1625052154630,50.009140411,1,0,0,14,29,524,15,621,7,0,0,0,0,41,6293456,0,41,8,156,4942,2144555,20532,523,3,195849,141661,59102,59999,23830,13511,23930,13166,78,1092,1092,33,42959,20766,21912904,2243,76,426,264,4397534,4397436,116,132,74,87,164,6293306,4176931,93,125,3181,329,1398,0,86,0,911,7875567,2789,0,475,10,4,9,782,18,7,789,10,5,3,14
11602,1625052211678,50.010651185,1,0,0,10,21,777,11,890,6,0,0,0,19,57,6274215,0,25,7,140,7039,2116989,20956,785,2,195833,141686,59365,60270,23858,14202,23941,14362,70,1090,1090,33,42978,20768,21762948,2239,76,426,264,4405449,4405352,112,128,74,87,164,6274086,4185148,93,125,3158,329,1397,0,86,0,914,7792393,2844,0,484,8,4,5,1038,19,8,1046,8,4,3,11
11652,1625052268426,50.008787120,1,0,0,10,20,521,10,604,5,0,0,0,64,46,6523880,0,25,6,136,6831,2346277,20745,524,2,193169,139690,54914,55746,20529,10893,20591,10678,68,1088,1088,33,37172,17596,23138635,2235,72,428,259,4423565,4423469,110,126,71,87,160,6523699,4210431,93,123,2985,319,1163,0,83,0,914,8232406,2911,0,497,11,3,5,749,16,11,760,10,4,3,13
11702,1625052325381,50.009136600,1,0,0,14,29,524,15,606,7,0,0,0,6,76,6177766,0,27,8,158,4458,1994417,20208,524,3,193815,140194,56540,57453,20716,10834,20788,10488,79,1102,1102,37,37927,17723,21039399,2255,75,426,260,4427159,4427069,118,132,73,87,164,6177575,4210639,94,125,3011,326,1169,0,87,0,928,7530207,2775,0,468,15,8,13,749,16,11,760,9,8,5,18
11752,1625052382730,50.009610743,1,0,0,14,28,520,14,629,7,0,0,0,4,47,6490675,0,31,8,152,14524,2315493,21079,523,3,196220,142073,61397,62448,24235,13769,24357,13576,76,1141,1142,64,44131,21062,22985075,2279,79,426,268,4430525,4430424,114,129,77,100,170,6490510,4206629,95,128,3208,340,1435,11,90,2,958,7948298,2816,0,470,15,4,8,777,19,10,787,5,5,3,15
11802,1625052439278,50.009132088,1,0,0,13,25,520,12,633,7,0,0,0,30,61,6440678,0,27,8,144,15631,2259436,21171,523,3,195728,141775,61099,61937,24168,13707,24231,13166,72,1095,1095,37,43923,20975,22680525,2241,82,425,265,4432200,4432095,116,132,80,93,172,6440526,4209639,94,131,3167,333,1411,0,93,0,919,7963309,2908,0,499,12,7,8,777,19,10,787,4,5,3,12
11852,1625052496097,50.011015568,1,0,0,14,27,777,13,872,8,0,0,0,34,74,6141881,0,26,9,148,18423,2012119,19751,786,3,192527,139195,55180,56000,20552,11240,20600,11024,74,1085,1085,33,37208,17608,21033988,2229,73,425,258,4375636,4375550,116,130,71,83,160,6141694,4162037,93,123,2979,316,1160,0,83,0,911,7492428,2778,0,460,13,8,9,1013,17,12,1025,4,6,4,12
11902,1625052553292,50.009271845,1,0,0,14,29,520,15,623,8,0,0,0,22,50,6217094,0,25,8,156,6624,2063770,20440,525,3,195725,141613,59116,60021,23847,13448,23926,13355,78,1086,1086,33,42951,20771,21431290,2231,76,426,264,4403027,4402930,116,131,74,87,164,6216890,4182455,93,125,3153,329,1398,0,86,0,920,7390605,2856,0,491,15,8,12,776,19,10,786,5,6,3,15
11952,1625052610201,50.009250899,1,0,0,14,28,520,14,623,7,0,0,0,24,51,6413182,0,29,8,152,11081,2224433,20890,523,3,196010,141826,59627,60461,24008,13641,24028,13355,76,1089,1089,33,43178,20850,22461466,2237,80,431,265,4442790,4442692,114,130,78,92,168,6412953,4221737,93,129,3161,333,1401,0,91,0,917,7741308,2900,0,502,15,4,8,777,19,10,787,5,5,3,15
12002,1625052666897,50.009830235,1,0,0,14,28,524,14,632,7,0,0,0,48,48,6366941,0,41,8,152,3432,2188706,20773,523,3,195350,141282,58716,60013,25569,15469,26943,16127,76,1090,1090,33,42519,22470,22218694,2239,78,428,262,4428679,4428584,116,130,77,91,168,6366751,4208830,93,129,3165,337,1390,0,90,0,915,7724645,2938,0,511,15,8,12,779,20,14,793,5,6,3,15
12052,1625052723404,50.009055282,1,0,0,10,21,777,11,874,7,0,0,0,48,61,6387248,0,33,7,140,13582,2214426,21066,785,2,193821,140282,57481,58427,20948,11466,21066,10992,70,1143,1144,64,38303,17900,22316541,2283,76,428,262,4423379,4423282,114,130,74,90,166,6387119,4206065,95,126,3043,328,1198,11,87,2,960,7791112,2957,0,474,9,8,9,1022,17,12,1034,3,5,3,9
12102,1625052780308,50.009350954,1,0,0,14,26,521,12,622,6,0,0,0,20,72,6304937,0,28,8,144,5400,2141772,20411,524,3,196440,142253,60712,61641,24092,13263,24174,13040,72,1101,1101,37,43724,20923,21917466,2253,78,427,265,4415699,4415599,112,126,76,90,168,6304712,4192594,94,127,3178,334,1411,0,89,0,931,7737907,2906,0,489,12,3,5,781,19,11,792,4,5,4,12
12152,1625052837404,50.009102878,1,0,0,14,28,524,14,627,7,0,0,0,30,75,6444996,0,41,8,152,16255,2267584,21250,523,3,195566,141641,60732,61545,24056,13548,24136,13638,76,1095,1095,37,43651,20882,22708187,2241,78,425,265,4428694,4428590,116,132,76,89,168,6444808,4206437,94,127,3177,342,1411,0,90,0,926,8015996,2872,0,490,15,8,12,768,20,14,782,5,6,3,15
12202,1625052894109,50.009652838,1,0,0,14,28,520,14,605,7,0,0,0,56,49,6637077,0,27,8,152,12100,2464394,21582,524,3,194281,140215,57525,58784,22564,13037,23689,13606,76,1089,1089,33,41408,19558,23844818,2237,75,432,259,4423959,4423870,114,130,73,86,164,6636919,4205600,93,125,3139,321,1376,0,85,0,912,8287481,2952,0,492,15,4,8,781,19,10,791,5,5,3,15
12252,1625052951085,50.008747549,1,0,0,10,20,521,10,617,6,0,0,0,26,68,6431451,0,28,6,136,7949,2268547,20712,523,2,193236,139731,56004,56615,20821,11217,20858,11023,68,1089,1089,33,37547,17758,22623586,2237,80,426,259,4406180,4406065,112,128,79,91,168,6431039,4191549,93,131,2996,319,1167,0,91,0,915,7897117,2815,0,457,9,7,9,757,16,11,768,3,5,3,9
12302,1625053007999,50.008649410,1,0,0,10,20,521,10,634,5,0,0,0,46,59,6637411,0,33,6,136,12970,2439885,21677,523,2,196294,142124,60426,61093,24224,13991,24228,13764,68,1135,1136,60,43509,21031,23745905,2275,80,428,267,4452169,4452065,110,126,79,92,170,6637045,4230258,94,130,3201,336,1430,12,92,2,950,8161821,2983,0,513,12,7,9,773,19,11,784,4,6,4,12
12352,1625053064562,50.008722338,1,0,0,14,28,520,14,639,7,0,0,0,26,54,6520044,0,43,8,152,10428,2311846,21717,525,3,194933,141221,61258,61937,24165,14024,24172,13827,76,1094,1094,37,43887,20974,23033284,2239,81,423,266,4457113,4457008,116,132,80,95,172,6519684,4235469,94,131,3183,336,1418,0,93,0,928,7973824,2973,0,499,15,4,8,794,19,10,804,5,5,3,15
12402,1625053121553,50.009259053,1,0,0,14,28,520,14,622,7,0,0,0,12,37,6382861,0,26,8,152,10172,2211094,20454,524,3,196251,142120,60699,61604,24042,13986,24146,13607,76,1095,1095,37,43704,20891,22348332,2241,77,425,265,4426703,4426604,114,130,76,90,168,6382697,4204284,94,127,3164,333,1415,0,89,0,921,7858270,2763,0,479,15,4,8,778,19,10,788,5,5,3,15
12452,1625053178756,50.009202277,1,0,0,13,25,520,12,612,7,0,0,0,42,50,6319559,0,30,8,144,11969,2155937,20980,524,3,192903,139619,56897,57722,20870,11372,20902,11150,72,1097,1097,37,38114,17814,21957756,2245,79,430,259,4410680,4410579,114,130,77,92,168,6319379,4195510,94,129,3006,320,1174,0,90,0,923,7831383,2900,0,486,12,7,8,745,16,10,755,4,5,3,12
12502,1625053235130,50.009248774,1,0,0,14,27,773,13,906,8,0,0,0,0,49,6742228,0,25,9,148,8120,2509340,21261,785,3,195647,141561,59852,60717,23985,13578,24045,13386,74,1088,1088,33,43131,20862,24250903,2235,79,425,264,4485180,4485083,114,130,78,90,168,6742066,4264541,93,129,3161,329,1410,0,90,0,915,8421523,2794,0,463,12,5,5,1026,20,8,1034,4,6,4,12
12552,1625053292479,50.011047729,1,0,0,14,29,520,15,621,8,0,0,0,0,35,6322764,0,31,8,156,8419,2137660,20514,523,3,195453,141347,57793,58796,23640,14012,23772,13638,78,1134,1135,60,42467,20693,21913702,2273,73,426,266,4437922,4437831,118,134,71,83,157,6322521,4218647,90,121,3198,332,1429,11,82,2,947,7824853,2775,0,461,15,8,12,753,19,10,763,5,6,3,15
12602,1625053348832,50.009599323,1,0,0,14,28,520,14,605,7,0,0,0,14,60,6340873,0,25,8,152,12587,2137693,20602,523,3,193417,139539,56896,58167,21363,11464,23523,13229,76,1087,1087,33,40183,18361,21954341,2233,75,425,259,4450601,4450509,114,130,73,86,164,6340854,4234083,93,125,3136,324,1387,0,86,0,918,7788068,2776,0,466,15,4,8,778,19,10,788,5,5,3,15
12652,1625053405589,50.009889307,1,0,0,14,28,520,14,606,7,0,0,0,6,39,6398384,0,26,8,152,21223,2190025,20650,525,3,193667,140079,56533,57369,20708,11340,20775,11401,76,1101,1101,37,37896,17701,22277444,2253,74,427,260,4457490,4457394,114,129,73,87,164,6398150,4241429,94,125,3009,325,1176,0,87,0,926,7937961,2817,0,464,15,4,8,755,16,10,765,5,5,3,15
12702,1625053463004,50.009487693,1,0,0,10,21,777,11,897,7,0,0,0,22,93,6115017,0,28,7,140,11798,1980138,20890,786,2,196552,142339,61060,61926,24022,13767,24091,13575,70,1098,1098,37,43716,20877,20915921,2247,78,427,266,4386583,4386488,114,130,76,90,168,6114992,4163430,94,127,3173,336,1411,0,89,0,923,7439506,2849,0,468,9,8,9,1045,20,12,1057,3,5,3,9
12752,1625053519749,50.010317665,1,0,0,14,26,521,12,619,6,0,0,0,4,37,6488855,0,26,8,144,28129,2272562,20827,523,3,195550,141590,60696,61345,24060,13704,24059,13512,72,1094,1094,37,43675,20887,22828340,2239,76,428,265,4471000,4470904,112,128,76,90,168,6488681,4249023,94,127,3162,334,1407,0,90,0,923,8054742,2803,0,475,12,3,5,775,19,11,786,4,5,4,12
12802,1625053576892,50.011100451,1,0,0,14,28,520,14,612,7,0,0,0,11,30,6534388,0,26,8,152,7764,2352023,20510,524,3,193127,139606,55422,55843,20637,11653,20643,11339,76,1087,1087,33,37346,17668,23161053,2233,76,426,258,4427418,4427311,114,129,75,87,164,6533770,4213608,93,127,2991,316,1167,0,87,0,912,8113506,2754,0,454,15,4,8,761,16,10,771,5,5,3,15
12852,1625053634074,50.008726654,1,0,0,12,27,520,15,626,8,0,0,0,28,70,6274445,0,25,8,156,19712,2098294,20412,524,3,193539,140317,55630,55819,22799,12972,20716,11245,78,1113,1114,51,39357,19913,21670059,2249,69,424,264,4415221,4415118,116,130,69,80,154,6274082,4200880,90,119,3019,325,1202,7,81,2,940,7664213,2881,0,469,15,5,8,755,17,10,765,5,6,3,15
12902,1625053690728,50.013173065,1,0,0,14,26,517,12,626,7,0,0,0,61,63,6651759,0,30,8,144,20880,2462388,21306,525,3,194481,140817,59215,59955,23888,13671,23931,13355,72,1083,1083,33,42934,20769,23903126,2225,75,424,265,4439705,4439600,112,128,74,87,164,6651508,4220442,93,125,3151,334,1406,0,86,0,917,8317996,3002,0,504,12,4,5,786,19,7,793,4,5,3,12
12952,1625053747399,50.009156207,1,0,0,14,27,781,13,890,8,0,0,0,16,51,6322609,0,25,9,148,9707,2147095,20604,785,3,196035,141833,59538,60347,23850,14016,23897,13733,74,1095,1095,33,42976,20751,21974621,2249,75,426,266,4429343,4429247,118,131,74,87,164,6322416,4208032,93,125,3172,336,1403,0,86,0,920,7723709,2863,0,503,12,8,9,1026,21,16,1042,4,6,4,12
13002,1625053804330,50.009161839,1,0,0,14,29,520,15,606,8,0,0,0,22,59,6649056,0,26,8,156,14547,2442291,21068,525,3,193666,140102,56505,57531,20724,10773,20875,11024,78,1099,1099,37,37885,17722,23764211,2249,75,431,260,4455084,4454990,116,130,73,90,164,6648901,4238933,94,125,3006,323,1169,0,87,0,929,8178322,2862,0,472,15,8,12,767,16,10,777,5,6,3,15
13052,1625053861004,50.008931252,1,0,0,14,28,520,14,646,7,0,0,0,10,68,6459426,0,27,8,152,5717,2266025,21360,523,3,196323,142230,60988,61006,24210,13711,21608,10772,76,1098,1098,37,43565,20975,22710300,2247,84,427,265,4445127,4445021,114,131,83,95,173,6459055,4222245,94,134,3163,330,1391,0,97,0,922,7872129,2842,0,484,16,4,8,758,16,10,768,5,5,3,15
13102,1625053917916,50.009179656,1,0,0,13,25,520,12,623,7,0,0,0,0,64,6449436,0,33,8,144,10540,2253744,21112,523,3,196148,142008,61314,62101,24246,13298,24297,13103,72,1139,1140,64,44027,21081,22658230,2275,78,425,266,4450767,4450661,116,131,77,93,170,6449213,4227421,95,128,3203,334,1428,11,91,2,955,7860426,2869,0,481,12,7,8,770,19,10,780,4,5,3,12
13152,1625053975350,50.009166675,1,0,0,14,26,525,12,634,7,0,0,0,38,65,6315027,0,42,8,144,20347,2166117,21161,523,3,195499,141497,59621,60442,23973,13201,24030,13198,72,1089,1089,33,43141,20864,22046344,2237,80,426,264,4402760,4402663,116,131,78,90,168,6314902,4182572,93,129,3174,329,1398,0,89,0,915,7912190,2931,0,496,12,7,9,767,20,15,782,4,6,4,12
13202,1625054032535,50.011685993,1,0,0,13,25,520,12,603,7,0,0,0,90,41,6690459,0,29,8,144,11633,2500370,21169,523,3,192512,139299,54931,55782,20531,11145,20593,10992,72,1085,1085,33,37166,17579,24064672,2229,73,427,258,4435578,4435485,114,130,71,83,160,6689983,4223288,93,123,2980,316,1164,0,83,0,915,8435858,2999,0,492,12,7,8,747,16,10,757,4,5,3,12
13252,1625054089321,50.009260625,1,0,0,14,28,524,14,628,7,0,0,0,62,51,6773606,0,25,8,152,26086,2552738,21395,524,3,194639,140931,59220,60061,23869,13196,23898,13292,76,1082,1082,33,42948,20767,24499124,2223,75,429,265,4472877,4472783,116,132,74,86,164,6773424,4254099,93,125,3145,332,1403,0,86,0,915,8266244,2996,0,516,15,8,12,777,20,14,791,5,6,3,15
13302,1625054146321,50.008743208,1,0,0,14,28,520,14,634,7,0,0,0,2,43,6770593,0,29,8,152,7025,2525145,22348,524,3,195541,141603,61269,61907,24215,13173,24213,13103,76,1096,1096,37,43885,20992,24391335,2243,81,424,266,4495365,4495259,114,130,80,95,172,6770250,4272995,94,131,3176,337,1421,0,94,0,922,8238680,2878,0,490,15,4,8,782,19,10,792,5,5,3,15
13352,1625054203536,50.009095995,1,0,0,10,21,777,11,871,6,0,0,0,28,45,6455076,0,32,7,140,16618,2291588,20257,784,2,193186,139769,57493,58750,20912,11468,21026,11244,70,1139,1140,64,38290,17906,22791978,2274,76,426,262,4412941,4412843,112,128,74,91,166,6454870,4196511,95,126,3034,328,1197,11,87,2,964,8129609,2866,0,492,8,4,5,1011,16,8,1019,8,4,3,11
13402,1625054260234,50.008660517,1,0,0,14,26,521,12,607,6,0,0,0,32,63,6566262,0,29,8,144,7486,2339743,20901,525,3,192818,139505,56393,56906,20683,11308,20708,11118,72,1095,1095,37,37873,17702,23206043,2241,73,425,259,4467520,4467406,112,128,73,87,164,6565759,4252435,94,125,2995,323,1169,0,87,0,924,8201122,2841,0,454,10,3,5,762,16,11,773,4,6,5,10
13452,1625054317192,50.009468494,1,0,0,14,28,520,14,619,7,0,0,0,0,60,6322326,0,25,8,152,16272,2117455,20646,524,3,195622,141497,59128,60162,23836,13825,23916,13197,76,1089,1089,33,42950,20770,21862677,2237,76,425,264,4456847,4456750,116,132,74,86,164,6322156,4236470,93,125,3159,329,1397,0,86,0,912,7714566,2781,0,474,15,4,8,777,19,10,787,5,5,3,15
