time,timestamp,seconds,connectivity,alarmtimer:alarmtimer_fired,alarmtimer:alarmtimer_start,block:block_bio_backmerge,block:block_bio_remap,block:block_dirty_buffer,block:block_getrq,block:block_touch_buffer,block:block_unplug,cachefiles:cachefiles_create,cachefiles:cachefiles_lookup,cachefiles:cachefiles_mark_active,clk:clk_set_rate,cpu-migrations,cs,dma_fence:dma_fence_init,fib:fib_table_lookup,filemap:mm_filemap_add_to_page_cache,gpio:gpio_value,ipi:ipi_raise,irq:irq_handler_entry,irq:softirq_entry,jbd2:jbd2_handle_start,jbd2:jbd2_start_commit,kmem:kfree,kmem:kmalloc,kmem:kmem_cache_alloc,kmem:kmem_cache_free,kmem:mm_page_alloc,kmem:mm_page_alloc_zone_locked,kmem:mm_page_free,kmem:mm_page_pcpu_drain,mmc:mmc_request_start,net:net_dev_queue,net:net_dev_xmit,net:netif_rx,page-faults,pagemap:mm_lru_insertion,preemptirq:irq_enable,qdisc:qdisc_dequeue,random:get_random_bytes,random:mix_pool_bytes_nolock,random:urandom_read,raw_syscalls:sys_enter,raw_syscalls:sys_exit,rpm:rpm_resume,rpm:rpm_suspend,sched:sched_process_exec,sched:sched_process_free,sched:sched_process_wait,sched:sched_switch,sched:sched_wakeup,signal:signal_deliver,signal:signal_generate,skb:consume_skb,skb:kfree_skb,skb:skb_copy_datagram_iovec,sock:inet_sock_set_state,task:task_newtask,tcp:tcp_destroy_sock,tcp:tcp_probe,timer:hrtimer_start,timer:timer_start,udp:udp_fail_queue_rcv_skb,workqueue:workqueue_activate_work,writeback:global_dirty_state,writeback:sb_clear_inode_writeback,writeback:wbc_writepage,writeback:writeback_dirty_inode,writeback:writeback_dirty_inode_enqueue,writeback:writeback_dirty_page,writeback:writeback_mark_inode_dirty,writeback:writeback_pages_written,writeback:writeback_single_inode,writeback:writeback_write_inode,writeback:writeback_written
50.0086,1624901698507,50.008644471,1,0,0,12,33,1291,21,2425,11,0,0,0,40,62,6536559,0,73,13,178,15284,2390015,22605,1316,4,199074,143632,74802,77319,27321,13422,27815,13450,89,1114,1114,33,48466,23005,23444997,2287,163,431,2859,4417130,4416932,126,142,161,175,257,6536125,4179970,99,215,3323,352,1518,4,173,1,927,8221249,3103,0,613,8,8,8,1597,20,12,1609,4,7,5,9
100.017,1624901755453,50.008608045,1,0,0,10,25,1288,15,1576,9,0,0,0,10,51,6318781,0,60,9,156,28310,2156321,21659,1311,2,198312,143820,69750,70134,26425,14217,26427,13702,78,1116,1116,37,47172,22395,22075033,2283,145,426,2834,4429306,4429140,118,135,144,157,236,6318346,4195025,94,195,3229,329,1419,0,157,0,919,7846689,2914,0,546,12,7,8,1551,18,13,1564,4,4,2,12
150.026,1624901812477,50.009062211,1,0,0,10,25,1288,15,1471,9,0,0,0,22,85,6364240,0,43,9,156,17781,2196983,21268,1310,2,194025,140478,60388,61082,21533,11430,21574,11119,78,1100,1101,37,39093,18219,22249308,2251,98,426,2828,4422193,4422071,118,134,97,110,188,6364042,4200112,94,149,3017,316,1166,0,110,0,920,7996568,2899,0,493,13,7,8,1534,15,13,1547,4,4,2,12
200.035,1624901869349,50.008968303,1,0,0,9,22,1288,13,1439,9,0,0,0,32,65,6554629,0,30,9,148,27683,2398045,20990,1312,2,194067,140459,58112,58770,20831,11410,20854,10961,74,1098,1098,37,38051,17761,23436832,2247,78,427,2829,4410127,4410029,118,132,77,90,168,6554471,4189452,94,129,3000,321,1164,0,90,0,923,8106494,2841,0,468,9,10,8,1538,15,13,1551,3,4,2,9
250.044,1624901926198,50.008701471,1,0,0,6,17,1285,11,1637,7,0,0,0,16,90,6170484,0,64,7,140,14683,2035745,21826,1312,1,196736,142503,68875,69542,26455,13650,26480,13198,70,1150,1151,60,46845,22435,21286895,2305,144,425,5408,4399931,4399758,112,128,143,166,234,6170113,4166130,94,194,3258,340,1437,11,156,2,950,7399521,3014,0,561,6,6,5,1547,17,10,1557,2,3,2,6
300.053,1624901983425,50.009015852,1,0,0,10,25,1288,15,1586,9,0,0,0,8,62,6417351,0,59,9,156,9225,2249956,21629,1311,2,197082,142793,68031,68688,26238,13614,26294,13482,78,1105,1105,33,46479,22279,22610418,2269,143,429,2836,4430072,4429909,118,134,142,154,232,6416980,4199771,93,193,3211,336,1414,0,154,0,915,8006243,2926,0,590,12,7,8,1561,18,13,1574,4,4,2,12
350.062,1624902040718,50.009246094,1,0,0,10,25,1288,15,1560,9,0,0,0,26,68,6429327,0,61,9,156,17513,2286355,21393,1312,2,194807,141020,63796,64692,22911,10838,22984,10647,78,1107,1107,33,40702,19112,22761426,2272,140,426,2830,4399782,4399620,118,134,139,151,228,6429128,4175780,93,191,3047,323,1167,0,151,0,915,7858504,2936,0,587,12,7,8,1545,15,13,1558,4,4,2,12
400.071,1624902097479,50.009347968,1,0,0,10,25,1288,15,1579,9,0,0,0,40,71,6596021,0,60,9,156,22708,2415668,22536,1312,2,196332,142290,67822,68808,26214,13298,26299,13041,78,1100,1100,33,46513,22295,23643445,2259,143,425,2834,4441447,4441286,118,134,142,156,232,6595794,4212321,93,193,3197,329,1405,0,154,0,908,8258703,3060,0,617,12,7,8,1555,18,13,1568,4,4,2,11
450.083,1624902154200,50.011741006,1,0,0,6,17,1285,11,1478,7,0,0,0,58,59,6682797,0,53,7,140,20440,2492125,21907,1312,1,194482,140957,63676,64504,24715,13944,24761,13859,70,1097,1097,37,44688,21308,24084978,2245,98,423,2834,4446205,4446092,112,128,96,109,188,6682529,4220955,94,147,3179,329,1409,0,109,0,916,8193745,3064,0,579,8,6,5,1549,17,10,1559,8,3,2,11
500.092,1624902211059,50.009015904,1,0,0,10,26,1288,16,1472,9,0,0,0,54,77,6588471,0,29,9,160,16347,2399575,21420,1312,2,195860,141913,62311,63058,24283,13933,24360,13639,80,1093,1093,37,44041,21040,23534755,2236,85,427,2834,4446057,4445952,118,135,84,98,176,6588275,4220670,94,135,3165,330,1415,0,98,0,916,8099511,3025,0,516,11,7,9,1561,17,10,1571,9,5,3,13
550.101,1624902267600,50.008772097,1,0,0,10,25,1288,15,1450,9,0,0,0,62,47,6564083,0,45,9,156,13754,2392500,21186,1312,2,192977,139686,57380,58016,20699,11024,20708,10773,78,1098,1099,37,37811,17677,23401697,2247,74,427,2830,4423138,4423038,118,135,73,87,164,6563687,4204848,94,125,3012,323,1173,0,86,0,915,8371082,2955,0,500,12,7,8,1551,15,13,1564,4,4,2,12
600.11,1624902324540,50.009104273,1,0,0,10,25,1288,15,1461,9,0,0,0,52,62,6516994,0,59,9,156,22672,2338212,21491,1311,2,195511,141846,60130,60419,23889,13235,21415,10489,78,1109,1109,33,41998,20756,23151557,2277,83,432,2836,4434938,4434833,118,134,81,92,169,6516832,4212801,93,132,3067,331,1188,0,93,0,911,8269460,2945,0,467,12,7,8,1530,15,13,1543,4,4,2,12
650.119,1624902381886,50.009177771,1,0,0,9,22,1288,13,1459,9,0,0,0,56,86,6493690,0,59,9,148,13267,2328449,21430,1311,2,195425,141475,61081,61945,24150,12924,24180,12726,74,1102,1102,33,43318,20930,23037507,2264,84,426,2836,4420017,4419914,118,134,82,94,171,6493562,4196414,93,133,3205,336,1405,0,94,0,917,7960520,2998,0,515,9,10,8,1561,18,13,1574,3,4,2,9
700.128,1624902438460,50.009129724,1,0,0,6,17,1285,11,1448,7,0,0,0,2,56,6523112,0,63,7,140,15669,2318337,21123,1311,1,195585,141440,59954,60745,23787,13386,23844,13040,70,1105,1105,33,42889,20715,23074751,2269,75,425,5404,4461974,4461878,112,128,74,87,164,6522874,4235950,93,125,3208,333,1398,0,86,0,914,7954752,2862,0,475,9,6,5,1559,17,10,1569,3,4,3,9
750.14,1624902495512,50.011568902,1,0,0,10,25,1288,15,1447,9,0,0,0,66,80,6252773,0,57,9,154,22321,2130122,20372,1311,2,194155,140466,59697,60491,21131,10935,21206,11055,77,1111,1111,37,38617,18022,21763078,2273,81,428,2836,4377365,4377263,116,131,79,94,171,6252459,4155796,94,130,3066,322,1200,0,92,0,916,7574241,2979,0,507,12,7,8,1556,21,13,1569,4,4,2,12
800.149,1624902552188,50.008690201,1,0,0,10,25,1288,15,1454,9,0,0,0,22,84,6459327,0,41,9,154,9739,2264694,21496,1311,2,195410,141812,60543,60666,22478,11950,21362,10867,77,1144,1145,64,40223,19236,22705769,2285,84,427,2836,4447329,4447221,116,132,83,96,174,6458847,4224539,95,134,3068,330,1214,11,97,2,954,8065479,2944,0,461,12,7,8,1535,15,13,1548,4,4,2,12
850.158,1624902609050,50.008840269,1,0,0,10,25,1288,15,1455,9,0,0,0,28,77,6268960,0,45,9,154,21673,2147383,21290,1312,2,196149,142067,62088,62638,24137,13898,24161,13608,77,1102,1102,37,43821,20905,21897798,2255,81,430,2836,4381700,4381593,116,132,80,93,172,6268588,4155588,94,131,3196,336,1413,0,93,0,919,7835595,2932,0,464,12,7,8,1569,18,13,1582,4,4,2,12
900.167,1624902666229,50.008791719,1,0,0,6,22,2565,16,2831,12,0,0,0,6,58,6521583,0,55,12,160,15391,2307357,20942,2623,1,195876,141745,63402,64014,24420,13529,24427,13135,80,1105,1105,33,43719,21093,23060212,2269,91,425,2836,4469221,4469107,122,138,90,102,180,6521216,4242534,93,141,3210,337,1407,0,102,0,920,7899218,2842,0,464,7,11,5,2857,18,15,2872,2,3,2,6
950.176,1624902723344,50.009242788,1,0,0,10,26,1288,16,1471,10,0,0,0,24,64,6461755,0,59,9,160,18164,2272273,20702,1311,2,193781,140136,58783,59546,21348,11015,21402,10521,80,1110,1110,33,38398,18099,22740162,2278,97,427,2830,4442481,4442362,120,134,95,107,184,6461628,4222706,93,147,3049,323,1164,0,107,0,916,7999004,2861,0,480,12,11,12,1531,15,13,1544,4,5,2,11
1000.18,1624902780084,50.008769713,1,0,0,10,25,1288,15,1482,9,0,0,0,22,103,6520179,0,59,9,158,4523,2335419,21374,1311,2,196610,142295,62539,63126,24563,13313,24582,13135,79,1112,1112,33,43926,21187,23109696,2283,95,427,2836,4443170,4443048,120,136,94,107,184,6519814,4217294,93,145,3224,336,1404,0,106,0,915,8339881,2925,0,497,12,7,8,1556,18,13,1569,4,4,2,12
1050.19,1624902837346,50.010766752,1,0,0,10,25,1288,15,1483,9,0,0,0,28,66,6135785,0,65,9,154,13143,2022012,21039,1311,2,196502,142324,64042,64938,24755,13348,24815,13104,77,1155,1156,64,44895,21385,21118949,2307,95,426,2836,4375132,4375024,116,132,94,108,186,6135577,4147267,95,144,3257,333,1432,11,107,2,955,7525135,2985,0,503,12,7,8,1558,18,13,1571,4,4,2,12
1100.2,1624902894546,50.009050043,1,0,0,10,23,1285,13,1440,9,0,0,0,62,55,6393012,0,43,9,148,15121,2243654,20684,1315,2,192250,139156,58053,58699,20937,11064,20934,10773,74,1095,1095,37,38280,17845,22477325,2240,82,429,2828,4394855,4394744,118,133,81,94,172,6392558,4176471,94,133,2998,316,1159,0,94,0,916,8149621,2969,0,486,9,7,5,1542,15,10,1552,3,4,2,9
1150.21,1624902951700,50.009139449,1,0,0,10,23,1289,13,1440,8,0,0,0,32,67,6395150,0,30,9,148,24832,2257182,20924,1311,2,193799,140211,57152,57997,20677,11120,20737,10647,74,1096,1096,37,37872,17680,22515481,2242,74,427,2828,4389954,4389842,116,132,73,87,164,6394913,4170554,94,125,2997,317,1170,0,86,0,922,7977630,2888,0,466,7,6,5,1527,15,14,1541,3,3,2,6
1200.22,1624903008372,50.009302933,1,0,0,10,25,1288,15,1456,9,0,0,0,26,89,6035425,0,45,9,156,17407,1958330,20378,1311,2,196610,142391,62014,62908,24166,13772,24216,13482,78,1110,1110,37,43780,20925,20656153,2271,82,427,2836,4335260,4335157,118,133,80,93,172,6035234,4108366,94,131,3204,336,1413,0,93,0,925,7456471,2851,0,471,12,7,8,1553,18,13,1566,4,4,2,12
1250.23,1624903065294,50.008751629,1,0,0,9,21,1288,12,1486,8,0,0,0,42,59,6664646,0,55,9,144,7417,2506559,21408,1311,2,194406,140797,62454,63091,24549,14038,24592,14174,72,1097,1097,33,43907,21172,24064550,2252,94,423,2836,4414723,4414598,116,131,94,107,184,6664340,4190787,93,145,3197,336,1415,0,107,0,913,8272544,3000,0,526,11,6,4,1563,18,13,1576,7,2,1,10
1300.24,1624903122389,50.010324952,1,0,0,9,23,1288,14,1460,10,0,0,0,8,89,6333580,0,57,9,152,17124,2199360,20686,1311,2,193279,139719,59588,61104,21537,11202,24188,13229,76,1147,1148,60,39288,18244,22200219,2299,95,425,2832,4385040,4384928,120,135,93,107,185,6333365,4164644,94,145,3092,330,1222,11,105,2,948,7868378,2855,0,497,8,14,12,1565,18,13,1578,4,5,2,9
1350.25,1624903178969,50.008827272,1,0,0,6,17,1285,11,1444,7,0,0,0,24,51,6336230,0,52,7,142,10764,2185084,20235,1310,1,192840,139415,57230,57789,20962,11632,20959,11308,71,1098,1098,33,37748,17832,22139370,2255,83,429,5398,4399156,4399034,114,129,83,95,172,6335822,4178833,93,135,3020,316,1157,0,96,0,914,8005975,2753,0,450,6,6,5,1534,14,10,1544,2,3,2,5
1400.26,1624903236064,50.009251512,1,0,0,9,22,1288,13,1448,8,0,0,0,2,54,6240017,0,51,9,148,5411,2106392,20875,1310,2,194467,140809,62342,63170,24262,13680,24326,13261,74,1095,1095,37,44067,21032,21662201,2241,86,421,2834,4388857,4388743,116,130,84,97,176,6239815,4164069,94,135,3174,331,1401,0,97,0,914,7884125,2834,0,494,9,6,5,1552,17,10,1562,9,3,2,12
1450.27,1624903293160,50.009392203,1,0,0,9,22,1288,13,1467,8,0,0,0,22,71,6134133,0,33,9,148,10487,2038802,20963,1312,2,194245,140712,62830,63634,24416,13653,24470,13387,74,1086,1086,37,44276,21109,21192771,2223,90,421,2834,4347782,4347673,116,131,88,101,180,6133883,4122676,94,139,3150,329,1402,0,101,0,917,7565888,2883,0,475,10,6,5,1569,17,10,1579,10,3,2,13
1500.28,1624903350632,50.008783741,1,0,0,9,22,1288,13,1443,8,0,0,0,14,48,6638153,0,39,9,148,6403,2460036,20854,1311,2,190906,138129,58155,58775,20984,11661,20966,11402,74,1087,1087,37,38297,17853,23782616,2225,82,419,2828,4428199,4428095,116,130,81,94,172,6637991,4210756,94,133,2980,316,1160,0,94,0,915,8358198,2795,0,481,10,6,5,1537,14,10,1547,10,4,3,14
1550.29,1624903407888,50.008811780,1,0,0,6,17,1285,11,1479,7,0,0,0,34,66,6585163,0,39,7,138,10097,2428762,22056,1313,1,193012,139911,63957,64238,25672,14480,24705,13198,69,1084,1084,37,44671,22239,23624556,2219,97,418,2836,4411884,4411752,110,126,96,107,188,6584746,4187334,94,147,3156,336,1416,0,110,0,915,8138141,2910,0,488,4,6,5,1566,17,10,1576,2,3,2,4
1600.3,1624903464716,50.008777716,1,0,0,9,22,1289,13,1463,9,0,0,0,30,72,6225041,0,49,9,151,20548,2110381,21043,1314,2,194552,140859,61338,61597,24197,14498,24201,13828,75,1131,1132,60,43552,20989,21656736,2267,80,424,2838,4368628,4368516,118,132,79,95,170,6224708,4145086,94,130,3212,340,1439,11,93,2,949,7818079,2999,0,499,9,7,5,1568,19,14,1582,3,4,2,9
1650.31,1624903521899,50.009742042,1,0,0,9,21,1288,12,1452,8,0,0,0,34,69,6516180,0,43,9,144,21096,2352706,21388,1312,2,193437,139915,60208,61389,23534,13366,24213,13702,72,1092,1092,33,42574,20311,23196043,2243,87,426,2831,4416129,4416031,116,129,85,98,176,6516173,4194640,93,137,3157,328,1389,0,97,0,912,8083011,2911,0,514,9,6,4,1560,18,13,1573,5,2,1,9
1700.32,1624903579210,50.009178377,1,0,0,9,22,1288,13,1415,8,0,0,0,16,56,6575840,0,31,9,148,17987,2400709,20496,1310,2,193052,139563,55750,56550,20506,11147,20558,10710,74,1093,1093,33,37162,17565,23470395,2245,72,426,2828,4421897,4421799,116,131,71,83,160,6575653,4205088,93,123,2999,316,1165,0,84,0,915,8327983,2828,0,467,11,6,5,1530,14,10,1540,10,3,2,13
1750.33,1624903636080,50.009081114,1,0,0,9,23,1288,14,1466,9,0,0,0,24,78,6398269,0,35,9,154,14449,2250104,20875,1311,2,195794,141834,62366,63182,24272,13270,24325,12978,77,1096,1096,37,44141,21029,22522697,2242,86,425,2834,4404948,4404837,120,135,84,97,176,6398109,4179254,94,135,3167,329,1410,0,97,0,919,7848832,2911,0,510,9,10,9,1562,17,10,1572,9,4,2,13
1800.34,1624903692587,50.008651320,1,0,0,6,22,2565,16,2817,12,0,0,0,30,66,6368876,0,26,12,160,9714,2255575,20997,2624,1,196047,141999,62832,63429,24012,13896,24027,13639,80,1091,1092,37,43643,20836,22496636,2233,76,426,5404,4371326,4371228,122,138,76,90,168,6368638,4142245,94,127,3159,330,1413,0,90,0,920,7770333,2952,0,508,8,11,5,2858,18,15,2873,8,3,2,10
1850.35,1624903749691,50.008885521,1,0,0,10,26,1288,16,1456,9,0,0,0,34,72,6367849,0,37,9,162,16380,2227193,21167,1310,2,195783,141863,63303,63999,24491,13401,24496,13041,81,1144,1145,64,44456,21192,22410246,2284,85,427,2838,4400971,4400867,120,134,85,99,178,6367755,4174287,95,136,3221,341,1444,11,98,2,956,7901445,3038,0,516,13,7,9,1566,17,10,1576,9,5,3,16
1900.36,1624903806090,50.008976747,1,0,0,10,25,1288,15,1439,9,0,0,0,24,79,6397607,0,41,9,154,12367,2224705,20936,1310,2,192541,139242,57327,57982,20965,10906,20963,10615,77,1097,1097,33,37767,17822,22379257,2251,84,428,2830,4421914,4421810,116,132,83,95,172,6397241,4204486,93,135,3016,323,1166,0,95,0,914,8060325,2865,0,484,12,7,8,1523,15,13,1536,4,4,2,12
1950.37,1624903862764,50.011965351,1,0,0,9,21,1288,12,1461,8,0,0,0,11,52,6372319,0,31,9,144,12262,2259020,20966,1312,2,196137,141929,60590,61383,24001,13516,24043,13167,72,1096,1096,33,43125,20827,22487894,2251,80,427,2836,4369204,4369101,116,130,78,91,168,6372054,4144901,93,129,3178,336,1404,0,90,0,919,7797107,2882,0,485,12,6,4,1563,18,13,1576,8,3,2,12
2000.38,1624903920035,50.008968600,1,0,0,6,17,1285,11,1456,7,0,0,0,30,81,6613219,0,45,7,140,22814,2433079,21886,1311,1,196171,141947,60891,61699,24113,13710,24159,13167,70,1099,1099,33,43356,20928,23702084,2253,83,426,2835,4436743,4436640,112,128,82,95,172,6612961,4212413,93,133,3189,334,1409,0,94,0,914,8203225,2944,0,507,8,6,5,1556,17,10,1566,8,3,2,11
2050.39,1624903977234,50.009089446,1,0,0,9,22,1288,13,1440,9,0,0,0,58,56,6538491,0,31,9,150,12625,2376266,21307,1312,2,194090,140174,59705,60514,22645,12696,23773,13419,75,1097,1097,37,42010,19577,23297540,2244,76,427,2828,4417672,4417574,120,134,75,89,168,6538122,4195237,94,127,3149,321,1376,0,89,0,919,8074150,3027,0,522,9,10,8,1560,18,13,1573,3,5,3,9
2100.4,1624904033856,50.009587561,1,0,0,10,25,1288,15,1442,9,0,0,0,60,73,6350993,0,42,9,156,13283,2186037,21361,1311,2,193393,140013,59316,60276,21253,11196,21365,10899,78,1141,1142,64,38920,18127,22179308,2279,88,427,2830,4418233,4418123,118,134,86,100,178,6350756,4197814,95,138,3046,320,1192,11,99,2,952,7686204,3047,0,497,12,7,8,1543,15,13,1556,4,4,2,12
2150.41,1624904090844,50.009337489,1,0,0,10,25,1288,15,1443,9,0,0,0,32,77,6487118,0,27,9,156,14283,2313941,21164,1311,2,195723,141771,61640,62439,26051,14997,24074,12726,78,1096,1096,37,43744,22889,22967288,2242,78,431,2836,4431947,4431848,118,132,76,90,168,6487016,4206499,94,127,3168,333,1407,0,90,0,926,8189951,2950,0,508,12,7,8,1572,18,13,1585,4,4,2,12
2200.42,1624904147866,50.009090489,1,0,0,9,22,1288,13,1459,9,0,0,0,26,77,6272492,0,31,9,148,13561,2123496,20457,1311,2,194663,140908,61106,62021,24062,13331,24140,12915,74,1088,1088,33,43373,20892,21779792,2235,84,423,2836,4404138,4404038,118,134,82,94,172,6272332,4180587,93,133,3163,336,1405,0,94,0,916,7602876,2850,0,504,9,10,8,1555,18,13,1568,3,4,2,9
2250.43,1624904204873,50.009414542,1,0,0,6,17,1285,11,1444,7,0,0,0,26,80,6601760,0,31,7,140,13931,2429418,20653,1310,1,193411,139838,57751,58523,20884,10809,20954,10710,70,1095,1095,33,37878,17825,23597654,2247,81,426,5400,4426209,4426107,112,128,79,92,171,6601553,4204734,95,132,3010,325,1164,0,92,0,920,8344027,2884,0,462,9,6,5,1534,14,10,1544,3,4,3,9
2300.44,1624904262056,50.009188302,1,0,0,10,25,1288,15,1426,9,0,0,0,36,69,6595664,0,25,9,156,20164,2403494,20844,1311,2,193236,139733,55968,56885,20521,11557,20607,11088,78,1090,1090,33,37152,17555,23518251,2236,73,427,2830,4442819,4442730,118,134,71,86,160,6595534,4225584,93,123,2992,323,1169,0,84,0,919,8145722,2912,0,480,12,7,8,1532,15,13,1545,4,4,2,12
2350.45,1624904319456,50.009406043,1,0,0,10,25,1288,15,1455,9,0,0,0,26,50,6349644,0,31,9,156,16327,2157458,20721,1311,2,195369,141398,60849,61939,24078,13394,24236,13229,78,1087,1087,33,43356,20914,22091670,2233,83,424,2834,4446796,4446692,118,132,82,98,172,6349490,4222878,93,133,3164,329,1407,0,94,0,909,7768825,2854,0,486,12,7,8,1551,18,13,1564,4,4,2,12
2400.46,1624904376484,50.009508317,1,0,0,10,25,1288,15,1451,9,0,0,0,4,57,6427690,0,46,9,154,14487,2238575,21232,1312,2,196291,142115,62329,63230,24269,12956,24325,12726,77,1097,1097,37,44064,21039,22570355,2245,86,431,2834,4448633,4448529,116,132,84,98,176,6427531,4222174,94,135,3184,329,1403,0,97,0,912,8043007,2873,0,470,12,7,8,1572,18,13,1585,4,4,2,12
2450.47,1624904433632,50.008680987,1,0,0,6,22,2565,16,2787,12,0,0,0,26,51,6525524,0,39,12,160,19205,2355060,20372,2621,1,193146,139744,59061,59650,20813,11314,20816,10899,80,1099,1099,37,38083,17789,23198399,2249,78,425,2828,4423214,4423109,122,138,77,90,168,6525165,4202986,94,129,3006,317,1162,0,92,0,925,8258681,2836,0,452,6,11,5,2830,15,15,2845,2,3,2,6
2500.48,1624904490112,50.011685116,1,0,0,10,26,1288,16,1455,10,0,0,0,37,63,6517579,0,25,9,160,18437,2340172,21543,1312,2,195841,141864,61528,62356,23955,13357,24017,12820,80,1096,1096,37,43618,20836,23153907,2242,77,426,2835,4435929,4435823,120,136,76,90,168,6517335,4210646,94,127,3166,333,1407,0,89,0,924,8019160,2953,0,476,12,11,12,1560,18,13,1573,4,5,2,12
2550.49,1624904547454,50.009256982,1,0,0,10,25,1288,15,1458,9,0,0,0,58,58,6506532,0,25,9,156,14181,2319170,20887,1312,2,194696,140965,60155,60913,23857,13543,23894,13072,78,1085,1085,33,42867,20715,23030032,2228,76,425,2836,4441507,4441414,118,134,74,87,164,6506354,4219160,93,125,3152,336,1403,0,86,0,914,8233276,2995,0,497,13,7,8,1556,18,13,1569,4,4,2,12
2600.5,1624904604458,50.008569524,1,0,0,10,25,1288,15,1443,9,0,0,0,18,64,6608036,0,33,9,156,18621,2387401,20735,1311,2,192485,138897,58345,59237,21510,11688,23604,13481,78,1087,1087,33,40303,18419,23500138,2233,78,422,2830,4471517,4471416,118,134,77,90,168,6607637,4251861,93,129,3140,330,1384,0,89,0,913,8270165,2816,0,470,12,7,8,1560,18,13,1573,4,4,2,12
2650.51,1624904661471,50.009086215,1,0,0,9,22,1288,13,1424,9,0,0,0,40,55,6429399,0,35,9,148,10139,2242597,20781,1310,2,193121,139652,56541,57426,20701,11023,20762,10615,74,1135,1136,60,37512,17721,22530508,2274,74,428,2831,4436258,4436164,118,133,72,85,162,6429272,4218694,94,124,3031,323,1187,11,84,2,954,8096448,2914,0,459,9,10,8,1538,15,13,1551,3,4,2,9
2700.52,1624904718497,50.009197276,1,0,0,9,21,1288,12,1455,8,0,0,0,20,100,6415131,0,35,9,142,21199,2237213,21151,1311,2,196182,142057,61821,62654,24125,13709,24171,13513,71,1098,1099,37,43883,20923,22511693,2247,81,429,2834,4435648,4435541,114,131,80,94,172,6414918,4209524,94,131,3173,329,1401,0,93,0,915,8045923,2897,0,455,9,6,4,1559,18,13,1572,3,3,2,9
2750.53,1624904775406,50.009068963,1,0,0,10,25,1288,15,1456,9,0,0,0,28,85,6167988,0,25,9,154,20401,2016037,20514,1311,2,195000,141249,61444,62458,23981,13075,24130,13041,77,1090,1090,37,43636,20831,21176678,2231,77,424,2834,4402189,4402086,116,132,76,93,168,6167799,4177570,94,127,3152,329,1411,0,90,0,921,7653961,2909,0,476,12,7,8,1556,18,13,1569,4,4,2,12
2800.54,1624904831643,50.008667419,1,0,0,10,25,1288,15,1452,9,0,0,0,12,69,6301420,0,29,9,156,11305,2144605,20741,1310,2,195655,141681,61574,62112,23998,13706,24004,13545,78,1097,1097,37,43644,20840,21947680,2245,77,424,2835,4408553,4408440,118,134,76,89,168,6300987,4183145,94,127,3172,334,1405,0,89,0,924,7930563,2865,0,490,12,7,8,1552,18,13,1565,4,4,2,12
2850.55,1624904888507,50.011638326,1,0,0,10,25,1288,15,1422,9,0,0,0,30,67,6507033,0,29,9,156,17311,2325964,20653,1311,2,191954,138821,56439,57343,20655,11151,20698,10836,78,1087,1087,33,37352,17660,23040364,2233,76,424,2830,4424989,4424894,118,132,76,88,164,6506842,4208646,93,127,2988,323,1167,0,88,0,920,8333549,2846,0,472,12,7,8,1524,15,13,1537,4,4,2,12
2900.56,1624904945530,50.008569977,1,0,0,6,22,2565,16,2802,12,0,0,0,56,47,6719163,0,35,12,160,21918,2539286,21956,2622,1,195313,141451,63192,63781,24355,13838,24346,13356,80,1131,1132,60,43669,21082,24353986,2265,83,426,5408,4441952,4441840,122,137,83,95,174,6718819,4213825,94,134,3206,340,1434,11,95,2,949,8605451,3056,0,522,6,11,5,2855,18,15,2870,2,3,2,6
2950.57,1624905002821,50.008727931,1,0,0,10,25,1288,15,1450,9,0,0,0,16,74,6266411,0,27,9,156,15832,2114348,21005,1311,2,195062,141170,60505,61078,23938,13832,23958,13734,78,1085,1085,33,43082,20802,21744204,2229,80,428,2835,4402932,4402826,118,134,78,90,168,6266008,4179596,93,129,3153,332,1405,0,90,0,911,7751912,2829,0,481,12,7,8,1563,18,13,1576,4,4,2,12
3000.58,1624905059726,50.009649898,1,0,0,10,25,1288,15,1439,9,0,0,0,16,54,6611107,0,25,9,156,18407,2409987,21361,1310,2,193159,139354,58235,59485,22576,12472,23701,12978,78,1084,1084,33,41359,19517,23580109,2227,75,424,2829,4453866,4453775,118,134,73,89,164,6611053,4233629,93,125,3130,321,1383,0,85,0,913,8343296,2864,0,498,12,7,8,1547,18,13,1560,4,4,2,12
3050.6,1624905116933,50.015643721,1,0,0,10,25,1288,15,1427,9,0,0,0,14,63,6280292,0,31,9,156,12832,2154281,20049,1314,2,192634,139334,57115,58017,20672,11309,20716,11025,78,1093,1093,37,37878,17680,21880182,2236,75,424,2828,4376508,4376415,118,135,74,86,164,6280039,4158302,94,125,2990,316,1163,0,86,0,919,7696258,2821,0,459,12,7,8,1532,15,13,1545,4,4,2,12
3100.61,1624905173577,50.009104117,1,0,0,6,17,1285,11,1438,7,0,0,0,4,82,6443885,0,31,7,140,7695,2285782,20871,1312,1,194898,141095,61247,62086,23969,13486,24025,13293,70,1091,1091,37,43659,20829,22771132,2233,78,422,2834,4415028,4414928,112,128,76,91,168,6443698,4190695,94,127,3155,329,1403,0,91,0,920,7989283,2792,0,474,6,6,5,1559,17,10,1569,2,3,2,6
3150.62,1624905230919,50.008586036,1,0,0,9,22,1288,13,1447,9,0,0,0,14,97,6424305,0,43,9,148,21177,2213693,20843,1311,2,196112,142007,62695,63135,24349,12956,24336,13135,74,1147,1148,64,44205,21068,22444842,2291,81,426,2837,4468852,4468738,118,134,81,94,174,6423907,4241780,95,132,3234,338,1434,11,94,2,955,7881003,2928,0,484,9,10,8,1549,18,13,1562,3,4,2,9
3200.63,1624905288138,50.009586505,1,0,0,10,25,1288,15,1432,9,0,0,0,10,44,6317396,0,40,9,156,22818,2167450,20114,1311,2,192956,139460,55923,56765,20488,10739,20579,10269,78,1090,1090,33,37134,17574,22034501,2239,73,431,2830,4400087,4399998,118,134,71,83,160,6317222,4182428,93,123,3003,325,1162,0,83,0,922,7961234,2726,0,448,12,7,8,1540,15,13,1553,4,4,2,12
3250.64,1624905345424,50.008958752,1,0,0,10,25,1288,15,1444,9,0,0,0,42,55,6698725,0,25,9,156,7656,2497005,20818,1311,2,191722,138641,55875,56676,20547,10957,20586,10552,78,1084,1084,33,37147,17559,24064539,2227,72,424,2830,4449784,4449694,118,134,71,83,160,6698599,4233878,93,123,2982,323,1162,0,83,0,916,8590373,2882,0,469,12,7,8,1532,15,13,1545,4,4,2,12
3300.65,1624905402816,50.009311133,1,0,0,9,22,1288,13,1446,9,0,0,0,4,67,6334458,0,31,9,148,12076,2176879,20893,1311,2,195196,141220,60435,61294,23944,13422,24004,13135,74,1087,1087,33,43080,20808,22125942,2233,80,424,2835,4413511,4413406,118,134,78,90,168,6334200,4189724,93,129,3157,332,1401,0,90,0,910,7927089,2867,0,487,12,10,8,1564,18,13,1577,8,4,2,12
3350.66,1624905460091,50.008545299,1,0,0,10,23,1289,13,1439,8,0,0,0,48,46,6703666,0,33,9,148,12251,2542696,21352,1311,2,194453,140749,59951,60329,23814,13577,23824,13292,74,1080,1080,33,42873,20707,24303540,2219,75,424,2835,4416588,4416491,116,130,74,86,164,6703236,4194197,93,125,3147,332,1402,0,86,0,916,8221807,2964,0,501,8,6,5,1566,18,14,1580,3,4,3,7
3400.67,1624905517492,50.009295397,1,0,0,9,22,1288,13,1451,8,0,0,0,4,59,6388267,0,33,9,148,11754,2204643,20995,1312,2,191948,138858,58506,59379,21085,11193,21154,10930,74,1091,1091,37,38500,17962,22329904,2232,87,421,2828,4431676,4431572,116,129,85,100,176,6388103,4212432,94,137,2991,316,1164,0,99,0,911,7996795,2831,0,465,9,6,5,1542,14,10,1552,9,2,1,11
3450.68,1624905574836,50.008780448,1,0,0,9,22,1288,13,1434,8,0,0,0,2,58,6424779,0,31,9,148,15689,2242789,21307,1311,2,193190,139899,61985,62610,24179,13928,24205,13419,74,1126,1127,64,44023,21022,22586317,2248,78,420,2836,4436719,4436620,116,132,77,91,170,6424592,4212912,95,128,3177,333,1431,11,91,2,947,8099317,2849,0,477,10,6,5,1564,17,10,1574,10,3,2,13
3500.69,1624905631513,50.009243438,1,0,0,9,22,1288,13,1447,8,0,0,0,28,54,6359888,0,31,9,146,12434,2215826,20448,1313,2,193288,139946,59419,60622,23584,13793,23696,13387,73,1087,1087,37,42747,20567,22326440,2225,74,420,2835,4395186,4395074,114,127,72,90,159,6359711,4173557,90,122,3149,332,1407,0,85,0,916,7865896,2856,0,488,9,6,5,1566,17,10,1576,9,3,2,12
3550.7,1624905688994,50.009160388,1,0,0,6,22,2565,16,2775,12,0,0,0,0,62,6390890,0,31,12,160,12906,2214789,20570,2621,1,191624,138516,57265,58228,20500,11524,20608,11025,80,1090,1090,33,37121,17548,22370777,2238,72,422,2830,4422575,4422486,122,138,71,87,160,6390730,4205460,93,123,2995,323,1168,0,83,0,913,7961882,2795,0,461,4,11,5,2827,15,15,2842,2,3,2,4
3600.71,1624905746397,50.008775646,1,0,0,9,22,1288,13,1452,9,0,0,0,68,88,6483517,0,35,9,146,10450,2313181,20870,1310,2,195664,141686,60593,61246,23989,13327,23985,13230,73,1096,1096,33,43098,20780,22962518,2250,79,427,2836,4426325,4426219,116,133,78,90,168,6483129,4202946,93,129,3180,336,1407,0,90,0,917,7983308,3055,0,520,12,10,8,1567,18,13,1580,9,3,1,11
3650.72,1624905803139,50.009194853,1,0,0,9,22,1288,13,1450,8,0,0,0,72,87,6399999,0,25,9,148,18370,2247762,21187,1311,2,195212,141350,60064,60955,23836,13891,23929,13702,74,1085,1085,33,42897,20738,22541912,2228,76,427,2835,4403696,4403596,116,132,74,91,164,6399826,4180651,93,125,3149,332,1402,0,87,0,908,7914042,3061,0,527,10,6,5,1567,17,10,1577,10,3,2,13
3700.73,1624905859613,50.009278745,1,0,0,9,22,1288,13,1439,8,0,0,0,38,88,6430845,0,31,9,146,15634,2264723,20550,1311,2,194084,140503,60708,61462,25014,14397,24136,13419,73,1122,1123,60,43336,21842,22682832,2247,77,424,2836,4418801,4418705,114,129,75,87,166,6430664,4195509,94,126,3177,333,1425,11,87,2,945,8057383,2943,0,508,10,6,5,1557,17,10,1567,10,4,3,14
3750.74,1624905916326,50.009016158,1,0,0,9,22,1288,13,1437,8,0,0,0,18,62,6233673,0,31,9,148,19216,2093216,20333,1310,2,192117,139001,57685,58418,20832,11185,20821,10836,74,1090,1090,37,38137,17777,21546411,2230,79,426,2828,4390000,4389904,116,132,77,91,168,6233542,4171374,94,129,2989,317,1178,0,90,0,922,7755666,2809,0,473,8,6,5,1530,14,10,1540,8,3,2,10
3800.75,1624905973092,50.009398697,1,0,0,10,23,1289,13,1446,8,0,0,0,72,86,6623401,0,34,9,148,19014,2441520,21443,1312,2,194533,141254,59251,59746,22346,11875,20955,10647,74,1097,1097,37,39971,19301,23734672,2245,76,427,2835,4435188,4435096,116,132,74,89,164,6623211,4214167,94,125,3020,331,1191,0,87,0,918,8145516,3020,0,504,9,6,5,1544,15,14,1558,9,3,2,12
3850.76,1624906029621,50.009366897,1,0,0,9,22,1288,13,1441,8,0,0,0,46,73,6244733,0,35,9,148,15469,2101623,20793,1311,2,196381,142249,61602,62612,24011,13547,24139,13608,74,1103,1103,37,43663,20823,21616990,2257,77,427,2836,4402293,4402200,116,129,76,92,168,6244613,4176031,94,127,3186,336,1410,0,89,0,924,7477728,2966,0,515,10,6,5,1566,17,10,1576,10,3,2,13
3900.77,1624906086418,50.008866065,1,0,0,9,22,1288,13,1435,8,0,0,0,50,65,6633758,0,25,9,148,21087,2425583,21422,1312,2,195332,141409,60134,60855,23826,13829,23840,13545,74,1087,1088,33,42918,20722,23716641,2232,75,426,2836,4459575,4459475,116,132,74,88,164,6633368,4236059,93,125,3163,336,1407,0,87,0,918,8047476,2980,0,511,10,6,5,1559,17,10,1569,10,3,2,13
3950.78,1624906143712,50.013519657,1,0,0,9,23,1288,14,1450,9,0,0,0,62,91,6736613,0,33,9,152,12149,2540791,20936,1312,2,192213,139008,57536,58898,20957,10902,21941,12127,76,1125,1126,60,37897,17909,24310686,2255,79,425,2831,4445553,4445427,118,134,76,91,166,6736396,4227996,94,128,3019,323,1196,11,88,2,946,8447568,2948,0,517,9,10,9,1543,14,10,1553,9,4,2,13
4000.79,1624906200679,50.008958734,1,0,0,6,22,2565,16,2792,12,0,0,0,12,65,6466066,0,46,12,160,6303,2299228,20402,2622,1,191500,138442,57663,58435,20650,11406,20711,10993,80,1086,1086,33,37378,17653,22820252,2231,75,428,2829,4415973,4415871,122,136,75,87,164,6465877,4198881,93,127,3001,319,1164,0,87,0,914,8187683,2787,0,465,8,11,5,2843,15,15,2858,8,3,2,11
4050.8,1624906257798,50.008762816,1,0,0,9,22,1288,13,1468,8,0,0,0,40,69,6516226,0,33,9,148,13958,2334788,20934,1311,2,195710,141756,61808,62543,24135,13267,24188,12946,74,1095,1095,37,43863,20917,23118991,2241,80,425,2834,4436487,4436379,116,132,80,95,172,6515874,4211279,94,131,3164,329,1403,0,93,0,923,8274198,2921,0,510,9,6,5,1555,17,10,1565,9,3,2,11
4100.81,1624906314542,50.009266937,1,0,0,9,22,1288,13,1445,8,0,0,0,30,59,6480703,0,29,9,148,15382,2320725,21471,1309,2,195819,141827,61888,62849,24144,13583,24259,13356,74,1094,1094,37,43882,20942,22999691,2239,82,426,2835,4415577,4415477,116,132,80,97,172,6480523,4190074,94,131,3164,333,1413,0,93,0,925,8209048,2921,0,491,10,6,5,1545,17,10,1555,10,3,2,13
4150.82,1624906371670,50.010403582,1,0,0,9,22,1288,13,1428,8,0,0,0,99,39,6698272,0,25,9,148,11356,2525961,22055,1311,2,192498,139410,57170,57812,20651,10741,20675,10458,74,1088,1088,37,37908,17678,24199114,2227,74,427,2829,4421314,4421222,116,130,73,87,164,6698179,4204096,94,125,2979,320,1171,0,86,0,919,8536375,3111,0,502,10,6,5,1535,14,10,1545,10,4,3,14
4200.83,1624906428141,50.008925559,1,0,0,9,22,1288,13,1445,8,0,0,0,34,61,6412361,0,30,9,148,22141,2263900,20596,1313,2,192744,139397,56859,57514,20767,10841,20785,10678,74,1086,1086,33,37539,17732,22596086,2231,80,425,2830,4399206,4399109,116,132,79,91,168,6412179,4181971,93,131,2993,323,1173,0,91,0,915,8091456,2893,0,471,8,6,5,1546,14,10,1556,8,3,2,10
4250.84,1624906485013,50.009173031,1,0,0,10,23,1289,13,1437,8,0,0,0,18,53,6461617,0,37,9,148,10149,2289300,20555,1312,2,195790,141691,60725,61568,24026,13703,24084,13608,74,1135,1136,60,43348,20900,22808128,2274,77,431,2837,4428640,4428549,116,131,75,87,166,6461474,4204340,94,126,3206,336,1435,11,87,2,952,8119406,2828,0,484,9,6,5,1567,18,14,1581,9,3,2,12
4300.85,1624906542228,50.009070120,1,0,0,10,25,1288,15,1443,9,0,0,0,36,53,6579298,0,37,9,156,18207,2425007,21490,1312,2,195419,141479,61068,61862,26137,15442,24150,12978,78,1090,1090,33,43423,22940,23617361,2239,85,426,2836,4411674,4411570,118,134,82,95,172,6579138,4187458,93,133,3167,332,1411,0,95,0,921,8395362,2931,0,497,12,7,8,1577,18,13,1590,4,4,2,12
4350.86,1624906599333,50.009326187,1,0,0,10,25,1288,15,1421,9,0,0,0,32,60,6266879,0,25,9,156,24332,2100247,20267,1311,2,192712,139442,57184,58048,20657,10928,20718,10520,78,1088,1088,37,37896,17663,21644840,2226,74,424,2828,4417145,4417048,118,133,73,86,164,6266686,4198841,94,125,2977,316,1166,0,86,0,918,7830701,2859,0,486,12,7,8,1521,15,13,1534,4,4,2,12
4400.87,1624906656625,50.009175243,1,0,0,9,22,1288,13,1448,9,0,0,0,10,58,6333526,0,28,9,148,20968,2212835,20868,1311,2,195438,141537,61373,62207,23979,13011,24023,12914,74,1093,1093,37,43630,20828,22291648,2236,78,424,2834,4375970,4375871,118,132,76,89,168,6333347,4150797,94,127,3159,331,1413,0,89,0,920,7955637,2826,0,460,10,10,8,1560,18,13,1573,3,4,2,9
4450.88,1624906713479,50.009174848,1,0,0,6,17,1285,11,1448,7,0,0,0,4,55,6351878,0,32,7,138,18046,2182843,20861,1314,1,195545,141623,62467,63228,24308,13493,24364,13167,69,1098,1098,37,44098,21044,22200300,2247,86,424,5405,4428174,4428064,110,126,84,99,176,6351648,4199558,94,135,3180,334,1419,0,98,0,924,7915244,2859,0,458,6,6,5,1556,17,10,1566,2,3,2,6
4500.89,1624906770263,50.009469512,1,0,0,10,26,1288,16,1442,10,0,0,0,50,59,6713238,0,37,9,158,18786,2514710,21900,1311,2,195356,141522,61165,62452,23864,13392,24186,13135,79,1140,1141,64,43388,20692,24221843,2277,78,427,2832,4455474,4455377,118,134,76,90,170,6713052,4230964,95,128,3188,329,1416,11,90,2,959,8570843,3075,0,516,12,11,12,1560,18,13,1573,4,5,2,11
4550.9,1624906827073,50.011717574,1,0,0,9,22,1288,13,1435,8,0,0,0,13,63,6321269,0,35,9,146,16960,2161622,20321,1311,2,192747,139368,56891,57542,20793,11154,20854,10773,73,1094,1094,33,37523,17736,22014587,2246,79,424,2830,4409038,4408934,114,131,79,92,168,6321001,4191293,93,131,3006,323,1168,0,91,0,915,7962792,2795,0,465,9,6,5,1541,14,10,1551,9,2,1,11
4600.91,1624906883969,50.009179812,1,0,0,9,22,1288,13,1443,8,0,0,0,6,58,6430987,0,26,9,148,22670,2263328,20871,1311,2,195544,141494,60064,60865,23819,13668,23877,13292,74,1088,1088,33,42921,20724,22696604,2235,76,425,2835,4420274,4420177,116,133,74,87,164,6430785,4196760,93,125,3156,332,1409,0,86,0,914,8096624,2850,0,493,9,6,5,1563,17,10,1573,9,3,2,12
4650.92,1624906940826,50.009213387,1,0,0,6,17,1285,11,1440,7,0,0,0,22,55,6349891,0,27,7,138,18729,2212647,20196,1312,1,195920,141780,60030,60880,23807,13543,23860,13356,69,1089,1089,33,42930,20707,22317411,2237,75,426,2835,4393135,4393037,110,128,74,86,164,6349751,4169204,93,125,3159,332,1407,0,86,0,920,7993315,2819,0,475,7,6,5,1555,17,10,1565,7,3,2,9
4700.93,1624906997709,50.010236362,1,0,0,9,22,1288,13,1442,8,0,0,0,43,62,6523341,0,33,9,148,12184,2366757,21099,1310,2,194205,140715,61873,62489,24152,13738,24163,13229,74,1089,1089,37,43854,20900,23237670,2228,80,422,2834,4411798,4411687,116,132,80,94,172,6523001,4187886,94,131,3153,330,1410,0,94,0,913,8211208,2948,0,503,8,6,5,1563,17,10,1573,8,3,2,10
4750.94,1624907054452,50.008680206,1,0,0,9,22,1288,13,1450,8,0,0,0,12,66,6290669,0,41,9,148,15428,2161894,21004,1311,2,191979,138922,59398,59992,21323,10692,21323,10552,74,1138,1139,64,38862,18128,21973175,2273,87,422,2831,4378255,4378129,116,131,86,101,178,6290287,4158552,95,138,3045,324,1204,11,99,2,955,7903460,2873,0,472,10,6,5,1540,14,10,1550,10,3,2,13
4800.95,1624907111480,50.009146550,1,0,0,9,22,1288,13,1444,8,0,0,0,14,40,6460771,0,36,9,148,23409,2279465,20888,1311,2,195497,141596,61461,62257,23982,13672,24046,13387,74,1094,1094,37,43638,20827,22817838,2239,78,429,2835,4438928,4438835,116,132,76,89,168,6460646,4213817,94,127,3173,333,1416,0,89,0,919,8116709,2822,0,479,10,6,5,1555,17,10,1565,10,3,2,13
4850.96,1624907167826,50.009270507,1,0,0,9,23,1288,14,1436,9,0,0,0,22,58,6476671,0,25,9,152,10251,2331747,21146,1312,2,195040,141150,60102,60994,23814,13229,23881,13198,76,1089,1089,33,42925,20719,23008377,2236,76,424,2836,4400857,4400764,118,134,74,86,164,6476550,4177726,93,125,3162,336,1408,0,86,0,915,8169770,2907,0,498,9,10,9,1566,17,10,1576,9,4,2,13
4900.97,1624907224738,50.009399682,1,0,0,6,17,1285,11,1426,7,0,0,0,84,73,6338188,0,31,7,140,23523,2189802,21252,1311,1,193813,139947,58914,59958,22786,12948,23797,13104,70,1090,1090,33,41647,19679,22180571,2237,78,427,5400,4405880,4405784,112,130,77,90,168,6337993,4182119,93,129,3146,324,1375,0,90,0,913,7945445,3038,0,504,8,6,5,1558,17,10,1568,8,3,2,11
4950.98,1624907281548,50.008609771,1,0,0,9,22,1288,13,1419,8,0,0,0,98,52,6440427,0,31,9,148,13450,2289316,20777,1312,2,192512,139311,55834,56494,20472,11273,20492,10930,74,1087,1087,33,37099,17533,22737074,2232,72,428,2829,4399991,4399888,116,132,71,83,160,6440042,4183792,93,123,2987,319,1165,0,83,0,914,8164601,3027,0,481,9,6,5,1552,14,10,1562,9,3,2,12
5000.99,1624907338047,50.011574256,1,0,0,9,22,1288,13,1469,8,0,0,0,39,66,6507229,0,40,9,148,14846,2326839,21366,1312,2,194796,141122,62356,63158,24300,13304,24353,13040,74,1091,1091,37,44095,21036,23030138,2233,85,423,2834,4437741,4437622,116,133,84,98,176,6506951,4212865,94,135,3171,331,1417,0,98,0,916,8185995,2909,0,490,11,6,5,1551,17,10,1561,10,3,2,13
5051,1624907394991,50.010627586,1,0,0,9,22,1288,13,1454,8,0,0,0,71,68,6524730,0,26,9,148,15493,2353546,21786,1315,2,196317,142235,61490,62365,23994,13674,24068,13418,74,1093,1093,37,43656,20854,23184442,2236,77,433,2835,4428578,4428479,116,132,76,90,168,6524596,4203073,94,127,3161,333,1405,0,89,0,924,8229695,3056,0,514,10,6,5,1556,17,10,1566,10,4,3,14
5101.01,1624907452490,50.012775911,1,0,0,6,17,1285,11,1420,7,0,0,0,26,61,6420781,0,25,7,140,6345,2234004,20594,1311,1,193283,139547,59185,60488,21582,11750,23698,13639,70,1090,1090,37,40897,18487,22509530,2228,77,423,2828,4438065,4437966,112,128,76,90,168,6420624,4216538,94,127,3138,323,1389,0,89,0,921,8115723,2799,0,474,8,6,5,1558,17,10,1568,8,3,2,11
5151.02,1624907508968,50.009155484,1,0,0,9,22,1288,13,1431,8,0,0,0,46,54,6563360,0,33,9,148,12703,2399778,20695,1312,2,191693,138662,56924,57901,20806,10746,20922,10457,74,1088,1088,33,37546,17749,23427267,2234,81,423,2830,4413585,4413482,116,133,79,92,168,6563174,4197174,93,131,2992,323,1163,0,91,0,913,8366633,2882,0,498,8,6,5,1538,14,12,1550,8,3,2,10
5201.03,1624907565207,50.009061050,1,0,0,9,22,1288,13,1461,8,0,0,0,16,102,6282048,0,31,9,148,23842,2095344,20713,1312,2,196152,141943,60978,61864,24088,13521,24134,13167,74,1095,1095,33,43304,20896,21721162,2247,83,426,2835,4442293,4442191,116,133,82,95,172,6281888,4217515,93,133,3173,332,1400,0,94,0,914,7861889,2833,0,479,10,6,5,1563,17,10,1573,10,3,2,13
5251.04,1624907622588,50.008661456,1,0,0,9,22,1288,13,1446,8,0,0,0,30,60,6312432,0,33,9,148,18597,2150558,21062,1311,2,195492,141498,60542,61084,23931,13139,23935,12820,74,1092,1092,33,43087,20784,21990390,2242,79,426,2835,4417303,4417191,116,133,78,91,168,6312048,4193655,93,129,3177,332,1414,0,91,0,908,7879361,2916,0,489,10,6,5,1554,17,10,1564,10,3,2,13
5301.05,1624907680008,50.009479035,1,0,0,9,23,1288,14,1432,9,0,0,0,2,94,6455141,0,31,9,152,13626,2256480,20769,1311,2,193637,140066,57890,58829,20874,10745,20940,10709,76,1140,1141,64,38250,17843,22648402,2275,76,431,2830,4450058,4449964,118,134,74,87,166,6454903,4229884,95,126,3030,320,1191,11,87,2,955,8166786,2806,0,448,9,10,9,1528,14,10,1538,9,4,2,12
5351.06,1624907737065,50.010772963,1,0,0,6,17,1285,11,1432,7,0,0,0,41,95,6632575,0,27,7,140,7593,2465995,21223,1312,1,192796,139527,57273,57700,20639,10645,20664,10300,70,1095,1095,37,37836,17651,23810755,2241,74,425,5399,4418784,4418666,112,128,73,87,164,6631825,4197655,94,125,2997,320,1172,0,86,0,921,8486000,2907,0,479,9,6,5,1537,14,10,1547,9,3,2,12
5401.07,1624907794157,50.011763674,1,0,0,9,22,1288,13,1449,8,0,0,0,15,64,6503364,0,33,9,150,17260,2330501,21044,1311,2,195578,141579,61271,62207,23987,13426,24134,13513,75,1101,1101,37,43523,20863,23065347,2253,81,425,2835,4429055,4428945,118,135,80,97,170,6503105,4203801,92,131,3182,334,1411,0,95,0,919,8245753,2850,0,491,10,6,5,1555,17,10,1565,10,3,2,13
5451.08,1624907850500,50.008830439,1,0,0,10,26,1288,16,1461,9,0,0,0,26,62,6637553,0,37,9,158,21243,2448444,21491,1311,2,195916,141929,61747,62162,24080,13457,24110,13072,79,1097,1097,35,43392,20886,23811270,2247,83,425,2836,4448031,4447925,116,132,82,94,173,6637194,4221649,93,133,3178,336,1408,0,94,0,920,8471993,2912,0,476,9,7,9,1571,17,10,1581,7,5,3,12
5501.09,1624907907571,50.008692045,1,0,0,10,25,1288,15,1429,9,0,0,0,22,55,6524207,0,27,9,154,19054,2326699,20377,1313,2,192645,139281,56498,57096,20678,10709,20683,10521,77,1090,1090,33,37327,17657,23046244,2238,76,424,2830,4448380,4448273,116,132,75,88,164,6523734,4230741,93,127,2998,323,1166,0,87,0,917,8268321,2770,0,450,12,7,8,1528,15,13,1541,4,4,2,11
5551.1,1624907964446,50.009172911,1,0,0,6,22,2565,16,2788,12,0,0,0,56,61,6305369,0,31,12,160,18273,2166680,20015,2625,1,192984,139582,57912,58769,20710,10551,20757,10300,80,1130,1131,60,37503,17729,21999046,2265,74,429,2831,4391155,4391058,122,138,72,84,162,6305176,4172467,94,124,3020,323,1183,11,84,2,947,8002824,2955,0,465,8,11,5,2832,15,15,2847,8,3,2,11
5601.11,1624908021572,50.009321826,1,0,0,9,22,1288,13,1451,8,0,0,0,48,63,6357550,0,47,9,148,22582,2210383,20893,1312,2,195912,141814,60562,61395,23945,13643,24002,13293,74,1091,1091,33,43123,20819,22304992,2238,80,431,2835,4403296,4403195,116,132,78,90,168,6357473,4179475,93,129,3175,331,1399,0,90,0,915,7958980,2960,0,490,9,6,5,1548,17,10,1558,9,3,2,11
5651.12,1624908078530,50.008702708,1,0,0,9,22,1288,13,1452,8,0,0,0,24,57,6615594,0,28,9,150,16043,2454032,20943,1313,2,195268,141401,61377,61978,23969,13578,24016,13198,75,1091,1091,37,43626,20836,23773693,2233,77,424,2834,4417095,4416985,118,134,76,90,168,6615233,4192339,94,127,3155,330,1402,0,89,0,923,8466725,2890,0,499,10,6,5,1564,17,10,1574,10,3,2,13
5701.13,1624908135796,50.008635225,1,0,0,9,22,1288,13,1447,8,0,0,0,68,52,6368034,0,25,9,148,22705,2242441,20674,1311,2,193554,140100,57287,57747,20718,10993,20736,10930,74,1096,1096,37,37837,17671,22418153,2243,74,428,2829,4373069,4372973,116,131,73,87,164,6367599,4154445,94,125,2993,320,1164,0,87,0,926,8032393,2976,0,495,10,6,5,1539,14,10,1549,10,4,3,14
5751.14,1624908192833,50.009015437,1,0,0,9,22,1288,13,1435,8,0,0,0,80,61,6461036,0,25,9,148,8367,2317422,21030,1312,2,194428,141193,59363,59784,22821,12504,21026,10836,74,1093,1093,37,40327,19729,22900788,2237,76,426,2835,4397763,4397663,116,132,74,88,164,6460801,4177024,94,125,3007,328,1188,0,87,0,917,8198316,2987,0,489,9,6,5,1520,14,10,1530,8,3,2,10
5801.15,1624908249616,50.009276068,1,0,0,10,23,1289,13,1446,8,0,0,0,16,80,6088740,0,32,9,148,22899,1964723,20038,1312,2,195005,141123,61287,62089,24193,13236,24251,13293,74,1133,1134,60,43486,20989,20779758,2270,80,424,2838,4381018,4380923,116,131,79,91,170,6088619,4156944,94,130,3207,341,1434,11,91,2,950,7579045,2850,0,475,9,6,5,1563,18,14,1577,9,3,2,12
5851.16,1624908306196,50.009088028,1,0,0,9,22,1288,13,1441,8,0,0,0,30,53,6426899,0,25,9,148,9424,2275402,20795,1311,2,194313,140627,59942,60748,23833,13766,23888,13419,74,1081,1081,33,42907,20721,22668658,2219,75,429,2835,4406024,4405928,116,132,74,86,164,6426775,4184011,93,125,3141,332,1400,0,86,0,914,8103350,2905,0,499,10,6,5,1544,17,10,1554,10,3,2,13
5901.17,1624908363087,50.009233457,1,0,0,9,22,1288,13,1421,8,0,0,0,6,58,6339796,0,31,9,148,9056,2198099,20356,1312,2,190180,137457,55730,56649,20518,11052,20599,11056,74,1077,1077,33,37195,17577,22161445,2213,72,419,2829,4387792,4387695,116,132,71,86,160,6339604,4173322,93,123,2969,319,1159,0,83,0,903,8019399,2741,0,475,10,6,5,1545,14,10,1555,10,3,2,13
5951.18,1624908419722,50.008806593,1,0,0,9,23,1288,14,1452,9,0,0,0,18,67,6271305,0,31,9,152,14388,2134821,20669,1312,2,193286,140260,59465,59699,22360,11817,21042,10552,76,1086,1086,37,39997,19237,21804537,2222,78,421,2834,4389688,4389581,118,130,78,91,168,6270910,4169666,94,129,2992,324,1180,0,92,0,919,7874290,2797,0,470,9,10,9,1546,14,10,1556,9,4,2,13
6001.19,1624908476995,50.009421529,1,0,0,6,22,2565,16,2791,12,0,0,0,36,96,6418333,0,25,12,160,10582,2258354,21364,2622,1,193827,140421,62866,63743,24021,13640,24080,13261,80,1085,1085,37,43706,20865,22617017,2221,78,421,2835,4415110,4415015,122,137,76,89,168,6418120,4190341,94,127,3146,333,1408,0,89,0,915,8060430,2983,0,514,8,11,5,2856,18,15,2871,8,3,2,11
6051.2,1624908533939,50.008944152,1,0,0,9,22,1288,13,1461,8,0,0,0,60,58,6504794,0,29,9,148,24842,2342108,21380,1312,2,195936,141978,62470,63124,24298,13808,24322,13576,74,1093,1093,37,44078,21033,23142222,2235,85,426,2835,4420969,4420868,116,132,84,97,176,6504678,4195239,94,135,3168,333,1410,0,97,0,928,8240548,3028,0,518,9,6,5,1557,17,10,1567,9,3,2,11
6101.21,1624908590762,50.009129762,1,0,0,9,22,1288,13,1424,8,0,0,0,32,55,6576103,0,40,9,148,19834,2352605,21286,1311,2,193140,139642,56601,57353,20726,11403,20787,11056,74,1137,1138,60,37577,17756,23297893,2279,74,432,2831,4471434,4471337,116,133,72,84,162,6575893,4253635,94,124,3043,324,1187,11,84,2,950,8346559,2923,0,483,10,6,5,1540,14,10,1550,10,3,2,13
6151.22,1624908647142,50.009111427,1,0,0,9,22,1288,13,1466,8,0,0,0,0,70,6175609,0,25,9,148,19501,2042202,20286,1311,2,193212,140052,57396,57849,21704,11745,20847,10899,74,1083,1083,33,38603,18698,21257796,2225,74,421,2834,4382040,4381945,116,132,72,83,160,6175423,4163878,93,123,2997,327,1189,0,84,0,908,7771840,2779,0,458,10,6,5,1542,14,10,1552,10,3,2,13
6201.23,1624908704345,50.009322868,1,0,0,9,22,1288,13,1445,8,0,0,0,40,83,6413255,0,27,9,148,21634,2245473,21301,1311,2,195156,141249,60027,60855,23808,13670,23852,12978,74,1086,1086,33,42937,20718,22563150,2231,76,426,2835,4421370,4421278,116,132,74,88,164,6413103,4198371,93,125,3153,334,1403,0,87,0,909,8081947,2907,0,492,8,6,5,1555,17,10,1565,8,3,2,10
6251.24,1624908760974,50.008810136,1,0,0,10,23,1289,13,1433,8,0,0,0,0,47,6479585,0,25,9,148,12095,2269430,20763,1310,2,195507,141412,60293,61058,23906,13546,23947,13387,74,1097,1097,35,43341,20779,22791475,2249,76,425,2835,4465294,4465188,116,133,75,91,165,6479208,4241771,94,127,3171,332,1405,0,88,0,918,8148015,2810,0,463,9,6,5,1554,18,14,1568,9,3,2,12
6301.25,1624908818229,50.008764939,1,0,0,9,22,1288,13,1426,8,0,0,0,16,47,6860902,0,25,9,148,12756,2654658,21550,1312,2,192006,138937,57684,58309,20815,11563,20831,11371,74,1090,1090,37,38128,17778,25047309,2231,78,423,2829,4456182,4456079,116,132,77,90,168,6860533,4238220,94,129,2990,320,1178,0,90,0,921,8815703,2833,0,481,10,6,5,1534,14,10,1544,10,3,2,13
6351.26,1624908874776,50.008984716,1,0,0,9,22,1288,13,1462,8,0,0,0,50,71,6593069,0,31,9,148,20798,2387516,21593,1312,2,196357,142266,62152,62932,24254,13487,24287,13009,74,1142,1143,64,44098,21052,23492986,2281,79,429,2837,4463077,4462971,116,132,77,90,170,6592919,4236901,95,128,3211,337,1440,11,90,2,956,8392058,3009,0,511,10,6,5,1566,17,10,1576,10,3,2,13
6401.27,1624908931342,50.008871839,1,0,0,9,23,1288,14,1447,9,0,0,0,42,72,6420919,0,50,9,152,12301,2243212,20844,1311,2,196275,142187,62420,63103,24319,13335,24347,13135,76,1100,1101,37,44077,21039,22556582,2250,85,427,2835,4434225,4434117,118,134,84,97,176,6420570,4208145,94,135,3197,333,1414,0,97,0,918,8046813,2992,0,505,10,10,9,1559,17,10,1569,9,4,2,13
6451.28,1624908988263,50.009304305,1,0,0,6,22,2565,16,2801,12,0,0,0,62,66,6867858,0,26,12,158,18111,2639557,21563,2621,1,194739,140961,60361,61528,25718,15246,23889,13103,79,1083,1083,33,42552,22618,25040152,2225,73,426,2831,4478728,4478628,120,136,73,88,164,6867740,4255910,93,125,3129,325,1383,0,87,0,914,8855186,3007,0,499,5,11,5,2869,18,15,2884,2,3,2,4
6501.29,1624909045675,50.010718489,1,0,0,10,26,1288,16,1449,10,0,0,0,58,52,6780175,0,27,9,162,15110,2573091,21321,1311,2,192124,138966,56249,57003,20699,11465,20726,11056,81,1086,1086,33,37369,17666,24564026,2231,75,425,2829,4453818,4453721,122,138,75,88,164,6780016,4237690,93,127,2980,319,1162,0,88,0,914,8756593,2920,0,483,12,11,12,1529,15,13,1542,4,5,2,12
6551.3,1624909103090,50.008633861,1,0,0,10,25,1288,15,1461,9,0,0,0,36,77,6399987,0,33,9,154,18427,2240981,20839,1311,2,195891,141783,60465,61011,23991,13705,24010,13387,77,1093,1093,33,43112,20819,22462774,2245,79,427,2835,4416385,4416262,116,133,78,90,168,6399567,4192648,93,129,3170,332,1405,0,90,0,913,8011700,2928,0,488,12,7,8,1550,18,13,1563,4,4,2,12
6601.31,1624909160357,50.009160641,1,0,0,10,25,1288,15,1446,9,0,0,0,40,67,6401723,0,31,9,156,23282,2245510,21104,1311,2,195532,141648,62115,62877,24238,13863,24279,13261,78,1134,1135,64,44048,21048,22555931,2264,78,426,2836,4414848,4414748,118,135,77,90,170,6401524,4189271,95,128,3190,334,1433,11,90,2,957,8053968,2927,0,484,12,7,8,1554,18,13,1567,4,4,2,12
6651.32,1624909217575,50.009480395,1,0,0,6,17,1285,11,1427,7,0,0,0,26,62,6532958,0,25,7,140,17534,2358185,20712,1311,1,193109,139674,57877,59214,20787,11433,23416,13513,70,1096,1096,37,38100,17758,23202917,2242,76,428,2829,4427425,4427332,112,129,74,88,167,6532763,4208168,94,126,3010,323,1190,0,86,0,926,8296951,2896,0,485,6,6,5,1538,15,10,1546,2,3,2,6
6701.33,1624909274401,50.008694737,1,0,0,9,22,1288,13,1445,9,0,0,0,22,55,6543429,0,27,9,148,12913,2359345,20905,1316,2,192491,139265,57249,57849,20666,10960,20686,10930,74,1091,1091,37,37851,17645,23216475,2233,74,424,2829,4435718,4435618,118,135,73,86,164,6543133,4217554,94,125,2987,320,1166,0,86,0,919,8315728,2795,0,448,9,8,6,1547,15,13,1560,3,4,2,9
6751.34,1624909331222,50.009306863,1,0,0,10,25,1288,15,1445,9,0,0,0,16,55,6360875,0,26,9,156,13318,2183230,20969,1311,2,195791,141665,60021,60864,23827,13323,23877,12915,78,1090,1090,33,42871,20730,22192864,2239,76,426,2835,4433897,4433802,118,134,74,87,164,6360677,4210295,93,125,3164,333,1403,0,87,0,915,7956449,2920,0,491,12,7,8,1568,18,13,1581,4,4,2,12
6801.35,1624909388771,50.008657655,1,0,0,10,25,1288,15,1447,9,0,0,0,2,54,6357231,0,27,9,156,15135,2161667,20893,1311,2,195275,141276,60004,60550,23857,13700,23851,13293,78,1087,1087,33,42899,20721,22099869,2233,75,424,2835,4450031,4449921,118,135,74,86,164,6356837,4226815,93,125,3155,334,1402,0,86,0,910,7936114,2824,0,476,12,7,8,1556,18,13,1569,4,4,2,12
6851.36,1624909445735,50.009526704,1,0,0,9,22,1288,13,1446,9,0,0,0,80,53,6636015,0,39,9,148,15413,2451936,21309,1312,2,192711,139455,57680,58484,21075,11288,21142,10804,74,1089,1089,33,37967,17931,23777354,2237,88,427,2829,4433880,4433764,118,135,87,100,176,6635815,4216506,93,139,3001,319,1168,0,100,0,908,8500720,3024,0,512,9,10,8,1539,15,13,1552,3,4,2,9
6901.37,1624909503023,50.009038021,1,0,0,10,23,1289,13,1450,8,0,0,0,38,56,6519036,0,31,9,148,6043,2317316,21194,1313,2,194136,140817,58555,58931,22431,12221,21001,10678,74,1127,1128,60,39513,19379,23012083,2258,75,431,5407,4455279,4455172,116,132,73,85,162,6518827,4233118,94,124,3033,331,1207,11,86,2,945,8245747,2937,0,460,9,6,5,1532,15,14,1546,3,4,3,9
6951.38,1624909559811,50.009848257,1,0,0,10,25,1288,15,1433,9,0,0,0,52,64,6542521,0,25,9,156,21497,2363934,21033,1312,2,196532,142374,61587,62160,24033,13577,24050,13545,78,1097,1097,37,43634,20828,23287854,2245,77,428,2835,4437646,4437544,118,135,76,89,168,6542035,4211847,94,127,3168,333,1406,0,89,0,925,8262174,3001,0,486,12,7,8,1556,18,13,1569,4,4,2,12
7001.39,1624909616803,50.009066685,1,0,0,10,25,1288,15,1449,9,0,0,0,18,53,6547282,0,33,9,156,13929,2347908,21417,1312,2,195850,141868,62982,63670,24403,13684,24425,13387,78,1097,1097,37,44325,21124,23224313,2245,89,425,2835,4458070,4457962,118,135,88,101,180,6547096,4231448,94,139,3174,333,1406,0,101,0,924,8230372,2906,0,495,12,7,8,1563,18,13,1576,4,4,2,12
7051.4,1624909673388,50.009054442,1,0,0,10,25,1288,15,1429,9,0,0,0,8,58,6575822,0,27,9,156,5751,2398883,20973,1311,2,192190,139040,57804,58594,20845,10712,20900,10489,78,1092,1092,37,38122,17782,23439014,2235,79,423,2829,4428192,4428087,118,134,77,91,168,6575648,4209870,94,129,2988,320,1165,0,90,0,923,8364521,2772,0,470,12,7,8,1549,15,13,1562,4,4,2,12
7101.41,1624909730117,50.009176083,1,0,0,6,22,2565,16,2797,12,0,0,0,28,47,6431577,0,26,12,160,10142,2269218,20698,2622,1,191104,138349,58923,59397,21246,11215,20802,10678,80,1075,1075,33,38239,18222,22638234,2209,77,420,2834,4411510,4411411,122,138,76,87,164,6431372,4193896,93,127,2985,328,1186,0,88,0,908,8116314,2812,0,462,6,11,5,2841,15,15,2856,2,3,2,6
7151.42,1624909787511,50.009144783,1,0,0,10,26,1288,16,1446,10,0,0,0,60,70,6454375,0,31,9,160,19112,2288937,21214,1312,2,196086,141961,60719,61450,23999,13232,24015,12757,80,1133,1134,60,43271,20884,22814270,2271,76,434,2837,4424178,4424082,120,137,75,89,166,6454256,4199888,94,126,3198,336,1429,11,87,2,951,8113846,3035,0,500,12,11,12,1557,18,13,1570,4,5,2,12
7201.43,1624909844598,50.008856378,1,0,0,10,25,1288,15,1449,9,0,0,0,20,58,6489645,0,40,9,156,13544,2333891,20876,1312,2,194914,141034,60067,60712,23856,13263,23858,13041,78,1085,1085,33,42888,20717,23041158,2226,75,424,2835,4410045,4409943,118,134,74,87,164,6489310,4187563,93,125,3164,332,1398,0,87,0,914,8194941,2903,0,481,12,7,8,1567,18,13,1580,4,4,2,12
7251.44,1624909901158,50.009004404,1,0,0,10,25,1288,15,1418,9,0,0,0,32,67,6398961,0,25,9,154,21299,2204614,20363,1311,2,193602,140066,57243,58367,20655,11056,20835,10930,77,1096,1096,37,37875,17666,22347670,2243,75,427,2829,4444131,4444039,116,132,73,87,164,6398718,4224900,94,125,2994,319,1167,0,86,0,924,8052337,2820,0,462,13,7,8,1540,15,13,1553,4,4,2,12
7301.45,1624909957507,50.009118922,1,0,0,9,22,1288,13,1444,9,0,0,0,56,54,6375084,0,33,9,148,13956,2195465,20589,1311,2,193437,140041,58732,59549,21141,11286,21194,10930,74,1101,1101,37,38487,17953,22236091,2251,87,426,2829,4433150,4433045,118,135,85,98,176,6374950,4213301,94,137,3009,320,1164,0,98,0,921,7997792,2883,0,476,9,10,8,1536,15,13,1549,3,4,2,9
7351.46,1624910014253,50.009364773,1,0,0,10,23,1289,13,1446,8,0,0,0,52,59,6602067,0,29,9,148,15672,2432053,21592,1311,2,195819,141879,62483,63324,24289,13461,24349,13230,74,1090,1091,36,44085,21042,23691808,2233,86,425,2835,4427356,4427250,116,131,84,97,176,6601906,4201591,94,135,3168,333,1410,0,97,0,918,8454678,3001,0,510,9,6,5,1567,18,14,1581,3,4,3,9
7401.47,1624910070920,50.009359071,1,0,0,10,25,1288,15,1448,9,0,0,0,38,80,6451215,0,33,9,156,22248,2283176,20856,1311,2,195932,141813,60673,61627,24054,13422,24139,13261,78,1133,1134,60,43274,20887,22776095,2271,77,428,2836,4422440,4422345,118,133,75,88,166,6451069,4198233,94,126,3196,335,1427,11,87,2,949,8221553,2927,0,491,12,7,8,1558,18,13,1571,4,4,2,12
7451.48,1624910127467,50.009293528,1,0,0,10,25,1288,15,1432,9,0,0,0,38,79,6326642,0,29,9,154,13925,2161621,20477,1311,2,192981,139552,56770,57630,20797,11093,20858,10772,77,1089,1089,33,37560,17738,22008725,2237,81,426,2829,4415333,4415235,116,132,79,94,168,6326490,4198092,93,131,2989,319,1159,0,93,0,910,7922123,2919,0,483,12,7,8,1532,15,13,1545,4,4,2,12
7501.49,1624910184395,50.008700178,1,0,0,10,25,1288,15,1441,9,0,0,0,40,54,6447483,0,31,9,154,22864,2268041,20959,1309,2,195072,141462,57897,58129,21824,11277,20872,10300,77,1093,1093,33,38790,18776,22706143,2245,77,427,2834,4429704,4429601,116,132,76,87,164,6447053,4210343,93,127,3015,327,1181,0,88,0,914,8149647,2908,0,484,12,7,8,1534,15,13,1547,4,4,2,12
7551.5,1624910241233,50.008765728,1,0,0,6,22,2565,16,2813,12,0,0,0,40,68,6362548,0,28,12,160,19849,2181522,21012,2622,1,195278,141454,62837,63523,23992,12853,24006,12631,80,1093,1093,37,43623,20849,22209077,2237,76,425,2835,4432230,4432124,122,138,76,90,168,6362167,4206337,94,127,3163,333,1408,0,89,0,914,7937909,2989,0,502,6,11,5,2860,18,15,2875,2,3,2,6
7601.51,1624910297947,50.009319808,1,0,0,10,26,1288,16,1448,10,0,0,0,52,62,6504542,0,27,9,160,8472,2357946,21702,1311,2,194230,140719,61449,62322,23995,13671,24035,13576,80,1087,1087,37,43667,20845,23149695,2223,78,423,2835,4403063,4402970,120,136,76,89,168,6504402,4179511,94,127,3152,333,1406,0,89,0,916,8235887,3032,0,523,12,11,12,1560,18,13,1573,4,5,2,12
7651.52,1624910354055,50.010025556,1,0,0,10,25,1288,15,1442,9,0,0,0,44,58,6368995,0,25,9,156,27854,2227396,20957,1311,2,193893,140051,60479,61312,21585,11034,23876,12789,78,1091,1091,37,40364,18379,22362957,2232,85,426,2829,4397557,4397452,118,134,83,95,176,6368875,4175002,94,133,3148,327,1392,0,97,0,922,8050688,2949,0,511,12,7,8,1550,18,13,1563,4,4,2,12
7701.53,1624910411343,50.008947426,1,0,0,10,25,1288,15,1422,9,0,0,0,44,57,6591447,0,34,9,156,9380,2420248,21072,1311,2,191574,138553,56313,57152,20692,10773,20746,10457,78,1081,1081,33,37357,17661,23551351,2221,75,428,2828,4420540,4420444,118,134,75,88,164,6591235,4204761,93,127,2980,316,1159,0,87,0,909,8421595,2900,0,491,12,7,8,1544,15,13,1557,4,4,2,12
7751.54,1624910467614,50.009125737,1,0,0,9,22,1288,13,1442,9,0,0,0,2,60,6247636,0,34,9,148,12112,2064240,20428,1313,2,193065,139724,60616,61432,23977,13326,24032,12915,74,1080,1080,33,43127,20822,21496719,2219,80,419,2835,4435730,4435633,118,130,78,91,168,6247485,4213834,93,129,3148,332,1399,0,90,0,905,7751988,2804,0,475,9,10,8,1558,18,13,1571,3,4,2,9
7801.55,1624910524402,50.009722728,1,0,0,6,17,1285,11,1470,7,0,0,0,34,64,6534954,0,36,7,142,21730,2341333,21820,1312,1,194297,140661,61084,61966,24145,13835,24223,13387,71,1086,1086,33,43352,20918,23201660,2231,84,423,5405,4452559,4452455,112,127,82,94,172,6534778,4226979,93,133,3160,333,1401,0,94,0,911,8259866,2994,0,501,9,6,5,1566,17,10,1576,3,4,3,9
7851.56,1624910581332,50.009092968,1,0,0,10,25,1288,15,1448,9,0,0,0,36,58,6593386,0,34,9,156,10057,2409683,21264,1312,2,193837,140445,61717,62094,24035,13609,24079,13009,78,1086,1086,37,43670,20841,23550695,2223,77,421,2836,4439957,4439861,118,134,76,89,168,6593180,4216251,94,127,3155,339,1408,0,89,0,917,8388022,2957,0,508,12,7,8,1567,18,13,1580,4,4,2,12
7901.58,1624910638746,50.016565954,1,0,0,10,25,1288,15,1422,9,0,0,0,36,74,6483155,0,25,9,156,15024,2307746,21323,1311,2,192914,139633,57995,58872,20840,10650,20897,10426,78,1093,1093,37,38102,17783,22897741,2235,79,425,2829,4427131,4427038,118,134,78,90,168,6482890,4208207,94,129,2997,320,1170,0,90,0,928,8224460,2941,0,507,12,7,8,1544,15,13,1557,4,4,2,12
7951.59,1624910696064,50.008671615,1,0,0,10,25,1288,15,1442,9,0,0,0,34,72,6634543,0,40,9,154,16547,2428493,21539,1310,2,196794,142552,62397,63018,24229,13457,24225,13419,77,1143,1144,64,44016,21010,23751622,2282,78,433,2837,4464212,4464106,116,132,77,90,170,6634199,4237153,95,128,3217,337,1433,11,90,2,959,8408026,2995,0,498,13,7,8,1570,18,13,1583,4,4,2,12
8001.6,1624910753230,50.009120453,1,0,0,6,22,2565,16,2802,12,0,0,0,0,82,6406346,0,47,12,160,20607,2200022,21359,2622,1,195238,141373,63509,64380,24154,13742,24234,13230,80,1099,1099,37,43870,20958,22396310,2249,81,423,2835,4458938,4458829,122,139,80,96,172,6406123,4232096,94,131,3190,335,1406,0,94,0,922,8014095,2907,0,493,7,11,5,2859,18,15,2874,2,3,2,6
8051.61,1624910810320,50.012718164,1,0,0,10,26,1288,16,1418,10,0,0,0,21,49,6604272,0,27,9,160,6055,2397911,20906,1311,2,191099,138174,55959,56819,21478,11871,20611,10710,80,1082,1082,33,37183,18527,23492233,2223,73,422,2829,4453050,4452953,120,134,71,83,160,6604016,4237586,93,123,2976,319,1159,0,83,0,912,8418377,2821,0,471,12,11,12,1530,15,13,1543,4,5,2,12
8101.62,1624910867823,50.008957760,1,0,0,10,25,1288,15,1437,9,0,0,0,30,62,6398176,0,25,9,156,17284,2227945,20912,1311,2,195990,141836,60221,61014,23859,13796,23929,13481,78,1088,1088,33,42951,20756,22445549,2235,75,427,2835,4428028,4427926,118,135,74,88,164,6397986,4203894,93,125,3163,332,1409,0,86,0,915,8062449,2950,0,476,12,7,8,1553,18,13,1566,4,4,2,12
8151.63,1624910924842,50.008775680,1,0,0,10,25,1288,15,1452,9,0,0,0,54,50,6473540,0,30,9,156,22328,2316301,20983,1310,2,196188,142024,60662,61332,24009,13581,24041,13229,78,1089,1089,33,43206,20807,22959613,2237,79,428,2835,4411582,4411478,118,134,78,93,168,6473182,4187676,93,129,3169,332,1403,0,91,0,914,8184688,3073,0,512,12,7,8,1559,18,13,1572,4,4,2,12
8201.64,1624910981797,50.011108716,1,0,0,9,22,1288,13,1419,9,0,0,0,13,78,6435816,0,39,9,148,13994,2268447,20983,1311,2,193061,139633,58836,60355,21053,10745,23712,12978,74,1144,1145,64,39034,17964,22679272,2284,77,429,2832,4417612,4417516,118,134,75,90,169,6435700,4197062,95,127,3064,330,1213,11,88,2,962,8174803,2899,0,472,9,10,8,1561,18,13,1574,3,4,2,9
8251.65,1624911038490,50.008898493,1,0,0,10,23,1289,13,1442,8,0,0,0,44,50,6722248,0,44,9,148,19438,2511687,22199,1310,2,193763,140252,58419,59038,21036,11600,21041,10993,74,1103,1103,37,38321,17858,24173516,2257,81,428,2829,4462760,4462655,116,130,81,95,172,6721860,4242884,94,133,3029,320,1172,0,94,0,925,8512210,3021,0,475,9,6,5,1541,15,14,1555,3,4,3,9
8301.66,1624911094485,50.009927192,1,0,0,10,25,1288,15,1444,9,0,0,0,8,73,6507606,0,25,9,156,15059,2313116,20811,1312,2,194140,140898,59772,60326,22923,12569,21103,11024,78,1094,1094,37,40502,19835,22981334,2239,76,423,2835,4448287,4448195,118,135,74,90,164,6507500,4226634,94,125,3009,328,1190,0,87,0,930,8260444,2833,0,456,12,7,8,1549,15,13,1562,4,4,2,12
8351.67,1624911151876,50.009168629,1,0,0,10,26,1288,16,1434,9,0,0,0,66,72,6580303,0,25,9,160,8464,2400141,21306,1311,2,194240,140650,60065,60877,23847,13858,23902,13387,80,1079,1079,33,42929,20728,23471158,2216,75,424,2834,4435197,4435094,120,136,74,87,164,6580105,4213374,93,125,3139,329,1397,0,86,0,911,8330123,3053,0,524,12,7,8,1566,18,13,1579,4,4,2,12
8401.68,1624911208408,50.009187980,1,0,0,10,25,1288,15,1453,9,0,0,0,52,72,6670566,0,33,9,156,22300,2459655,21917,1312,2,196187,142035,61141,62085,24145,13300,24231,12946,78,1093,1093,33,43363,20924,23941360,2244,83,427,2835,4467055,4466946,118,134,82,96,172,6670370,4242632,93,133,3176,332,1403,0,94,0,920,8470116,3079,0,513,12,7,8,1561,18,13,1574,4,4,2,12
8451.69,1624911265595,50.008666146,1,0,0,6,22,2565,16,2787,12,0,0,0,14,64,6504434,0,42,12,160,10531,2316758,20524,2622,1,191815,138708,58965,59480,21063,10969,21054,10710,80,1133,1134,60,37960,17930,22980742,2270,81,423,2831,4438536,4438416,122,138,80,92,170,6504016,4219889,94,132,3031,324,1183,11,92,2,947,8301327,2864,0,456,6,11,5,2832,15,15,2847,2,3,2,6
8501.7,1624911322616,50.009223863,1,0,0,10,26,1288,16,1436,10,0,0,0,6,51,6278612,0,31,9,160,12422,2130541,21251,1311,2,195078,141146,60260,61108,23861,13668,23970,13293,80,1091,1091,32,43005,20745,21849890,2242,75,428,2836,4399871,4399783,120,136,74,89,164,6278478,4176725,93,125,3172,337,1403,0,86,0,912,7850740,2883,0,471,12,11,12,1560,18,13,1573,4,5,2,12
8551.71,1624911379459,50.009160568,1,0,0,10,25,1288,15,1445,9,0,0,0,46,58,6604702,0,25,9,156,7969,2416012,21552,1312,2,195710,141805,63344,64257,24407,13683,24471,13230,78,1089,1090,37,44421,21104,23641035,2229,86,425,2835,4444389,4444282,118,134,84,100,179,6604468,4218334,96,136,3160,335,1408,0,99,0,915,8386748,3026,0,493,12,7,8,1567,18,13,1580,4,4,2,12
8601.72,1624911436543,50.009072488,1,0,0,10,25,1288,15,1422,9,0,0,0,6,78,6249021,0,27,9,156,20275,2077661,20328,1311,2,193230,139771,57378,58298,20687,11024,20777,10804,78,1095,1095,37,37912,17677,21550228,2241,75,425,2829,4419822,4419721,118,134,73,87,164,6248782,4200628,94,125,2994,320,1166,0,86,0,920,7844914,2800,0,464,12,7,8,1540,15,13,1553,4,4,2,12
8651.73,1624911494039,50.009730644,1,0,0,6,17,1285,11,1433,7,0,0,0,60,86,6588197,0,32,7,140,12547,2415344,21572,1310,1,195543,141992,60616,60896,23809,13329,21238,10930,70,1101,1101,37,42340,20668,23587024,2252,77,428,2835,4428363,4428268,112,128,75,87,165,6587997,4205002,94,126,3031,328,1188,0,88,0,926,8425312,3028,0,462,6,6,5,1537,14,10,1547,2,3,2,6
8701.74,1624911550334,50.009298017,1,0,0,9,22,1288,13,1467,9,0,0,0,24,54,6485533,0,37,9,148,10249,2322190,20815,1311,2,194462,140771,61144,61944,24139,13268,24188,13009,74,1088,1088,33,43354,20904,22987219,2235,83,423,2835,4418280,4418174,118,134,82,94,171,6485316,4194943,93,133,3167,332,1406,0,94,0,911,8211144,2889,0,484,9,8,6,1555,18,13,1568,3,4,2,9
8751.75,1624911606714,50.008646857,1,0,0,10,25,1288,15,1438,9,0,0,0,24,85,6561994,0,33,9,156,5161,2349920,21451,1309,2,194821,141040,61423,61882,24240,13711,24233,13261,78,1128,1129,60,43473,21001,23256666,2259,79,428,2837,4464741,4464626,118,132,79,92,170,6561594,4240690,94,130,3189,336,1430,11,93,2,958,8289794,2958,0,496,12,7,8,1552,18,13,1565,4,4,2,12
8801.76,1624911663784,50.009070335,1,0,0,10,25,1288,15,1417,9,0,0,0,68,61,6268712,0,40,9,156,12075,2110307,20446,1310,2,191259,138379,56037,56868,20567,11368,20612,10961,78,1080,1080,33,37160,17563,21672538,2219,72,424,2829,4403641,4403541,118,134,71,84,160,6268410,4188299,93,123,2983,319,1160,0,83,0,911,7803241,2958,0,471,12,7,8,1534,15,13,1547,4,4,2,12
8851.77,1624911720829,50.009222333,1,0,0,10,25,1288,15,1426,9,0,0,0,44,64,6398059,0,31,9,156,12093,2184109,20852,1315,2,192829,139589,57993,58794,20881,11215,20937,10962,78,1097,1097,37,38082,17771,22259471,2245,78,425,2829,4460581,4460474,118,134,77,90,168,6397863,4241642,94,129,3000,320,1170,0,90,0,924,8055665,2919,0,487,13,7,8,1551,15,13,1564,4,4,2,12
8901.78,1624911777997,50.011942618,1,0,0,6,17,1285,11,1450,7,0,0,0,5,63,6328491,0,33,7,140,22754,2157359,21083,1311,1,195328,141476,62650,63385,24338,13681,24395,13261,70,1096,1096,37,44069,21030,22071158,2243,85,422,5405,4430773,4430658,112,128,84,98,176,6328240,4202015,94,135,3172,333,1407,0,98,0,923,7911851,2889,0,500,6,6,5,1567,17,10,1577,2,3,2,6
8951.79,1624911834939,50.009224818,1,0,0,10,26,1288,16,1442,10,0,0,0,10,74,6515312,0,31,9,158,8756,2335125,21242,1312,2,193731,140323,62143,63137,24129,13298,24248,13198,79,1086,1086,37,43840,20934,23115901,2223,82,420,2835,4433037,4432934,118,133,80,98,172,6515111,4208688,94,131,3155,333,1411,0,93,0,919,8306511,2878,0,494,12,11,12,1562,18,13,1575,4,5,2,12
9001.8,1624911891777,50.009297853,1,0,0,10,25,1288,15,1418,9,0,0,0,46,71,6628295,0,31,9,156,16062,2414621,21115,1311,2,192933,139536,56616,57479,20716,11306,20765,10741,78,1132,1133,60,37503,17733,23624033,2268,74,432,2830,4461629,4461537,118,133,72,84,162,6628124,4244089,94,124,3025,320,1183,11,84,2,950,8481576,2982,0,501,12,7,8,1542,15,13,1555,4,4,2,11
9051.81,1624911948519,50.009516719,1,0,0,10,25,1288,15,1438,9,0,0,0,40,66,6473214,0,33,9,156,12590,2270324,21171,1311,2,194411,140736,60581,61409,23986,13264,24030,12883,78,1087,1087,33,43095,20828,22792393,2233,80,423,2835,4454394,4454297,118,133,78,92,168,6473149,4231674,93,129,3159,332,1401,0,91,0,914,8189313,2948,0,495,10,7,8,1562,18,13,1575,4,4,2,10
9101.82,1624912005904,50.008745038,1,0,0,10,23,1285,13,1438,9,0,0,0,2,58,6398452,0,36,9,150,5765,2164864,20843,1312,2,194328,140619,60114,60692,23815,13924,23822,13513,75,1089,1089,33,42873,20713,22200814,2237,75,422,2835,4482834,4482732,120,135,74,86,164,6397992,4260374,93,125,3164,333,1408,0,87,0,912,8017880,2853,0,481,10,7,5,1561,18,10,1571,3,4,2,9
9151.83,1624912062844,50.010295888,1,0,0,9,22,1288,13,1445,9,0,0,0,48,82,6602853,0,35,9,148,14519,2411918,21271,1311,2,194752,140682,59693,61031,21461,11507,23891,13544,74,1102,1102,37,40020,18267,23586130,2254,84,427,2830,4443514,4443410,118,133,82,97,175,6602786,4220426,94,134,3167,328,1392,0,97,0,928,8437622,2978,0,520,9,8,6,1561,18,13,1574,3,4,2,9
9201.84,1624912119511,50.010170681,1,0,0,9,21,1288,12,1424,8,0,0,0,39,53,6705977,0,37,9,144,4669,2488791,20868,1311,2,191749,138811,57944,58471,20842,11531,20850,11434,72,1091,1091,37,38088,17748,24061921,2232,78,423,2829,4465189,4465076,116,132,77,90,168,6705616,4247421,94,129,2999,320,1176,0,90,0,915,8608494,2892,0,488,9,6,4,1542,15,13,1555,5,2,1,8
9251.85,1624912176368,50.008866953,1,0,0,10,26,1288,16,1443,9,0,0,0,46,78,6580424,0,37,9,160,14752,2390343,21730,1310,2,196491,142368,62394,63033,24231,13360,24223,13103,80,1143,1144,64,44078,21002,23459504,2283,77,428,2837,4448942,4448836,118,134,77,90,170,6580084,4222275,95,128,3214,337,1434,11,90,2,959,8368585,3011,0,504,10,7,9,1566,17,10,1576,4,5,3,11
9301.86,1624912233511,50.008828323,1,0,0,9,22,1288,13,1438,9,0,0,0,44,63,6483118,0,33,9,148,11957,2302143,21502,1311,2,195783,141826,62058,62783,24205,13677,24228,13041,74,1094,1094,37,43796,20965,22926059,2239,81,426,2834,4435599,4435497,118,133,80,94,172,6482828,4210070,94,131,3167,329,1411,0,94,0,919,8173496,2982,0,514,9,10,8,1564,18,13,1577,3,4,2,9
9351.87,1624912289999,50.009539382,1,0,0,6,17,1285,11,1433,7,0,0,0,56,51,6546522,0,33,7,140,10033,2360657,21304,1312,1,191497,138268,59315,60571,22629,12731,24022,13450,70,1077,1077,33,41539,19463,23273816,2213,83,420,2829,4436003,4435901,112,128,81,95,172,6546392,4216437,93,133,3118,324,1375,0,94,0,902,8299828,2987,0,502,6,6,5,1564,17,10,1574,2,3,2,6
9401.88,1624912346723,50.009492655,1,0,0,10,26,1288,16,1427,10,0,0,0,8,73,6340597,0,33,9,158,11446,2146248,20301,1313,2,192887,139432,56458,57385,20666,11214,20771,10867,79,1092,1092,33,37338,17652,21976063,2241,77,425,2829,4442151,4442056,118,134,75,89,164,6340414,4224497,93,127,2995,319,1156,0,88,0,915,7974522,2753,0,462,12,11,12,1538,15,13,1551,4,5,2,11
9451.89,1624912403920,50.008733351,1,0,0,10,25,1288,15,1450,9,0,0,0,18,97,6537384,0,35,9,156,23475,2319777,21360,1311,2,195329,141356,60766,61353,23995,13233,23993,12946,78,1093,1093,33,43117,20820,23120686,2245,79,425,2836,4472544,4472441,118,134,78,91,168,6537231,4248353,93,129,3176,337,1403,0,90,0,921,8317286,2916,0,506,12,7,8,1556,18,13,1569,4,4,2,12
9501.9,1624912461126,50.009299009,1,0,0,10,25,1288,15,1445,9,0,0,0,52,84,6220995,0,35,9,156,19234,2063773,20907,1312,2,195748,141850,61701,62542,24070,14019,24133,13828,78,1096,1096,37,43682,20854,21475431,2243,78,426,2836,4413913,4413818,118,134,76,89,168,6220787,4188562,94,127,3169,336,1411,0,89,0,915,7750020,3019,0,515,12,7,8,1558,18,13,1571,4,4,2,11
9551.91,1624912517656,50.008564507,1,0,0,10,23,1285,13,1435,8,0,0,0,42,66,6556583,0,41,9,150,13832,2367604,21390,1311,2,193851,140320,58624,59256,21087,11535,21083,10836,75,1150,1152,64,38463,17950,23280918,2295,79,432,2831,4442443,4442333,118,134,78,91,170,6556161,4221738,95,130,3064,324,1197,11,91,2,955,8307957,2958,0,492,7,6,5,1545,14,10,1555,7,3,2,9
9601.92,1624912574382,50.009091109,1,0,0,9,22,1288,13,1425,8,0,0,0,2,75,6475225,0,46,9,148,18722,2266205,20894,1312,2,190893,138121,57834,58263,20863,11027,20921,10489,74,1087,1087,37,38097,17811,22728929,2225,79,419,2828,4456934,4456829,116,129,77,91,168,6475020,4239056,94,129,2992,316,1165,0,90,0,911,8138514,2840,0,455,8,6,5,1541,14,13,1554,8,3,2,11
9651.93,1624912631203,50.010035424,1,0,0,9,22,1288,13,1451,8,0,0,0,36,74,6509320,0,31,9,148,9978,2309889,21423,1313,2,193550,140123,60535,61319,23985,13830,24023,13324,74,1077,1077,33,43123,20822,23001075,2213,80,421,2834,4450785,4450685,116,131,78,90,168,6509179,4228524,93,129,3135,329,1400,0,90,0,905,8180454,2970,0,503,10,6,5,1573,17,10,1583,10,3,2,13
9701.94,1624912687650,50.008684319,1,0,0,9,22,1288,13,1441,8,0,0,0,42,43,6533948,0,33,9,146,12347,2332700,21492,1312,2,193686,140223,60650,61277,23990,13830,23984,13544,73,1080,1080,33,43121,20817,23143608,2217,79,422,2835,4456980,4456875,114,128,78,90,168,6533570,4234438,93,129,3143,332,1401,0,90,0,908,8220023,2976,0,504,10,6,5,1569,17,10,1579,10,3,2,13
9751.95,1624912743621,50.009108482,1,0,0,9,23,1288,14,1440,9,0,0,0,0,54,6335780,0,34,9,152,5240,2119872,20565,1311,2,195016,141126,60777,61628,23988,13390,24036,13072,76,1092,1092,33,43151,20812,21896592,2243,79,424,2836,4469986,4469882,118,134,78,90,168,6335618,4245871,93,129,3177,336,1411,0,90,0,909,7907476,2805,0,476,9,10,9,1562,17,10,1572,9,4,2,13
9801.96,1624912800779,50.012039031,1,0,0,6,22,2565,16,2775,12,0,0,0,17,70,6333956,0,42,12,160,25103,2135505,20975,2621,1,193788,140236,60061,60806,21070,11095,21117,10741,80,1147,1148,64,38478,17943,21961509,2291,79,431,2831,4452914,4452809,122,138,78,91,170,6333654,4230522,95,130,3054,324,1192,11,92,2,955,7933302,2935,0,485,8,11,5,2835,15,15,2850,8,3,2,11
9851.97,1624912856950,50.009320606,1,0,0,9,22,1288,13,1481,8,0,0,0,26,64,6345870,0,37,9,148,11909,2150939,20916,1313,2,195579,141680,62627,63535,24329,13524,24394,13230,74,1101,1101,37,44092,21048,22065622,2253,86,424,2835,4450730,4450624,116,132,84,100,176,6345703,4224265,94,135,3182,333,1406,0,98,0,922,8007292,2929,0,497,9,6,5,1560,17,10,1570,9,3,2,12
9901.98,1624912914440,50.009296591,1,0,0,9,22,1288,13,1443,8,0,0,0,40,81,6329178,0,33,9,148,9895,2156567,21312,1311,2,195851,141866,62017,62876,24161,12984,24237,12852,74,1097,1097,37,43874,20949,22035006,2244,82,426,2834,4428391,4428291,116,132,80,95,172,6328977,4202456,94,131,3171,329,1402,0,94,0,917,7885748,3009,0,495,10,6,5,1556,17,10,1566,10,3,2,13
9951.99,1624912970732,50.009611206,1,0,0,9,22,1288,13,1445,8,0,0,0,44,62,6480025,0,35,9,148,22255,2299696,20886,1312,2,194580,140434,59191,60452,21711,11160,23930,12789,74,1094,1095,33,40684,18520,22929975,2247,86,427,2829,4431486,4431372,116,132,85,98,176,6479909,4209678,93,137,3158,324,1378,0,97,0,914,8195804,2989,0,490,10,6,5,1557,17,10,1567,9,3,2,12
10002,1624913027476,50.009112249,1,0,0,9,22,1288,13,1441,8,0,0,0,28,81,6380583,0,33,9,148,8135,2205745,20786,1312,2,191902,138761,56423,57216,20670,10331,20720,9954,74,1086,1086,33,37324,17654,22271390,2231,77,424,2829,4424545,4424439,116,130,75,87,164,6380438,4208230,93,127,2994,319,1164,0,87,0,915,8006640,2826,0,470,8,6,5,1541,14,10,1551,8,3,2,10
10052,1624913084379,50.009122433,1,0,0,10,23,1289,13,1434,8,0,0,0,50,54,6304785,0,39,9,148,25378,2165979,21136,1311,2,196017,141909,60955,61857,24056,13672,24134,13135,74,1138,1139,60,43304,20899,22050008,2281,77,432,2838,4396919,4396818,116,132,75,87,166,6304590,4172170,94,126,3213,340,1428,11,87,2,951,7902508,3022,0,493,9,6,5,1555,18,14,1569,9,3,2,12
10102,1624913141692,50.009229441,1,0,0,9,22,1288,13,1457,8,0,0,0,50,74,6754443,0,32,9,148,18907,2563951,21553,1312,2,196413,142298,62190,63020,24188,13362,24226,12978,74,1100,1100,37,43865,20943,24514774,2251,82,428,2836,4449768,4449667,116,131,80,94,172,6754236,4223490,94,131,3184,336,1410,0,93,0,928,8634621,3027,0,493,10,6,5,1564,17,10,1574,10,3,2,13
10152,1624913198989,50.008547196,1,0,0,9,22,1288,13,1434,8,0,0,0,82,76,6462337,0,35,9,148,13386,2325949,21344,1313,2,192065,139099,58314,59001,20956,11254,20988,10961,74,1094,1094,37,38276,17837,22906729,2239,82,424,2829,4387100,4386984,116,132,81,97,172,6461924,4169209,94,133,2996,320,1164,0,96,0,922,8165329,3037,0,503,9,6,5,1536,14,10,1546,9,3,2,12
10202,1624913255518,50.011998447,1,0,0,9,23,1288,14,1439,9,0,0,0,23,49,6385087,0,33,9,152,14444,2264111,20673,1313,2,195128,141326,61472,62218,24949,14744,24068,13419,76,1093,1093,37,43655,21771,22577231,2237,78,423,2834,4377230,4377121,118,133,76,88,168,6384855,4152236,94,127,3163,329,1397,0,89,0,922,8039461,2878,0,469,9,10,9,1565,17,10,1575,9,4,2,13
10252,1624913312622,50.010171942,1,0,0,6,22,2565,16,2823,12,0,0,0,43,74,6332942,0,35,12,160,18148,2190109,21212,2624,1,195660,141651,62803,63431,24303,13839,24303,13513,80,1088,1088,33,43589,20998,22185364,2235,87,426,2834,4397319,4397209,122,138,86,98,176,6332617,4171801,93,137,3167,329,1405,0,98,0,909,7918630,2993,0,506,8,11,5,2861,18,15,2876,8,3,2,11
10302,1624913369331,50.008790606,1,0,0,9,22,1288,13,1440,8,0,0,0,82,55,6446286,0,37,9,148,16921,2286922,21329,1311,2,195160,141357,60577,61271,24044,13737,24057,13419,74,1087,1087,33,43193,20798,22814753,2233,79,426,2835,4409955,4409841,116,132,78,91,168,6445897,4186906,93,129,3163,332,1405,0,91,0,903,8157025,3069,0,511,9,6,5,1564,17,10,1574,9,3,2,12
10352,1624913426501,50.009007613,1,0,0,9,22,1288,13,1422,8,0,0,0,28,71,6641158,0,42,9,148,9612,2412740,21053,1310,2,192524,139228,57147,58080,20885,10682,20995,10584,74,1131,1132,60,37707,17833,23665770,2267,78,429,2831,4470400,4470302,116,132,76,90,166,6641023,4252694,94,128,3028,323,1183,11,88,2,950,8524331,2923,0,470,9,6,5,1532,14,10,1542,9,3,2,12
10402,1624913483374,50.008916507,1,0,0,9,22,1288,13,1450,8,0,0,0,0,72,6323872,0,47,9,148,15595,2156896,21220,1310,2,195662,141691,62284,62866,24148,13710,24145,13167,74,1103,1103,37,43923,20943,22063564,2257,81,424,2836,4421961,4421851,116,132,80,93,172,6323466,4195760,94,131,3200,337,1408,0,93,0,922,7943855,2918,0,491,10,6,5,1563,17,10,1573,10,4,3,14
10452,1624913540959,50.010574472,1,0,0,6,17,1285,11,1454,7,0,0,0,65,87,6708166,0,34,7,140,13451,2504505,21896,1311,1,196180,142167,62171,63005,24144,13645,24217,13387,70,1098,1098,37,43904,20926,24159966,2246,82,427,2835,4461412,4461312,112,127,80,94,172,6708082,4235617,94,131,3175,334,1408,0,94,0,925,8548064,3083,0,532,8,6,5,1558,17,10,1568,8,3,2,11
10502,1624913597717,50.008742688,1,0,0,9,22,1288,13,1423,8,0,0,0,0,62,6504779,0,31,9,148,8568,2295355,20724,1314,2,192560,139297,57456,58099,20686,10833,20708,10457,74,1099,1099,37,37868,17679,22923119,2249,74,424,2829,4453527,4453422,116,131,73,86,164,6504322,4234880,94,125,3004,320,1167,0,86,0,923,8270951,2780,0,465,8,6,5,1533,14,12,1545,8,3,2,10
10552,1624913654821,50.009074975,1,0,0,9,22,1288,13,1447,8,0,0,0,32,95,6382346,0,33,9,148,13631,2181048,21115,1311,2,195526,141908,61795,61871,24175,13556,21638,10898,74,1099,1099,37,42944,20943,22263431,2249,84,426,2834,4455020,4454910,116,132,83,96,173,6382139,4230519,94,134,3068,324,1247,0,97,0,918,8091039,2953,0,472,10,6,5,1552,14,10,1562,10,3,2,13
10602,1624913711947,50.009177872,1,0,0,80,170,19893,109,22858,92,0,0,0,28,231,6239655,0,99,18706,408,15156,2113322,31664,20501,4,202216,145572,165500,152493,83793,59874,70113,45010,204,2095,2096,60,93298,75473,22348254,4195,237,545,2914,4446980,4446700,246,260,235,282,369,6239535,4164129,213,328,5230,396,2515,31,279,6,5940,7643308,3271,0,709,160,13,6,20919,28,18161,39080,12,3,2,15
10652,1624913769026,50.009248873,1,0,0,23,75,1297,156,1495,132,0,0,0,2,90,6199658,0,39,16,670,20720,1997238,20912,1328,3,195085,141155,60517,61303,23848,13263,23887,13134,335,1093,1093,33,42949,20736,21328995,2244,76,430,2835,4449210,4449114,70,77,74,86,164,6199437,4227843,93,125,3184,332,1411,0,88,0,910,7730864,3137,0,572,7,16,35,1574,18,22,1596,6,15,12,15
10702,1624913825502,50.008690830,1,0,0,9,26,1285,17,1432,7,0,0,0,0,72,6378872,0,35,7,164,11923,2184113,20328,1311,1,191907,138746,56628,57241,20667,11373,20677,10993,82,1097,1097,33,37324,17649,22200421,2252,76,423,5400,4445397,4445296,112,128,75,88,164,6378486,4225972,93,127,3013,323,1169,0,88,0,925,7980563,2751,0,438,7,6,14,1541,13,6,1547,7,3,2,9
10752,1624913881851,50.009047626,1,0,0,9,22,1288,13,1431,8,0,0,0,60,67,6553550,0,35,9,148,16181,2362281,21359,1312,2,192590,139426,57578,58263,20712,11401,20766,11118,74,1098,1098,37,37885,17671,23267379,2246,73,425,2830,4442832,4442725,116,132,73,86,164,6553379,4224334,94,125,3007,323,1169,0,86,0,921,8319419,2932,0,482,9,6,5,1544,14,10,1554,9,3,2,12
10802,1624913939051,50.009395930,1,0,0,9,22,1288,13,1484,8,0,0,0,16,91,6171311,0,33,9,148,22085,2008388,21047,1310,2,196840,142580,63211,63922,26456,15733,24504,13292,74,1101,1101,37,44365,23157,21143422,2252,90,426,2836,4419253,4419135,116,132,88,102,180,6171083,4190976,94,139,3186,333,1408,0,102,0,922,7671272,2916,0,503,10,6,5,1562,17,10,1572,10,3,2,13
10852,1624913996113,50.009173649,1,0,0,9,22,1288,13,1512,8,0,0,0,12,80,6139186,0,41,9,148,13667,2005120,20877,1311,2,196692,142473,65012,65188,24873,14257,24751,13639,74,1142,1143,64,45183,21454,21091355,2281,91,430,2836,4390833,4390716,116,133,90,101,183,6139001,4161405,95,139,3213,335,1436,11,105,2,951,7609579,2923,0,503,10,6,5,1559,17,10,1569,10,4,3,14
10902,1624914052935,50.009159503,1,0,0,6,22,2565,16,2789,12,0,0,0,86,59,6464194,0,33,12,160,17151,2312478,21520,2622,1,192684,139421,57775,58628,20674,11024,20740,10709,80,1089,1089,33,37351,17644,22887916,2236,77,427,2828,4403854,4403759,122,138,75,89,164,6464034,4185952,93,127,2992,316,1160,0,87,0,911,8188645,3062,0,510,7,11,5,2823,15,15,2838,7,3,2,9
10952,1624914110247,50.009184636,1,0,0,9,22,1288,13,1454,8,0,0,0,14,86,6186385,0,35,9,148,17862,2027964,20656,1311,2,195033,141131,60659,61578,23970,13203,24079,13167,74,1090,1090,33,43095,20798,21233366,2238,80,423,2835,4414870,4414772,116,132,78,91,168,6186206,4191413,93,129,3166,332,1402,0,91,0,914,7641548,2882,0,482,9,6,5,1562,17,10,1572,9,3,2,11
11002,1624914167195,50.008776033,1,0,0,9,22,1288,13,1447,8,0,0,0,22,65,6389545,0,38,9,148,23954,2221069,20873,1311,2,194476,140753,60736,61388,24018,13515,24021,13072,74,1088,1088,33,43084,20811,22428582,2235,79,423,2836,4425030,4424927,116,132,78,91,168,6389196,4202064,93,129,3168,336,1403,0,90,0,910,8029161,2827,0,497,10,6,5,1556,17,10,1566,10,3,2,13
11052,1624914224406,50.009281581,1,0,0,9,22,1288,13,1446,8,0,0,0,54,63,6508069,0,35,9,148,15710,2323875,20696,1312,2,193465,139902,56909,57958,20756,11152,20844,10804,74,1097,1099,35,37766,17735,23017445,2249,78,427,2830,4434842,4434738,116,132,76,90,165,6507868,4216976,94,129,3023,323,1180,0,89,0,926,8265277,2913,0,481,11,6,5,1536,14,10,1546,10,3,2,13
11102,1624914281238,50.008589878,1,0,0,9,22,1288,13,1433,8,0,0,0,4,61,6432512,0,34,9,148,14638,2254386,20774,1312,2,192880,139525,57500,58085,20696,11402,20714,10804,74,1101,1101,37,37856,17651,22609307,2253,74,428,2830,4427856,4427745,116,132,73,86,164,6432038,4208948,94,125,3011,322,1167,0,86,0,924,8129776,2816,0,473,8,6,5,1545,14,10,1555,8,3,2,10
11152,1624914338264,50.008640104,1,0,0,10,23,1289,13,1449,8,0,0,0,94,48,6781576,0,35,9,148,11802,2585898,22061,1311,2,195215,141511,62092,62628,24125,13235,24141,12915,74,1094,1094,37,43825,20915,24640756,2239,80,427,2835,4453323,4453206,116,132,80,94,172,6781225,4228789,94,131,3167,333,1405,0,93,0,915,8709947,3150,0,534,9,6,5,1566,18,14,1580,9,3,2,12
11202,1624914395512,50.008694919,1,0,0,9,22,1288,13,1446,8,0,0,0,16,61,6361099,0,49,9,148,15193,2168762,21359,1311,2,195884,141850,62067,62639,24167,13329,24198,13103,74,1098,1098,37,43846,20925,22172763,2247,81,425,2834,4449552,4449451,116,130,80,93,172,6360939,4223538,94,131,3187,329,1401,0,93,0,912,7929679,2944,0,489,10,6,5,1548,17,10,1558,10,3,2,13
11252,1624914452822,50.009311466,1,0,0,9,22,1288,13,1432,8,0,0,0,56,75,6560652,0,33,9,146,18783,2352063,21016,1310,2,193378,139852,56418,57211,20650,11150,20719,10804,73,1092,1092,33,37323,17659,23251343,2243,77,428,2828,4456878,4456776,114,130,75,87,164,6560448,4239393,93,127,2996,316,1156,0,87,0,920,8361907,2949,0,480,10,6,5,1530,14,10,1540,10,3,2,13
11302,1624914509801,50.009314868,1,0,0,9,23,1288,14,1469,9,0,0,0,6,56,6422854,0,35,9,150,16831,2238097,21335,1311,2,194361,140693,62502,63293,24556,13216,24605,13072,75,1086,1086,33,43929,21190,22560815,2231,96,421,2835,4440873,4440755,116,132,94,104,184,6422629,4216400,93,145,3166,332,1407,0,106,0,914,8057733,2876,0,489,9,10,9,1553,17,10,1563,9,4,2,13
11352,1624914566442,50.009230152,1,0,0,6,22,2565,16,2801,12,0,0,0,14,45,6419298,0,33,12,160,9956,2243267,20903,2622,1,194346,140634,61652,62450,23859,14078,23927,13576,80,1088,1088,33,42912,20744,22561609,2232,76,422,2836,4428896,4428801,122,137,74,86,164,6419106,4204976,93,125,3163,337,1404,0,86,0,914,8095098,2881,0,484,8,11,5,2849,18,15,2864,8,3,2,11
11402,1624914623450,50.009099414,1,0,0,9,22,1288,13,1458,8,0,0,0,64,62,6359046,0,43,9,148,13330,2205061,21656,1312,2,192058,138754,59932,61328,22002,11791,24220,13229,74,1136,1137,64,41227,18775,22251743,2268,86,426,2832,4404957,4404841,116,132,85,102,178,6358626,4184151,93,138,3185,332,1411,11,97,2,956,7985544,3007,0,491,9,6,5,1549,17,10,1559,9,3,2,11
11452,1624914680169,50.008787564,1,0,0,9,22,1288,13,1434,8,0,0,0,60,74,6521067,0,33,9,148,15204,2348013,21221,1311,2,192610,139429,57876,58631,20902,10806,20942,10521,74,1097,1097,37,38088,17822,23145314,2245,78,425,2829,4424298,4424191,116,131,77,92,168,6520647,4205860,94,129,3004,320,1165,0,90,0,920,8279903,2960,0,481,10,6,5,1540,14,10,1550,10,3,2,13
11502,1624914737347,50.008779441,1,0,0,9,22,1288,13,1447,8,0,0,0,34,77,6639508,0,31,9,148,14548,2454205,21552,1311,2,194697,141038,61956,62606,24149,13676,24146,13040,74,1090,1090,37,43850,20911,23834448,2230,81,422,2834,4441879,4441775,116,132,80,95,172,6639149,4217135,94,131,3155,329,1403,0,95,0,913,8504994,2906,0,474,10,6,5,1561,17,10,1571,10,4,3,14
11552,1624914793696,50.009036887,1,0,0,9,22,1288,13,1440,8,0,0,0,2,60,6592713,0,35,9,148,11832,2382221,21410,1311,2,194923,141022,60092,60779,23872,13196,23917,12946,74,1090,1090,33,42892,20735,23463626,2238,75,424,2834,4463439,4463341,116,131,74,86,164,6592475,4240387,93,125,3163,329,1396,0,86,0,908,8354755,2875,0,466,9,6,5,1555,17,10,1565,8,3,2,10
11602,1624914850873,50.008921142,1,0,0,10,23,1289,13,1471,8,0,0,0,58,71,6638253,0,33,9,146,15999,2452170,21443,1311,2,196005,141947,61173,61667,24142,13551,24140,13104,73,1089,1089,33,43282,20904,23819975,2236,83,427,2835,4443286,4443172,114,130,82,94,172,6637870,4219117,93,133,3171,332,1413,0,94,0,911,8454937,3010,0,484,9,6,5,1555,18,14,1569,9,3,2,12
11652,1624914907106,50.008678993,1,0,0,9,22,1288,13,1439,8,0,0,0,46,60,6565983,0,41,9,148,15945,2376627,20998,1311,2,192744,139440,57749,58367,21041,10969,21063,10552,74,1134,1135,60,37890,17919,23363177,2273,80,430,2832,4435604,4435496,116,132,80,92,170,6565549,4217216,94,132,3038,327,1194,11,92,2,954,8373034,2889,0,458,10,6,5,1532,14,10,1542,10,3,2,13
11702,1624914963683,50.008623624,1,0,0,9,22,1288,13,1440,8,0,0,0,72,71,6394676,0,33,9,148,14430,2255216,21865,1311,2,195343,141861,59870,59878,22399,11753,21081,10458,74,1101,1101,37,39901,19218,22534316,2253,79,428,2836,4393984,4393880,116,130,78,90,168,6394250,4172351,95,130,3030,331,1189,0,91,0,919,8068893,3056,0,479,10,6,5,1537,14,10,1547,10,3,2,13
11752,1624915020680,50.008954194,1,0,0,9,23,1288,14,1459,9,0,0,0,2,72,6268983,0,34,9,154,18502,2084308,20360,1311,2,195643,141688,63457,64100,24423,14123,24423,13828,77,1099,1099,37,44356,21086,21665029,2247,85,424,2835,4439837,4439725,120,137,84,99,179,6268586,4212921,96,136,3179,336,1413,0,98,0,922,7836706,2822,0,453,9,10,9,1566,17,10,1576,9,4,2,13
11802,1624915078022,50.009315631,1,0,0,6,22,2565,16,2818,12,0,0,0,14,55,6406992,0,35,12,162,23835,2222865,20956,2622,1,195505,141590,63404,64368,24190,13426,24288,13009,81,1097,1097,37,43862,20957,22482315,2245,82,424,2834,4441940,4441842,124,140,80,98,171,6406878,4215244,94,131,3170,329,1410,0,94,0,919,8053851,2878,0,491,8,11,5,2872,18,15,2887,8,3,2,11
11852,1624915134548,50.009335238,1,0,0,9,22,1288,13,1448,8,0,0,0,82,106,6439367,0,33,9,148,12925,2306705,21279,1312,2,192876,139582,57245,58106,20900,10465,20957,10111,74,1088,1088,33,37738,17826,22807822,2234,85,427,2828,4379751,4379641,116,130,83,96,172,6439227,4162447,93,135,2993,316,1166,0,96,0,910,8189452,3005,0,492,9,6,5,1544,14,10,1554,9,3,2,11
11902,1624915191626,50.009409888,1,0,0,9,22,1288,13,1463,8,0,0,0,60,78,6576630,0,39,9,148,13405,2397596,21342,1312,2,194396,140823,61259,61610,24205,13487,24233,13387,74,1127,1128,60,43523,21000,23440280,2259,80,429,2836,4433253,4433157,116,132,79,89,170,6576408,4209990,94,130,3189,333,1432,11,91,2,946,8411368,3096,0,496,10,6,5,1565,17,10,1575,10,3,2,13
11952,1624915248487,50.008708390,1,0,0,9,22,1288,13,1466,8,0,0,0,62,73,6663597,0,31,9,148,15877,2499756,21579,1312,2,194633,140973,61209,61722,24144,13582,24139,13576,74,1087,1087,33,43330,20918,24054785,2232,82,424,2836,4417335,4417218,116,132,82,94,172,6663223,4194287,93,133,3159,336,1409,0,94,0,918,8498588,2976,0,507,10,6,5,1561,17,10,1571,10,4,3,14
12002,1624915304839,50.008647953,1,0,0,9,22,1288,13,1450,8,0,0,0,6,68,6242713,0,40,9,148,15702,2099430,21052,1312,2,196409,142214,62245,62803,24208,13803,24209,13387,74,1103,1103,37,43842,20946,21629261,2256,81,426,2836,4401250,4401132,116,132,80,93,172,6242313,4174633,94,131,3193,336,1408,0,93,0,923,7726139,2821,0,475,8,6,5,1559,17,10,1569,8,3,2,10
12052,1624915362099,50.009298818,1,0,0,10,23,1289,13,1443,8,0,0,0,2,63,6251972,0,35,9,148,14556,2154633,20144,1312,2,192200,139085,58496,59381,21010,10813,21072,10804,74,1095,1095,37,38319,17875,21854469,2241,82,422,2830,4347264,4347155,116,131,81,95,172,6251745,4128123,94,133,2998,323,1172,0,95,0,920,7856804,2759,0,453,9,6,5,1535,15,14,1549,9,3,2,12
12102,1624915418337,50.012211110,1,0,0,9,22,1288,13,1462,8,0,0,0,48,65,6491618,0,33,9,146,13811,2323355,20690,1310,2,193807,140737,59927,60441,22726,11816,21150,10363,73,1089,1089,37,40267,19590,23010521,2228,80,423,2834,4415912,4415815,114,130,79,90,168,6491399,4194966,94,129,3008,324,1195,0,91,0,916,8261832,2893,0,463,10,6,5,1542,14,10,1552,10,3,2,13
12152,1624915475159,50.008971919,1,0,0,9,22,1288,13,1444,8,0,0,0,2,41,6459757,0,39,9,148,4956,2289100,21561,1310,2,194431,140826,62123,62758,24180,13551,24239,13261,74,1089,1089,35,43730,20948,22827454,2233,81,421,2834,4424741,4424617,116,130,80,92,172,6459481,4200002,94,131,3160,329,1410,0,94,0,916,8125773,2851,0,479,10,6,5,1567,17,10,1577,10,3,2,13
12202,1624915531900,50.010238974,1,0,0,9,23,1288,14,1467,9,0,0,0,22,72,6454433,0,39,9,152,18318,2279761,21696,1311,2,195826,141798,62749,63648,24654,13972,24716,13513,76,1134,1135,60,44122,21265,22791212,2272,93,426,2836,4430677,4430560,118,134,91,105,182,6454212,4204969,94,142,3204,333,1432,11,103,2,946,8089315,2982,0,505,9,10,9,1567,17,10,1577,9,4,2,13
12252,1624915588643,50.009165050,1,0,0,6,22,2565,16,2784,12,0,0,0,44,64,6561544,0,35,12,160,16371,2388404,20813,2622,1,192598,139298,57984,58878,20706,10709,20777,10458,80,1093,1093,33,37342,17675,23384090,2245,77,426,2830,4424494,4424398,122,138,75,89,164,6561362,4206176,93,127,3002,323,1163,0,87,0,916,8382090,2898,0,468,4,11,5,2839,15,15,2854,2,3,2,3
12302,1624915646202,50.009043510,1,0,0,9,22,1288,13,1443,8,0,0,0,80,54,6634046,0,33,9,148,21661,2449161,21734,1313,2,194664,140999,60781,61659,23984,13547,24130,13261,74,1087,1087,33,43096,20834,23828376,2231,80,425,2836,4439045,4438942,116,132,78,92,168,6633877,4216345,93,129,3163,337,1404,0,90,0,913,8429251,3113,0,515,10,6,5,1564,17,10,1574,9,3,2,11
12352,1624915703311,50.009641654,1,0,0,9,22,1288,13,1457,8,0,0,0,38,62,6411635,0,36,9,148,20305,2247858,21136,1312,2,194153,140684,62664,63376,25259,13997,24327,12789,74,1091,1091,37,44063,21957,22596582,2233,85,421,2836,4416767,4416657,116,131,84,98,176,6411451,4191985,94,135,3162,336,1409,0,97,0,925,8103967,2912,0,501,10,6,5,1558,17,10,1568,10,3,2,13
12402,1624915760224,50.008880896,1,0,0,9,22,1288,13,1429,8,0,0,0,36,78,6531011,0,33,9,148,17873,2372245,21259,1312,2,193028,139689,57891,58542,20851,11249,20878,11056,74,1096,1096,37,38110,17767,23265614,2243,78,425,2829,4408616,4408503,116,132,77,92,168,6530547,4189675,94,129,2999,320,1168,0,91,0,923,8311420,2898,0,482,10,6,5,1538,14,10,1548,10,4,3,14
12452,1624915817184,50.008961580,1,0,0,9,22,1288,13,1427,9,0,0,0,40,45,6662978,0,32,9,148,26274,2461448,21150,1313,2,192918,139623,57967,58669,20886,10870,20915,10615,74,1136,1137,64,38341,17849,23885940,2268,75,430,2830,4450523,4450427,118,134,74,87,166,6662581,4231316,95,126,3026,321,1188,11,87,2,956,8500830,2944,0,492,10,10,8,1544,15,13,1557,8,4,2,10
12502,1624915874042,50.008979007,1,0,0,10,23,1289,13,1450,8,0,0,0,24,73,6460528,0,25,9,148,21657,2306040,20915,1310,2,194972,141094,60017,60784,23794,13040,23868,12851,74,1085,1085,33,42908,20714,22879654,2227,75,424,2834,4408471,4408375,116,132,74,86,164,6460249,4185879,93,125,3148,329,1397,0,86,0,914,8187169,2898,0,496,9,6,5,1547,18,14,1561,9,3,2,12
12552,1624915930438,50.010511485,1,0,0,10,26,1288,16,1443,9,0,0,0,71,59,6457683,0,31,9,160,17275,2316565,21188,1314,2,192862,139686,60138,60980,23827,13513,23902,12978,80,1077,1077,33,42925,20741,22914793,2211,76,421,2835,4394250,4394155,118,133,74,87,163,6457498,4173596,93,125,3141,332,1405,0,87,0,908,8179348,3023,0,507,11,7,9,1557,17,10,1567,9,5,3,14
12602,1624915987079,50.008681142,1,0,0,9,21,1288,12,1462,8,0,0,0,26,67,6529089,0,35,9,142,11559,2367537,21170,1311,2,194694,140914,60719,61389,23991,13201,23999,12915,71,1091,1091,33,43117,20799,23264558,2241,79,424,2836,4414099,4413988,114,130,78,90,168,6528686,4191080,93,129,3170,336,1404,0,90,0,918,8267946,2934,0,497,11,6,4,1555,18,13,1568,7,2,1,10
12652,1624916043557,50.009397015,1,0,0,17,37,1296,20,2274,8,0,0,0,70,71,6447206,0,29,9,176,11663,2278316,21678,1311,2,194582,140260,64224,66392,23706,12719,24255,12631,88,1097,1097,37,42682,20242,22769533,2245,97,427,2854,4425376,4425251,118,134,97,123,200,6447117,4201718,102,157,3044,335,1212,0,111,0,920,8099041,3078,0,506,11,8,14,1560,14,18,1578,11,8,6,15
12702,1624916100555,50.009136458,1,0,0,6,22,2565,16,2848,12,0,0,0,0,65,6334834,0,31,12,158,11961,2173106,21173,2625,1,194590,140866,63646,64276,24244,13328,24292,12820,79,1134,1135,64,44058,21048,22119051,2264,78,425,2837,4417881,4417776,120,134,77,90,170,6334645,4191398,95,128,3193,337,1432,11,90,2,955,7887241,2859,0,478,4,11,5,2864,18,15,2879,2,3,2,4
12752,1624916157190,50.011772847,1,0,0,9,22,1288,13,1452,9,0,0,0,4,47,6584437,0,28,9,148,17402,2403970,21292,1313,2,194961,141136,61398,62196,24089,13640,24144,13293,74,1087,1087,37,43686,20944,23538591,2223,78,422,2834,4438253,4438158,118,134,76,90,168,6584210,4213650,94,127,3149,329,1402,0,89,0,915,8342919,2872,0,475,8,10,8,1552,18,13,1565,4,3,1,7
12802,1624916214220,50.009631135,1,0,0,9,22,1288,13,1455,8,0,0,0,16,73,6401889,0,35,9,146,25944,2226885,20389,1313,2,192279,138703,58241,59407,22488,12438,23679,13324,73,1085,1085,33,41266,19455,22437637,2229,75,422,2828,4428098,4428002,114,130,73,87,164,6401805,4208356,93,125,3135,321,1382,0,85,0,911,8037559,2817,0,474,10,6,5,1564,17,10,1574,10,3,2,13
12852,1624916271121,50.009753861,1,0,0,9,22,1288,13,1441,8,0,0,0,38,56,6316537,0,37,9,148,15377,2139653,20672,1312,2,193045,139557,55827,56635,20517,10958,20574,10521,74,1095,1095,33,37150,17585,21918746,2249,73,427,2829,4425263,4425165,116,132,71,83,160,6316376,4208336,93,123,3006,319,1161,0,84,0,913,7917517,2893,0,459,10,6,5,1547,14,10,1557,10,3,2,13
12902,1624916328413,50.009095462,1,0,0,9,22,1288,13,1477,8,0,0,0,52,84,6596828,0,25,9,148,14514,2422492,21384,1310,2,195710,141701,60671,61469,23984,13359,24041,13324,74,1088,1088,33,43143,20833,23620392,2234,79,426,2836,4429865,4429767,116,127,78,91,168,6596649,4206413,93,129,3164,336,1413,0,91,0,917,8404039,2974,0,510,9,6,5,1559,17,10,1569,8,3,2,10
12952,1624916385411,50.008846687,1,0,0,10,23,1289,13,1446,8,0,0,0,52,63,6589552,0,25,9,148,18813,2385996,21906,1311,2,194916,141237,61738,62356,26025,15218,23988,12694,74,1087,1087,37,43716,22870,23488701,2225,77,428,5407,4461731,4461625,116,132,76,90,168,6589218,4234490,94,127,3150,336,1415,0,90,0,924,8347485,3029,0,510,9,6,5,1585,18,14,1599,9,3,2,12
13002,1624916441320,50.010175145,1,0,0,9,22,1288,13,1457,8,0,0,0,14,66,6585172,0,35,9,148,18169,2407574,21573,1309,2,195636,141540,61020,62132,23514,13234,24149,13293,74,1141,1142,64,43081,20396,23566978,2278,78,427,2832,4433524,4433426,116,132,76,90,170,6585060,4208269,95,128,3192,329,1418,11,89,2,966,8368070,2915,0,458,10,6,5,1551,17,10,1561,10,3,2,13
13052,1624916498172,50.008760021,1,0,0,9,22,1288,13,1440,8,0,0,0,2,48,6356051,0,37,9,148,27871,2166049,20224,1311,2,193524,139966,57232,57799,20649,11180,20663,10867,74,1101,1101,37,37824,17664,22135614,2253,74,425,2828,4441799,4441690,116,133,73,86,164,6355641,4222427,94,125,3006,318,1167,0,86,0,921,7949236,2774,0,429,10,6,5,1528,14,10,1538,10,3,2,13
13102,1624916555002,50.009164451,1,0,0,9,22,1288,13,1459,8,0,0,0,10,79,6456918,0,30,9,146,19116,2250609,20392,1312,2,195640,141487,58493,59388,23564,13889,23639,13450,73,1090,1090,33,42235,20603,22670544,2237,75,426,2834,4460937,4460839,114,130,74,86,159,6456733,4238227,89,124,3162,329,1403,0,85,0,916,8149534,2820,0,456,10,6,5,1541,17,10,1551,10,4,3,14
13152,1624916611826,50.010878498,1,0,0,6,22,2565,16,2807,12,0,0,0,23,63,6407981,0,25,12,158,19576,2220246,20613,2622,1,193269,139877,61757,62515,23953,13703,24008,13261,79,1075,1075,33,43104,20807,22452013,2209,79,420,2834,4442873,4442768,120,136,78,92,168,6407697,4219905,93,129,3135,329,1408,0,90,0,910,8064753,2809,0,465,9,11,5,2865,18,15,2880,8,3,2,11
13202,1624916668718,50.009566425,1,0,0,9,22,1288,13,1441,8,0,0,0,4,77,6427133,0,25,9,146,25649,2224565,20464,1312,2,194011,139913,57781,59131,21292,11181,23583,12820,73,1092,1092,33,39981,18258,22505083,2243,74,426,2830,4454340,4454241,114,130,73,87,164,6426988,4233731,93,125,3150,328,1381,0,86,0,914,8073116,2794,0,460,9,6,5,1548,17,10,1558,9,3,2,11
13252,1624916725590,50.009173957,1,0,0,9,22,1288,13,1428,8,0,0,0,0,88,6470282,0,39,9,148,15500,2256429,20436,1311,2,192946,139490,56154,57043,20487,10455,20552,10363,74,1148,1149,64,37438,17611,22682364,2293,72,429,2832,4464577,4464488,116,132,70,83,157,6470058,4246258,91,121,3054,326,1191,11,82,2,965,8219752,2767,0,434,10,6,5,1538,14,10,1548,10,3,2,13
13302,1624916782134,50.008874327,1,0,0,9,22,1288,13,1449,8,0,0,0,62,59,6721100,0,61,9,148,12897,2513394,22024,1311,2,194845,141175,62474,63293,24298,13212,24510,13167,74,1094,1094,37,44073,21033,24216235,2239,81,425,2836,4464759,4464653,116,132,81,98,186,6720755,4239469,98,134,2947,350,1462,0,98,0,922,8515231,3091,0,499,10,6,5,1585,17,10,1595,10,3,2,13
