time,timestamp,seconds,connectivity,cpuUser,cpuSystem,cpuNice,cpuIdle,cpuIowait,cpuHardIrq,cpuSoftIrq,tasks,tasksRunning,tasksSleeping,tasksStopped,tasksZombie,ramFree,ramUsed,ramCache,memAvail,iface0RX,iface0TX,iface1RX,iface1TX,numEncrypted,alarmtimer:alarmtimer_fired,alarmtimer:alarmtimer_start,block:block_bio_backmerge,block:block_bio_remap,block:block_dirty_buffer,block:block_getrq,block:block_touch_buffer,block:block_unplug,cachefiles:cachefiles_create,cachefiles:cachefiles_lookup,cachefiles:cachefiles_mark_active,clk:clk_set_rate,cpu-migrations,cs,dma_fence:dma_fence_init,fib:fib_table_lookup,filemap:mm_filemap_add_to_page_cache,gpio:gpio_value,ipi:ipi_raise,irq:irq_handler_entry,irq:softirq_entry,jbd2:jbd2_handle_start,jbd2:jbd2_start_commit,kmem:kfree,kmem:kmalloc,kmem:kmem_cache_alloc,kmem:kmem_cache_free,kmem:mm_page_alloc,kmem:mm_page_alloc_zone_locked,kmem:mm_page_free,kmem:mm_page_pcpu_drain,mmc:mmc_request_start,net:net_dev_queue,net:net_dev_xmit,net:netif_rx,page-faults,pagemap:mm_lru_insertion,preemptirq:irq_enable,qdisc:qdisc_dequeue,random:get_random_bytes,random:mix_pool_bytes_nolock,random:urandom_read,raw_syscalls:sys_enter,raw_syscalls:sys_exit,rpm:rpm_resume,rpm:rpm_suspend,sched:sched_process_exec,sched:sched_process_free,sched:sched_process_wait,sched:sched_switch,sched:sched_wakeup,signal:signal_deliver,signal:signal_generate,skb:consume_skb,skb:kfree_skb,skb:skb_copy_datagram_iovec,sock:inet_sock_set_state,task:task_newtask,tcp:tcp_destroy_sock,tcp:tcp_probe,timer:hrtimer_start,timer:timer_start,udp:udp_fail_queue_rcv_skb,workqueue:workqueue_activate_work,writeback:global_dirty_state,writeback:sb_clear_inode_writeback,writeback:wbc_writepage,writeback:writeback_dirty_inode,writeback:writeback_dirty_inode_enqueue,writeback:writeback_dirty_page,writeback:writeback_mark_inode_dirty,writeback:writeback_pages_written,writeback:writeback_single_inode,writeback:writeback_write_inode,writeback:writeback_written
50.0104,1654845926186,50.010357561,1,2.2,23.3,0.0,74.4,0.0,0.0,0.0,126,1,74,0,2,1246556,99064,566752,1532948,87518,1060991,1120,1120,0,0,0,12,26,12,14,454,5,0,0,0,88,73,6730099,0,80,6,150,11070,2567065,24585,3,3,189096,137118,68898,67567,13105,2732,12221,1102,232,1305,1320,33,26223,9315,24388044,2669,105,427,267,4411539,4411396,213,124,101,124,221,6729323,4194323,124,167,3198,310,685,9,128,1,1176,8512627,3817,0,800,10,2,9,214,3,12,226,10,3,2,13
100.021,1654845977878,50.010451437,1,0.9,19.9,0.0,79.3,0.0,0.0,0.0,126,1,73,0,2,1247620,97808,566944,1534196,89791,1095535,1120,1120,0,0,0,6,15,5,9,10,3,0,0,0,92,37,6848724,0,62,3,132,6456,2675084,26060,1,2,200786,149124,77962,78755,10177,1827,10350,1606,262,1629,1637,33,19797,6981,25065841,3317,83,437,238,4442819,4442700,243,117,83,103,186,6847967,4206755,113,153,3737,289,535,9,103,2,1263,8751682,4520,0,1311,7,2,6,212,0,3,215,7,4,3,10
150.031,1654846029408,50.010451351,1,8.5,23.3,0.0,68.2,0.0,0.0,0.0,124,1,72,0,2,1246860,98548,566964,1533456,88539,992350,10281,10281,0,0,0,6,14,5,8,23,3,0,0,0,0,30,6912466,0,79,3,128,10738,2707557,25815,1,2,184064,132671,54451,54985,10740,1856,10750,1323,235,1217,1218,65,21363,7447,25240434,2429,87,425,239,4444541,4444418,225,119,87,107,192,6911749,4239184,111,153,2788,313,493,21,107,5,1150,8924277,3282,0,572,8,2,5,180,1,5,185,8,3,2,11
200.041,1654846080940,50.010307269,1,2.0,22.4,0.0,75.6,0.0,0.0,0.0,124,1,72,0,2,1247392,98004,566976,1534000,75326,975733,1120,1120,0,0,0,6,14,5,8,4,3,0,0,0,30,28,6834903,0,69,3,128,4400,2649918,24113,1,2,182732,131529,49262,49786,9863,1643,9865,1071,254,1103,1103,33,19091,6767,24828972,2265,81,420,239,4417161,4417042,228,121,81,98,180,6834051,4218614,107,146,2629,293,463,8,99,1,1061,8760348,3199,0,472,8,2,5,177,1,5,182,8,3,2,11
250.051,1654846132453,50.010415812,1,1.2,15.5,0.0,83.3,0.0,0.0,0.0,122,1,71,0,2,1248140,97240,566992,1534760,80344,990628,1330,1330,0,0,0,6,14,5,8,8,3,0,0,0,42,35,6819103,0,72,3,128,12436,2624515,23499,1,2,184489,133097,52237,53198,10244,1706,10425,1543,63,1149,1149,37,20390,7144,24725303,2348,80,421,240,4425774,4425659,104,118,80,104,190,6818341,4224452,108,150,2503,291,342,19,100,5,1096,8713331,3054,0,408,8,2,5,203,1,5,208,8,3,2,11
300.061,1654846183953,50.010419300,1,1.2,14.8,0.0,84.0,0.0,0.0,0.0,124,1,71,0,2,1248384,96984,567004,1535016,76304,990233,1120,1120,0,0,0,8,17,8,8,7,4,0,0,0,26,44,6484051,0,72,4,128,18436,2300067,22761,2,2,185379,133392,49324,49795,9859,1773,9870,1386,224,1119,1119,33,19070,6783,22785097,2297,81,425,239,4412563,4412447,222,122,81,99,180,6483274,4211655,107,146,2653,293,450,9,101,2,1075,8137861,3204,0,475,9,2,5,175,2,8,183,9,3,2,12
350.072,1654846235481,50.010580805,1,0.6,22.1,0.0,77.4,0.0,0.0,0.0,123,1,71,0,2,1248240,97108,567024,1534892,79405,993441,1330,1330,0,0,0,6,15,5,9,7,3,0,0,0,20,39,6909453,0,72,3,130,13440,2705440,25086,2,2,185890,133898,51527,52092,10217,1779,10258,1449,249,1137,1137,37,20165,7046,25243543,2325,83,427,238,4440346,4440228,220,116,83,105,187,6908742,4236983,107,149,2711,288,507,10,104,2,1092,8861555,3271,0,471,7,2,6,186,0,3,189,7,3,2,10
400.082,1654846287050,50.010077599,1,0.5,26.6,0.0,72.9,0.0,0.0,0.0,123,1,71,0,2,1248540,96804,567028,1535196,78132,989139,2152,2152,0,0,0,6,14,5,8,17,3,0,0,0,110,26,6936258,0,80,3,128,16026,2755612,24201,1,2,185176,133411,51218,51699,10236,1973,10270,1512,266,1150,1150,51,19800,7075,25478983,2323,86,429,240,4413817,4413690,247,121,86,106,190,6934930,4212725,110,156,2707,295,498,38,106,8,1090,8935430,3496,0,529,8,2,5,193,1,5,198,8,3,2,11
450.092,1654846338607,50.010178974,1,6.5,15.0,0.0,78.5,0.0,0.0,0.0,126,3,73,0,1,1251848,97248,563276,1538516,82050,985386,10071,10071,0,0,0,6,14,5,8,7,3,0,0,0,50,33,6892093,0,68,3,128,5996,2697673,24160,1,2,183729,132298,49969,50095,12141,4009,12962,4220,260,1149,1150,61,19559,9036,25140977,2301,82,427,241,4428927,4428812,241,119,82,99,180,6891382,4229081,105,143,2667,299,473,19,101,4,1101,8860741,3314,0,500,8,2,5,186,1,5,191,8,3,2,11
500.103,1654846390237,50.010591084,1,1.4,21.2,0.0,77.3,0.0,0.0,0.0,125,1,72,0,2,1252072,97004,563296,1538756,75226,982244,1330,1330,0,0,0,6,14,5,8,1,3,0,0,0,26,37,6536176,0,61,3,128,5609,2383587,21366,1,2,183734,132547,49935,50418,9914,1732,9912,1102,64,1117,1117,37,19596,6822,23197936,2285,79,418,237,4381787,4381669,106,122,79,97,180,6535460,4182125,106,142,2367,286,220,8,97,1,1072,8288800,2902,0,402,8,2,5,179,1,5,184,8,3,2,11
550.113,1654846441751,50.010410909,1,2.4,19.9,0.0,77.7,0.0,0.0,0.0,124,2,71,0,2,1251560,97504,563308,1538256,74720,975944,1120,1120,0,0,0,6,14,5,8,5,3,0,0,0,70,18,7009495,0,60,3,128,3747,2829867,22756,1,2,182853,131697,49178,49749,9881,1643,9904,1165,80,1107,1107,33,19074,6781,25890730,2273,81,418,239,4410445,4410333,112,122,81,100,180,7008809,4211961,106,145,2527,293,439,8,99,1,1059,9098993,3075,0,442,8,2,5,179,1,5,184,8,3,2,11
600.125,1654846493274,50.011961624,1,1.0,13.6,0.0,85.4,0.0,0.0,0.0,125,1,72,0,2,1251868,97184,563320,1538576,75387,980088,1330,1330,0,0,0,6,14,5,8,13,3,0,0,0,105,31,6902130,0,68,3,128,7798,2739957,23628,1,2,184429,133006,51172,51783,10214,1529,10239,1354,257,1112,1112,37,20100,6999,25332498,2275,87,426,237,4397742,4397615,231,122,87,107,188,6901227,4196093,108,152,2625,287,445,8,108,1,1066,8860061,3417,0,538,8,2,5,181,1,5,186,8,3,2,11
650.135,1654846544792,50.010335880,1,1.5,17.0,0.0,81.5,0.0,0.0,0.0,125,1,72,0,2,1251624,97424,563324,1538340,76048,981258,1148,1148,0,0,0,6,14,5,8,25,3,0,0,0,2,40,6760771,0,74,3,128,8014,2574421,23997,1,2,183969,132338,50372,50884,10189,2034,10210,1512,299,1114,1114,33,19596,6966,24399378,2287,89,422,239,4419507,4419383,268,122,89,108,188,6759879,4217985,111,158,2718,294,523,9,108,2,1066,8699964,3154,0,513,8,2,5,172,1,5,177,8,3,2,11
700.146,1654846596305,50.010555319,1,1.7,21.5,0.0,76.8,0.0,0.0,0.0,126,1,73,0,2,1251576,97464,563332,1538300,78473,988705,1330,1330,0,0,0,6,13,5,7,15,3,0,0,0,32,44,6712565,0,83,2,124,10365,2524346,23737,1,1,185239,133455,54023,54561,10700,1981,10715,1323,230,1137,1137,37,21026,7390,24119362,2324,89,424,240,4425367,4425242,214,118,89,109,195,6711826,4220717,109,156,2746,294,543,19,109,4,1082,8502646,3318,0,491,6,2,5,193,1,5,198,2,3,2,5
750.157,1654846647842,50.010785830,1,1.5,23.3,0.0,75.2,0.0,0.0,0.0,125,1,73,0,2,1251600,97420,563352,1538344,83142,991423,10281,10281,0,0,0,6,14,5,8,6,3,0,0,0,42,46,6545317,0,67,3,128,14897,2363203,21708,1,2,185270,133503,51578,52095,10265,1845,10274,1575,242,1170,1171,65,20192,7089,23165238,2335,84,429,240,4414470,4414352,228,121,84,103,186,6544570,4210803,109,149,2704,298,493,20,103,4,1113,8247499,3266,0,504,8,2,5,175,1,5,180,8,3,2,11
800.167,1654846699420,50.010182986,1,6.8,21.1,0.0,72.1,0.0,0.0,0.0,125,1,73,0,2,1251896,97104,563372,1538660,77956,991571,1120,1120,0,0,0,8,17,8,9,3,4,0,0,0,0,61,6328243,0,68,4,132,14116,2152304,22821,2,2,184607,132978,48545,49091,9665,2009,9694,1827,66,1124,1124,33,18847,6691,21867837,2307,77,421,239,4405219,4405107,108,124,77,95,176,6327546,4206323,105,140,2415,295,236,9,94,2,1076,7895729,2908,0,396,10,2,5,173,2,8,181,10,3,2,13
850.177,1654846750964,50.010383794,1,2.0,23.0,0.0,75.0,0.0,0.0,0.0,126,1,74,0,2,1251052,97936,563384,1537828,77773,982200,1330,1330,0,0,0,6,15,5,9,5,3,0,0,0,70,39,6623909,0,61,3,130,8087,2464136,23735,2,2,184278,132795,51344,51312,10176,1716,10091,1228,243,1120,1120,37,20127,7034,23691375,2290,83,423,238,4393475,4393357,226,120,83,101,184,6623129,4191790,107,147,2680,286,511,9,102,2,1075,8528107,3359,0,507,7,2,6,179,0,3,182,7,3,2,9
900.187,1654846802519,50.010256325,1,0.9,17.6,0.0,81.5,0.0,0.0,0.0,124,1,73,0,2,1251348,97624,563400,1538136,78025,979879,1120,1120,0,0,0,6,14,5,8,15,3,0,0,0,84,28,6931599,0,67,3,126,5972,2745702,24978,1,2,183298,131970,50474,51419,10196,1336,10388,1008,265,1123,1123,33,19653,7058,25410925,2305,85,423,240,4418349,4418229,235,120,85,107,189,6930980,4219091,110,156,2734,295,551,12,104,3,1072,8908880,3408,0,535,8,2,5,188,1,5,193,8,3,2,11
950.197,1654846854039,50.010378269,1,1.7,21.1,0.0,77.2,0.0,0.0,0.0,122,2,70,0,2,1252156,96804,563412,1538956,76166,984595,1330,1330,0,0,0,6,14,5,8,6,3,0,0,0,0,54,6561188,0,59,3,126,16250,2365238,23076,1,2,184630,132875,50671,52055,9998,1966,10328,1858,310,1121,1121,37,19837,6895,23190693,2293,83,423,237,4431360,4431241,274,120,83,104,189,6560437,4229476,108,151,2693,285,462,13,102,4,1077,8312416,3211,0,515,8,2,5,174,1,5,179,8,3,2,11
1000.21,1654846905544,50.015530467,1,2.0,18.4,0.0,79.5,0.0,0.0,0.0,123,1,72,0,2,1251892,97056,563424,1538704,76440,981368,2150,2150,0,0,0,6,14,5,8,8,3,0,0,0,6,59,6387874,0,76,3,126,10519,2243972,23557,1,2,183342,131820,47498,48230,9514,1705,9569,1196,277,1129,1129,51,18410,6593,22355299,2281,78,422,239,4369546,4369434,253,120,78,97,174,6387108,4171676,102,139,2655,297,448,30,94,6,1079,8108473,3122,0,496,8,2,5,163,1,5,168,8,3,2,11
1050.22,1654846957066,50.010390629,1,1.6,13.2,0.0,85.2,0.0,0.0,0.0,125,1,73,0,2,1251200,97736,563436,1538024,82319,994723,10281,10281,0,0,0,6,14,5,8,1,3,0,0,0,2,53,6442475,0,68,3,126,13083,2276962,24809,1,2,184941,133389,50639,50804,10108,1928,10000,1385,63,1162,1163,65,19996,6988,22596221,2319,80,425,240,4398663,4398551,104,120,80,97,180,6441714,4197010,105,140,2407,297,243,18,99,3,1115,8085599,2849,0,390,8,2,5,170,1,5,175,8,3,2,11
1100.23,1654847008602,50.010688061,1,5.3,17.8,0.0,76.9,0.0,0.0,0.0,126,3,74,0,1,1250944,97968,563460,1537788,77228,985209,1330,1330,0,0,0,6,14,5,8,7,3,0,0,0,72,32,6672637,0,89,3,126,10546,2513992,23586,1,2,185083,133366,50796,51370,10048,1837,10075,1417,111,1114,1114,37,19856,6913,23971700,2279,83,422,238,4396000,4395883,149,120,83,105,184,6671912,4193772,108,148,2605,288,458,10,103,3,1075,8416776,3227,0,445,8,2,5,187,1,5,192,8,3,2,11
1150.24,1654847060305,50.010454965,1,1.6,12.5,0.0,85.9,0.0,0.0,0.0,125,1,73,0,2,1250520,98400,563452,1537360,75987,981217,1120,1120,0,0,0,6,14,5,8,9,3,0,0,0,20,25,6734159,0,77,3,126,5095,2547012,22622,1,2,183541,132041,49355,49913,9868,1588,9899,1134,316,1114,1114,33,19086,6786,24215775,2287,81,423,239,4419408,4419292,274,120,81,101,180,6733300,4220071,108,147,2703,291,472,8,100,1,1068,8520155,3238,0,517,8,2,5,155,1,5,160,8,3,2,11
1200.25,1654847111897,50.010460382,1,0.6,12.5,0.0,86.8,0.0,0.0,0.0,124,1,73,0,2,1250900,98008,563464,1537752,78749,986541,1330,1330,0,0,0,6,14,5,8,9,3,0,0,0,50,36,6673097,0,111,3,126,14031,2480597,25173,1,2,185182,133378,50826,51375,10040,1997,10058,1826,331,1122,1122,37,19873,6929,23866959,2294,83,427,237,4426942,4426824,289,120,83,102,184,6672357,4224790,107,147,2757,284,471,8,101,1,1077,8413497,3464,0,535,8,2,5,173,1,5,178,8,3,2,11
1250.26,1654847163468,50.010433094,1,2.7,16.0,0.0,81.3,0.0,0.0,0.0,123,1,72,0,2,1251000,97880,563492,1537880,79758,988854,1120,1120,0,0,0,8,17,8,8,12,4,0,0,0,2,57,6675243,0,124,4,128,17212,2477699,26581,2,2,184499,132723,50810,50898,10094,1437,10080,945,290,1124,1124,33,19524,6950,23871984,2307,82,425,241,4431692,4431574,263,124,82,100,182,6674450,4231184,108,148,2737,294,461,13,101,2,1075,8414688,3304,0,491,10,2,5,190,2,8,198,10,3,2,13
1300.27,1654847214997,50.010450954,1,1.2,23.5,0.0,75.3,0.0,0.0,0.0,123,1,71,0,2,1252056,96820,563496,1538940,79991,982294,1358,1358,0,0,0,6,15,5,9,5,3,0,0,0,44,76,6557038,0,106,3,132,12442,2383909,25131,2,2,183993,132508,51647,52552,10207,1497,10377,1102,281,1131,1131,36,20196,7062,23265132,2315,83,428,238,4405989,4405870,251,122,83,105,189,6556303,4204157,110,153,2809,286,578,12,106,3,1078,8242392,3464,0,520,7,2,6,193,0,3,196,7,3,2,9
1350.28,1654847266574,50.010374628,1,3.0,20.1,0.0,76.9,0.0,0.0,0.0,122,1,71,0,2,1251768,97088,563516,1538672,82688,987542,10019,10019,0,0,0,6,14,5,8,3,3,0,0,0,4,52,6936281,0,97,3,128,8856,2717051,23466,1,2,183108,131940,49225,49724,9932,2269,9948,1700,64,1154,1155,60,19233,6892,25284198,2313,78,418,241,4447746,4447637,106,122,78,97,178,6935510,4249750,106,141,2432,296,245,21,95,5,1102,8860568,3004,0,379,8,2,5,180,1,5,185,8,3,2,11
1400.29,1654847318098,50.010152378,1,2.5,21.9,0.0,75.5,0.0,0.0,0.0,124,1,72,0,2,1251404,97448,563520,1538312,74386,978518,1120,1120,0,0,0,6,14,5,8,9,3,0,0,0,102,25,6842046,0,58,3,128,10015,2660780,24454,1,2,183735,132313,49147,49364,9814,2184,9707,1385,356,1103,1103,33,19117,6798,24894024,2265,81,426,238,4413219,4413104,298,122,81,99,178,6841314,4214817,105,143,2676,287,464,8,100,2,1062,8781635,3424,0,560,8,2,5,156,1,5,161,8,3,2,11
1450.3,1654847369622,50.010652225,1,7.0,17.0,0.0,76.0,0.0,0.0,0.0,125,1,72,0,2,1251200,97632,563540,1538128,74975,986368,1330,1330,0,0,0,6,14,5,8,9,3,0,0,0,116,44,6317281,0,55,3,126,27209,2173206,21820,1,2,185641,133842,50736,51174,10038,2122,10058,1480,301,1120,1120,37,19824,6893,21922880,2291,83,430,237,4381570,4381456,271,118,83,101,184,6316581,4179519,107,147,2683,284,467,9,102,2,1076,7902715,3465,0,522,8,2,5,166,1,5,171,8,3,2,11
1500.31,1654847421169,50.010493788,1,1.3,26.9,0.0,71.8,0.0,0.0,0.0,125,1,72,0,2,1250956,97864,563552,1537896,74581,981829,1120,1120,0,0,0,6,14,5,8,7,3,0,0,0,0,52,6399959,0,56,3,128,11029,2223162,22536,1,2,183647,132106,49314,49480,9882,1962,9893,1700,281,1108,1108,33,19098,6795,22299489,2275,81,421,239,4405460,4405343,255,120,81,99,180,6399222,4205911,107,146,2654,291,476,10,99,3,1065,8094202,3007,0,458,8,2,5,186,1,5,191,8,3,2,11
1550.32,1654847472753,50.010460809,1,3.3,22.8,0.0,73.9,0.0,0.0,0.0,125,1,72,0,2,1250952,97864,563556,1537896,75867,980090,2358,2358,0,0,0,6,14,5,8,7,3,0,0,0,102,46,6649976,0,75,3,128,5964,2470774,23672,1,2,184311,132880,50884,51101,10063,2534,10071,2110,293,1136,1136,55,19895,6909,23763270,2287,83,426,237,4411470,4411354,267,118,83,103,185,6649217,4210310,109,149,2671,286,466,30,104,5,1081,8452675,3444,0,524,8,2,5,193,1,5,198,8,3,2,11
1600.33,1654847524296,50.010035706,1,1.3,13.3,0.0,85.0,0.0,0.0,0.3,125,1,72,0,2,1251676,97128,563568,1538632,77730,990614,1120,1120,0,0,0,6,14,5,8,0,3,0,0,0,108,67,6552375,0,62,3,128,12631,2388955,21752,1,2,184622,133210,50056,50600,9940,1573,9957,1197,64,1130,1130,33,19302,6874,23271874,2319,78,428,241,4391157,4391045,106,120,78,98,181,6551602,4192384,106,144,2412,298,256,15,97,3,1082,8320769,3238,0,425,8,2,5,176,1,5,181,8,3,2,11
1650.34,1654847575833,50.010541179,1,1.8,18.6,0.0,79.6,0.0,0.0,0.0,127,1,73,0,2,1250808,97984,563580,1537776,81665,995447,10229,10229,0,0,0,6,14,5,8,13,3,0,0,0,26,56,6458380,0,72,3,128,22085,2296717,22317,1,2,185921,133981,52898,53102,10598,1687,10483,1260,86,1171,1172,64,20830,7326,22703712,2339,89,423,240,4396149,4396026,125,122,89,106,190,6457622,4190926,107,151,2613,292,460,22,108,4,1109,8093456,3006,0,411,8,2,5,174,1,5,179,8,3,2,11
1700.35,1654847627331,50.010339664,1,1.7,20.7,0.0,77.6,0.0,0.0,0.0,126,1,73,0,2,1250724,98048,563600,1537712,75151,981297,1120,1120,0,0,0,8,17,8,9,10,4,0,0,0,30,45,6342400,0,58,4,132,16740,2191745,21754,2,2,183660,132159,49278,49686,9844,1525,9853,1197,271,1115,1115,33,19060,6764,22090354,2288,81,422,238,4374879,4374764,245,124,81,101,180,6341696,4175211,108,147,2662,288,478,8,100,1,1066,7958408,3229,0,497,10,2,5,166,2,8,174,10,3,2,13
1750.36,1654847678848,50.010252924,1,8.0,26.1,0.0,66.0,0.0,0.0,0.0,128,3,74,0,1,1249836,98924,563612,1536836,75944,982334,1120,1120,0,0,0,6,15,5,9,9,3,0,0,0,32,48,6625038,0,59,3,132,7196,2429797,23577,2,2,183616,132153,49915,49580,10012,2064,9929,1826,291,1122,1122,33,19376,6897,23571641,2302,81,423,239,4422705,4422588,262,119,81,100,180,6624110,4222585,108,147,2730,287,548,9,100,2,1069,8413145,3193,0,496,7,2,6,186,0,3,189,7,3,2,10
1800.37,1654847730386,50.011064037,1,1.5,18.3,0.0,80.2,0.0,0.0,0.0,124,1,71,0,2,1252064,96684,563624,1539076,74144,977918,1330,1330,0,0,0,6,14,5,8,5,3,0,0,0,70,41,6589532,0,58,3,128,11029,2416194,22549,1,2,183715,132388,50766,52289,10039,1585,10394,1700,233,1121,1121,37,19886,6921,23420497,2292,83,422,237,4407858,4407737,229,122,83,103,189,6588718,4207003,108,151,2651,285,468,13,101,4,1072,8349365,3263,0,503,8,2,5,179,1,5,184,8,3,2,11
1850.38,1654847781884,50.009710382,1,2.5,16.9,0.0,80.6,0.0,0.0,0.0,122,1,71,0,2,1251788,96940,563644,1538820,84002,1112439,1414,1414,0,0,0,5,13,4,8,7,2,0,0,0,34,51,6392879,0,58,3,128,9886,2218785,22325,1,2,184329,133207,48149,47812,9418,1655,9286,1197,302,1115,1115,37,18278,6468,22258757,2280,77,425,238,4404162,4404058,269,120,76,102,173,6392764,4203563,106,137,2685,288,493,9,94,2,1075,8080037,3240,0,501,6,2,5,154,0,1,155,6,3,2,8
1900.39,1654847839813,50.011410835,1,1.9,24.4,0.0,73.7,0.0,0.0,0.0,123,1,71,0,2,1250260,98440,563672,1537320,88009,1075346,10127,10127,0,0,0,5,13,4,8,8,3,0,0,0,87,30,6663343,0,61,3,126,6009,2474847,24253,1,2,183252,132368,47692,47366,9563,1620,9394,945,236,1151,1152,61,18158,6610,23803786,2305,76,428,241,4417164,4417055,216,120,75,99,174,6663253,4219341,106,140,2695,303,537,19,92,4,1101,8569088,3289,0,509,7,2,5,167,0,1,168,7,3,2,10
1950.4,1654847895974,50.009552870,1,1.4,19.2,0.0,79.1,0.0,0.0,0.3,123,1,71,0,2,1251496,97192,563684,1538568,84743,1091445,1414,1414,0,0,0,5,13,4,8,1,3,0,0,0,2,49,6430873,0,62,3,126,12188,2287444,21591,1,2,182936,132221,47560,47963,9412,1798,9443,1386,63,1127,1128,33,17963,6514,22621038,2313,73,418,241,4369461,4369369,104,120,72,96,176,6430854,4172770,104,139,2412,294,258,16,87,4,1078,8259280,2838,0,371,7,2,5,177,0,1,178,7,3,2,10
2000.41,1654847952925,50.009508316,1,2.3,23.1,0.0,74.6,0.0,0.0,0.0,123,1,71,0,2,1250604,98064,563704,1537696,82529,1086664,1414,1414,0,0,0,5,13,4,8,1,3,0,0,0,108,32,6584046,0,58,3,126,12656,2437253,21934,1,2,182460,132063,45743,45857,9081,1320,9036,756,63,1106,1106,33,17410,6283,23470052,2271,70,421,238,4375629,4375533,104,120,70,93,167,6583840,4181432,103,131,2348,287,217,9,85,2,1066,8514461,3119,0,426,7,2,5,158,0,1,159,7,3,2,10
2050.42,1654848009829,50.012761035,1,1.7,19.6,0.0,78.7,0.0,0.0,0.0,123,1,72,0,2,1251312,97328,563732,1538432,82832,1093175,1386,1386,0,0,0,5,13,4,8,7,3,0,0,0,13,37,6406370,0,58,3,126,14364,2231035,21181,1,2,184379,133212,48256,48016,9488,1594,9422,1102,331,1119,1119,37,18456,6518,22320227,2289,77,425,237,4408585,4408472,279,120,76,101,175,6406178,4208328,106,139,2704,284,501,8,93,1,1075,7996263,3216,0,522,7,2,5,157,0,1,158,7,3,2,10
2100.43,1654848066732,50.010143334,1,1.5,19.1,0.0,79.4,0.0,0.0,0.0,124,2,71,0,2,1250984,97652,563736,1538108,74751,981833,1120,1120,0,0,0,6,14,5,8,9,3,0,0,0,76,27,6781938,0,55,3,128,5097,2594183,24522,1,2,183031,132066,48736,48917,9795,1461,9665,1480,293,1102,1102,33,18870,6752,24513910,2263,82,424,238,4416214,4416106,253,121,81,98,178,6781814,4219147,104,142,2629,288,450,10,96,3,1062,8688852,3324,0,533,8,2,5,172,1,5,177,8,3,2,11
2150.44,1654848118429,50.010495493,1,2.6,23.4,0.0,74.1,0.0,0.0,0.0,123,1,71,0,2,1250640,97972,563760,1537784,86743,1099652,2184,2184,0,0,0,5,13,4,8,7,3,0,0,0,115,17,7008907,0,54,3,126,7061,2835563,24023,1,2,183462,132597,47605,48097,9460,1621,9618,1291,289,1121,1121,33,17951,6560,25896828,2301,74,430,240,4404491,4404387,263,120,74,101,180,7008554,4207553,106,145,2740,295,563,13,92,4,1077,9048943,3554,0,560,7,2,5,187,0,1,188,7,3,2,10
2200.45,1654848175842,50.010856540,1,1.1,18.5,0.0,80.3,0.0,0.0,0.0,122,2,69,0,2,1247672,97140,567560,1534852,91108,1100605,10313,10313,0,0,0,7,16,7,9,11,4,0,0,0,1,35,6948110,0,60,4,132,5437,2731031,23628,2,2,182861,131973,48136,48611,10597,2638,9789,1165,328,1167,1168,60,18264,7625,25397397,2339,75,423,242,4445633,4445535,286,124,75,104,178,6947840,4247349,109,144,2827,295,621,23,95,5,1110,8913826,3249,0,521,10,2,5,171,1,4,175,10,3,2,13
2250.46,1654848233111,50.013662263,1,2.5,23.0,0.0,74.5,0.0,0.0,0.0,121,1,69,0,2,1248096,96704,567572,1535288,84991,1094349,1414,1414,0,0,0,6,14,4,8,7,3,0,0,0,0,56,6325971,0,53,3,128,11728,2146129,20257,2,2,184402,133072,47365,47848,9482,1780,9474,1008,293,1127,1127,33,18059,6527,21830102,2313,75,426,239,4409001,4408904,268,122,75,98,176,6325817,4210237,103,139,2729,287,527,10,90,2,1084,7858762,3139,0,486,6,2,6,172,0,1,173,6,3,2,8
2300.47,1654848289787,50.009919159,1,2.7,19.4,0.0,77.9,0.0,0.0,0.0,122,1,70,0,2,1247088,97684,567600,1534308,82356,1087591,1414,1414,0,0,0,5,13,4,8,6,3,0,0,0,62,37,6723557,0,53,3,128,7434,2570128,23425,1,2,183304,132525,48918,48746,9617,1589,9391,913,290,1105,1105,37,18889,6655,24280691,2261,79,424,237,4387082,4386972,261,122,79,99,180,6723413,4187751,105,139,2662,284,508,7,95,1,1067,8591757,3307,0,512,7,2,5,171,0,1,172,7,3,2,10
2350.48,1654848347051,50.010043170,1,2.0,17.1,0.0,80.9,0.0,0.0,0.0,121,1,70,0,2,1246756,98004,567612,1533988,85887,1091610,1414,1414,0,0,0,5,13,4,8,14,3,0,0,0,70,56,6587889,0,54,3,128,12779,2404488,22459,1,2,183532,132727,49368,49919,9794,2133,9857,1480,305,1122,1122,37,19022,6767,23412665,2295,81,424,238,4411681,4411575,263,122,80,106,186,6587876,4211929,105,148,2727,283,553,10,98,2,1079,8352808,3366,0,530,7,2,5,182,0,1,183,7,3,2,10
2400.49,1654848404335,50.008070881,1,2.4,16.0,0.0,81.0,0.0,0.0,0.6,120,1,69,0,2,1247840,96904,567628,1535084,80880,1024528,1148,1148,0,0,0,6,14,5,8,1,3,0,0,0,80,39,6797986,0,54,3,128,5084,2606567,23258,1,2,181833,131367,47065,47074,9453,2020,9598,1574,94,1122,1122,33,18215,6602,24590301,2303,73,419,240,4414533,4414438,122,122,73,93,172,6797730,4220570,102,138,2471,290,334,11,92,2,1073,8758454,3103,0,426,8,2,5,187,1,5,192,8,3,2,11
2450.5,1654848458159,50.010121596,1,1.5,19.7,0.0,78.8,0.0,0.0,0.0,121,1,71,0,2,1247356,97360,567656,1534628,90989,1097550,10313,10313,0,0,0,5,13,4,8,0,3,0,0,0,16,55,6601542,0,63,3,128,13360,2433097,24158,1,2,182106,131671,46305,46070,9223,1636,8981,850,64,1151,1152,60,17610,6429,23502521,2307,72,417,241,4396988,4396896,106,122,71,94,163,6601408,4201561,100,126,2402,299,255,18,84,3,1104,8463296,2898,0,369,7,2,5,165,0,1,166,7,3,2,10
2500.51,1654848515290,50.009677335,1,2.3,21.3,0.0,76.4,0.0,0.0,0.0,123,1,72,0,2,1246444,98252,567676,1533736,83116,1084031,1414,1414,0,0,0,5,13,4,8,7,3,0,0,0,6,58,6391937,0,54,3,128,8905,2203222,24384,1,2,183518,132445,48625,48091,9803,1938,9436,1354,133,1104,1104,33,18968,6750,22202165,2267,82,419,238,4415399,4415294,166,122,81,96,176,6391826,4216725,102,139,2566,287,443,7,93,1,1065,8064770,2879,0,399,7,2,5,168,0,1,169,7,3,2,10
2550.52,1654848571761,50.010331382,1,0.9,18.6,0.0,80.5,0.0,0.0,0.0,123,1,72,0,2,1246388,98304,567680,1533684,81812,987927,1330,1330,0,0,0,6,14,5,8,7,3,0,0,0,48,50,6600118,0,114,3,126,15543,2424214,24144,1,2,183729,132676,51758,51976,10152,1599,10084,1353,265,1127,1127,37,20067,7027,23489491,2305,85,424,239,4410460,4410356,242,120,84,102,187,6600034,4210008,106,148,2735,287,494,16,98,4,1077,8336253,3410,0,505,8,2,5,176,1,5,181,8,3,2,11
2600.53,1654848623508,50.010032038,1,1.5,21.6,0.0,76.9,0.0,0.0,0.0,123,1,72,0,2,1247244,97436,567692,1534552,77257,998538,1148,1148,0,0,0,6,14,5,8,16,3,0,0,0,38,40,6637270,0,74,3,128,12213,2466348,24690,1,2,185012,133448,49478,49498,9977,1778,9812,1322,248,1115,1115,33,19111,6850,23724610,2289,86,427,239,4404498,4404382,235,122,85,102,182,6637057,4204624,105,147,2657,291,455,9,99,2,1074,8394493,3210,0,492,8,2,5,180,1,5,185,8,3,2,11
2650.54,1654848675500,50.009684913,1,1.6,24.5,0.0,73.4,0.0,0.0,0.5,122,1,71,0,2,1247304,97348,567720,1534640,76333,986113,2390,2390,0,0,0,8,17,8,8,16,4,0,0,0,70,39,6887331,0,80,4,126,6757,2688122,25530,2,2,183937,132807,51322,51352,10201,1661,10136,1385,289,1137,1137,55,20104,7026,25115447,2289,88,424,237,4432766,4432653,267,122,87,106,191,6887198,4232128,113,157,2712,286,519,32,107,6,1076,8844093,3399,0,523,10,2,5,174,2,8,182,10,3,2,13
2700.55,1654848727342,50.011259626,1,2.6,21.0,0.0,76.1,0.0,0.0,0.3,121,1,71,0,2,1246968,97680,567724,1534308,76169,992362,1148,1148,0,0,0,6,15,5,9,16,3,0,0,0,97,45,6387142,0,57,3,132,18742,2233776,23441,2,2,183955,132583,49707,49793,10066,1150,10020,881,286,1105,1105,33,19430,6911,22314818,2269,85,429,238,4383505,4383389,263,122,85,103,184,6386947,4185138,105,148,2642,292,454,9,103,2,1064,8013480,3381,0,521,7,2,6,182,0,3,185,7,3,2,9
2750.66,1654848779446,50.106798032,1,1.2,16.7,0.0,82.1,0.0,0.0,0.0,120,1,70,0,2,1247140,97488,567744,1534500,83875,1007665,10047,10047,0,0,0,6,14,5,8,1,3,0,0,0,50,41,6656277,0,62,3,128,15504,2460015,24078,1,2,183888,132780,49272,49056,10033,2082,9997,1921,64,1169,1170,60,19344,7031,23740149,2343,78,421,266,4427157,4427060,106,121,78,91,179,6656476,4229506,104,141,2481,290,327,24,96,6,1114,8468434,3027,0,381,8,2,5,200,1,5,205,8,3,2,11
2800.67,1654848831718,50.012843826,1,2.2,15.5,0.0,82.3,0.0,0.0,0.0,120,1,70,0,2,1248656,95960,567756,1536028,81873,1082398,1386,1386,0,0,0,5,13,4,8,7,3,0,0,0,115,39,6392472,0,56,3,126,21249,2229652,22141,1,2,185518,134152,50010,49904,9978,1468,9805,1197,72,1123,1123,37,19595,6846,22295815,2297,83,425,237,4399932,4399822,107,118,83,100,182,6392255,4198614,104,143,2548,284,437,9,97,2,1080,8118289,3236,0,421,7,2,5,181,0,1,182,7,3,2,10
2850.68,1654848887890,50.010081252,1,1.2,17.6,0.0,81.2,0.0,0.0,0.0,121,2,70,0,2,1246680,97916,567776,1534072,82010,1080429,1386,1386,0,0,0,5,13,4,8,15,3,0,0,0,70,42,6616904,0,57,3,128,13952,2441767,23989,1,2,185492,134075,49054,49392,9763,1343,9681,787,302,1121,1121,37,18979,6690,23590698,2293,84,429,237,4409255,4409133,270,122,83,104,182,6616672,4207757,105,146,2681,284,478,7,97,1,1081,8540476,3329,0,528,7,2,5,165,0,1,166,7,3,2,10
2900.7,1654848944177,50.020918864,1,1.2,22.4,0.0,76.5,0.0,0.0,0.0,122,1,71,0,2,1247292,97284,567796,1534704,75393,991123,1120,1120,0,0,0,6,14,5,8,8,3,0,0,0,66,56,6624641,0,54,3,126,8695,2457219,22452,1,2,184209,132898,48623,49062,9758,1590,9648,1260,289,1112,1112,33,18787,6721,23659423,2283,82,427,239,4396604,4396499,262,120,82,97,178,6624351,4198229,104,142,2641,291,435,9,93,2,1073,8545441,3250,0,487,8,2,5,172,1,5,177,8,3,2,11
2950.71,1654848996064,50.009819145,1,3.7,13.7,0.0,82.6,0.0,0.0,0.0,124,1,72,0,2,1246824,97732,567816,1534256,88114,1103306,1414,1414,0,0,0,5,13,4,8,11,3,0,0,0,2,51,6344055,0,55,3,128,18942,2164206,23332,1,2,183564,132488,49120,49989,9801,2190,9973,1638,287,1129,1129,33,18715,6766,21976155,2317,79,424,240,4411858,4411750,261,121,78,102,186,6343900,4212543,107,148,2768,293,575,11,94,2,1080,7897284,3172,0,468,7,2,5,202,0,1,203,7,3,2,10
3000.73,1654849053297,50.021654376,1,7.8,14.7,0.0,77.5,0.0,0.0,0.0,121,1,69,0,2,1248048,96484,567840,1535500,92118,1094536,10313,10313,0,0,0,5,13,4,8,9,3,0,0,0,68,55,6684567,0,61,3,128,8611,2534929,23577,1,2,183024,132235,49968,50546,10128,1785,10171,1386,260,1166,1167,60,19457,7034,24097744,2335,83,428,241,4381052,4380945,247,121,82,102,185,6684319,4182516,106,147,2747,295,546,23,95,5,1108,8508192,3338,0,500,7,2,5,187,0,1,188,7,3,2,10
3050.74,1654849110494,50.012517543,1,2.7,15.1,0.0,82.2,0.0,0.0,0.0,122,1,70,0,2,1246964,97556,567852,1534428,84613,1099136,1414,1414,0,0,0,5,13,4,8,7,3,0,0,0,1,45,6437260,0,62,3,126,15045,2246896,22320,1,2,184825,133530,49774,49677,9749,1911,9585,1008,244,1130,1130,37,19089,6759,22476913,2311,78,424,239,4421971,4421856,227,120,77,101,182,6437033,4220618,104,143,2653,287,448,14,94,3,1087,8107528,3060,0,462,7,2,5,179,0,1,180,7,3,2,10
3100.75,1654849167384,50.009950552,1,0.9,12.9,0.0,86.2,0.0,0.0,0.0,123,1,71,0,2,1247036,97456,567880,1534528,81968,1083323,1414,1414,0,0,0,5,13,4,8,7,3,0,0,0,14,42,6355270,0,61,3,128,13335,2222932,22432,1,2,183766,132700,46235,46347,9088,1433,8963,787,314,1115,1115,37,17678,6278,22185330,2280,74,424,237,4363194,4363085,274,122,73,95,168,6355100,4164941,102,136,2676,283,481,8,89,2,1073,7979899,3168,0,508,7,2,5,166,0,1,167,7,3,2,10
3150.76,1654849224087,50.009925809,1,9.8,20.1,0.0,70.1,0.0,0.0,0.0,123,1,71,0,2,1246264,98200,567908,1533784,82465,1092012,1386,1386,0,0,0,7,16,7,8,12,4,0,0,0,94,29,6744276,0,53,4,128,15425,2562210,24014,2,2,184614,133500,48214,48392,9467,1619,9405,1039,293,1120,1120,37,18405,6497,24331255,2291,77,428,238,4413796,4413701,266,123,76,102,174,6744195,4214173,105,137,2653,288,437,9,93,2,1074,8637937,3405,0,523,10,2,5,179,1,4,183,10,3,2,13
3200.77,1654849280965,50.012740477,1,0.0,17.8,0.0,82.2,0.0,0.0,0.0,121,1,70,0,2,1246000,98444,567928,1533540,87585,1096486,2234,2234,0,0,0,5,14,4,9,1,3,0,0,0,7,36,6311360,0,74,3,132,7693,2190264,20564,2,2,182202,131719,48332,48706,9590,1963,9710,1669,66,1157,1157,51,18239,6633,21978451,2337,71,417,242,4344289,4344181,106,122,71,97,182,6311209,4147857,106,142,2487,296,348,41,88,9,1097,7872399,2928,0,374,6,2,6,173,0,1,174,6,3,2,8
3250.78,1654849338052,50.009583020,1,6.4,21.9,0.0,71.6,0.0,0.0,0.0,121,4,71,0,1,1247060,97380,567932,1534604,77123,995620,1330,1330,0,0,0,6,14,5,8,9,3,0,0,0,66,48,6709719,0,55,3,128,9094,2520001,23486,1,2,183059,132084,49160,49119,9863,2216,9891,1732,226,1106,1106,33,19180,6793,24086544,2271,82,426,238,4417394,4417277,225,122,81,99,180,6709535,4219945,105,144,2631,291,472,8,99,1,1061,8581478,3218,0,484,8,2,5,184,1,5,189,8,3,2,11
3300.8,1654849390516,50.017361420,1,0.9,20.5,0.0,78.6,0.0,0.0,0.0,123,1,71,0,2,1246332,98088,567952,1533896,85718,1016818,10229,10229,0,0,0,6,14,5,8,7,3,0,0,0,42,65,6531485,0,68,3,128,22209,2384921,23931,1,2,185712,134046,52519,52404,10425,2161,10126,1449,332,1171,1172,64,20426,7246,23212374,2339,86,429,241,4385484,4385368,276,121,84,105,187,6530803,4181800,107,147,2778,291,551,23,101,4,1116,8359441,3357,0,528,8,2,5,177,1,5,182,8,3,2,11
3350.81,1654849443154,50.011324725,1,2.1,21.1,0.0,76.8,0.0,0.0,0.0,124,1,72,0,2,1249928,98244,564200,1537508,83720,1089430,1204,1204,0,0,0,5,13,4,8,7,3,0,0,0,23,49,6621805,0,56,3,128,17235,2422880,24150,1,2,183612,132527,46561,46019,11283,3632,12090,3874,284,1110,1110,33,17561,8364,23553867,2279,74,424,239,4419972,4419874,263,122,74,97,167,6621090,4222463,102,133,2662,288,467,10,89,3,1067,8553153,3150,0,497,7,2,5,163,0,1,164,7,3,2,10
3400.82,1654849500002,50.011291587,1,2.1,14.5,0.0,83.4,0.0,0.0,0.0,124,1,72,0,2,1250044,98108,564220,1537644,82735,1093110,1176,1176,0,0,0,5,13,4,8,9,2,0,0,0,83,41,6738925,0,60,3,128,17335,2577438,23725,1,2,183328,132429,46895,47219,9347,1872,9390,1449,272,1115,1115,33,17660,6385,24351200,2289,74,425,239,4393037,4392934,253,120,74,97,174,6738254,4196508,105,139,2664,291,469,9,90,2,1067,8647524,3274,0,496,6,2,5,155,0,1,156,6,3,2,8
3450.83,1654849557103,50.009741142,1,1.5,16.6,0.0,82.0,0.0,0.0,0.0,124,1,72,0,2,1249440,98692,564240,1537060,82984,1102451,1414,1414,0,0,0,5,13,4,8,9,3,0,0,0,66,35,6670024,0,56,3,128,11337,2496755,23980,1,2,183574,132575,46705,47251,9294,2124,9371,1574,275,1112,1112,33,17664,6400,23889671,2283,75,425,239,4405617,4405518,253,122,74,98,176,6669874,4208481,104,141,2664,291,481,8,90,1,1063,8494626,3277,0,494,7,2,5,169,0,1,170,7,3,2,10
3500.85,1654849614635,50.017376806,1,1.5,18.4,0.0,79.8,0.0,0.0,0.3,122,1,70,0,2,1250212,97908,564252,1537844,86039,1095441,1414,1414,0,0,0,5,13,4,8,7,3,0,0,0,0,42,6564415,0,58,3,128,7087,2408759,23448,1,2,183033,132111,49435,49293,9874,1747,9767,1385,260,1111,1111,33,19102,6807,23341981,2281,81,425,239,4387843,4387720,242,121,81,98,183,6563384,4189499,105,146,2633,304,465,11,98,2,1059,8339190,3026,0,471,7,2,5,169,0,1,170,7,3,2,10
3550.86,1654849671797,50.009862773,1,2.1,16.0,0.0,81.9,0.0,0.0,0.0,121,1,70,0,2,1250660,97448,564264,1538304,80478,988848,10257,10257,0,0,0,6,14,5,8,14,3,0,0,0,40,59,6516317,0,63,3,126,16484,2363545,23150,1,2,183279,132320,51553,51560,10371,1239,10194,819,292,1154,1155,64,20349,7153,23080906,2305,89,422,239,4388681,4388560,258,120,88,107,188,6516165,4187747,108,151,2696,288,512,21,104,5,1099,8249183,3289,0,515,8,2,5,182,1,5,187,8,3,2,11
3600.87,1654849723722,50.011932610,1,8.9,18.6,0.0,72.5,0.0,0.0,0.0,123,1,71,0,2,1249812,98268,564292,1537484,85381,1105703,1414,1414,0,0,0,7,16,7,8,4,4,0,0,0,1,54,6476680,0,61,4,126,14770,2285357,20067,2,2,183279,132592,49151,49112,9573,1736,9394,1071,90,1127,1127,37,18653,6627,22691815,2305,73,418,240,4421330,4421220,119,122,73,98,178,6476156,4222313,104,139,2417,291,272,13,91,3,1085,8232706,2892,0,391,10,2,5,179,1,4,180,10,3,2,13
3650.89,1654849781227,50.021379958,1,2.5,16.3,0.0,81.3,0.0,0.0,0.0,122,1,70,0,2,1250108,97952,564312,1537800,80777,1080028,1204,1204,0,0,0,5,15,4,10,0,3,0,0,0,8,54,6382025,0,49,3,136,10033,2264372,20514,2,2,182767,132087,46821,47418,9439,1798,9432,1417,68,1112,1112,33,18167,6479,22380626,2283,77,417,238,4345396,4345298,108,124,77,94,174,6381767,4149435,103,137,2358,287,217,6,88,1,1071,8121883,2828,0,381,6,2,6,185,0,1,186,6,3,2,8
3700.91,1654849837548,50.019711185,1,2.1,22.7,0.0,75.2,0.0,0.0,0.0,122,1,70,0,2,1250576,97464,564332,1538288,75525,999222,1358,1358,0,0,0,6,14,5,8,13,3,0,0,0,68,60,6704289,0,57,3,126,5437,2514737,24853,1,2,184562,133122,51235,51527,10218,2286,10255,1858,259,1118,1118,37,19878,6966,24051164,2287,87,424,238,4420776,4420658,236,120,87,105,186,6702396,4220195,106,149,2627,287,434,9,102,2,1067,8539217,3326,0,515,8,2,5,185,1,5,190,8,3,2,11
3750.92,1654849889884,50.014098585,1,1.8,17.0,0.0,81.2,0.0,0.0,0.0,123,1,71,0,2,1250500,97528,564344,1538224,84887,1111260,2446,2446,0,0,0,5,13,4,8,9,3,0,0,0,40,36,6532903,0,68,3,126,8686,2362918,22885,1,2,185125,133825,48913,48614,9595,2067,9340,1322,301,1143,1143,55,18798,6613,23095187,2301,79,428,237,4403684,4403571,274,120,78,102,181,6532791,4202732,106,139,2698,286,492,29,97,5,1091,8232600,3217,0,511,7,2,5,172,0,1,173,7,3,2,10
3800.93,1654849947723,50.009577185,1,0.6,16.1,0.0,83.3,0.0,0.0,0.0,125,1,72,0,2,1249644,98364,564364,1537388,90537,1106299,10365,10365,0,0,0,5,13,4,8,7,3,0,0,0,40,56,6607148,0,63,3,128,17293,2457076,21500,1,2,184755,133544,48878,49112,9662,1874,9630,1323,287,1166,1167,65,18793,6679,23624662,2326,78,430,239,4384329,4384232,261,119,77,102,177,6607142,4183350,106,139,2723,292,505,20,95,4,1108,8421996,3277,0,500,7,2,5,171,0,1,172,7,3,2,10
3850.94,1654850005241,50.009935695,1,1.5,15.5,0.0,83.0,0.0,0.0,0.0,123,1,72,0,2,1250364,97616,564392,1538136,83842,1095615,1414,1414,0,0,0,5,13,4,8,7,3,0,0,0,56,47,6366498,0,64,3,126,19014,2198970,22744,1,2,184864,133586,48429,49029,9508,1751,9610,1291,301,1126,1126,37,18478,6533,22132525,2303,78,428,238,4403408,4403293,269,121,77,103,180,6366486,4202180,108,146,2722,288,508,8,93,1,1081,7889867,3346,0,519,7,2,5,177,0,1,177,7,3,2,10
3900.95,1654850062512,50.011108485,1,2.8,20.5,0.0,76.8,0.0,0.0,0.0,124,1,71,0,2,1250068,97900,564404,1537852,82298,1096785,1176,1176,0,0,0,5,13,4,8,7,3,0,0,0,55,43,6644981,0,57,3,128,28010,2467909,22263,1,2,184298,133089,47379,47973,9455,1804,9542,1385,257,1117,1118,33,18066,6498,23761092,2295,77,426,238,4410381,4410269,240,122,76,98,180,6644873,4211580,108,142,2648,288,452,9,90,1,1071,8428150,3249,0,481,7,2,5,166,0,1,167,7,3,2,10
3950.96,1654850119533,50.012920056,1,1.2,15.9,0.0,82.6,0.0,0.0,0.3,123,1,70,0,2,1250776,97164,564432,1538588,83875,1080861,1204,1204,0,0,0,5,13,4,8,7,3,0,0,0,65,38,6676588,0,56,3,130,12931,2505236,23347,1,2,184132,132987,47878,48442,9594,2000,9735,1732,267,1128,1128,33,18154,6593,23939754,2315,75,426,240,4403374,4403264,244,124,74,98,180,6676410,4205164,105,144,2732,291,551,13,90,4,1081,8522288,3278,0,494,7,2,5,173,0,1,174,7,3,2,10
4000.97,1654850175936,50.009863884,1,0.9,21.3,0.0,77.8,0.0,0.0,0.0,123,1,70,0,2,1249856,98072,564444,1537680,83366,1106252,1414,1414,0,0,0,5,13,4,8,7,3,0,0,0,2,38,6530619,0,54,3,128,13047,2400137,22384,1,2,183906,132685,46859,47180,9326,1462,9328,882,251,1109,1109,33,17752,6432,23237022,2277,75,423,239,4363651,4363548,240,121,74,98,174,6530426,4165205,104,139,2639,291,460,10,90,3,1070,8297311,3005,0,437,7,2,5,167,0,1,168,7,3,2,10
4050.98,1654850233454,50.010105458,1,2.1,15.9,0.0,82.0,0.0,0.0,0.0,124,1,71,0,2,1249972,97932,564468,1537820,76155,995243,1330,1330,0,0,0,9,18,9,9,7,4,0,0,0,114,19,7003438,0,53,5,132,3433,2834366,23428,2,2,183721,132947,49702,49318,9847,1263,9536,566,166,1110,1110,37,19491,6799,25877347,2271,80,428,237,4401913,4401805,168,123,79,95,176,7003365,4203910,103,137,2397,288,234,8,93,2,1072,9165305,3258,0,451,10,2,5,172,2,9,181,10,3,2,13
4100.99,1654850285686,50.012062508,1,1.7,24.9,0.0,73.4,0.0,0.0,0.0,124,1,72,0,2,1249464,98408,564500,1537340,93297,1117723,10313,10313,0,0,0,5,15,4,10,1,3,0,0,0,35,53,6502469,0,59,3,136,11291,2341399,24873,2,2,183982,133158,49512,49517,9828,1713,9895,1354,68,1179,1180,64,19222,6833,22922167,2355,75,421,240,4395692,4395581,106,122,75,100,185,6502246,4195892,106,142,2489,288,330,23,92,5,1118,8278827,3044,0,381,6,2,7,191,0,1,192,6,3,2,8
4151,1654850343551,50.009689848,1,2.3,12.6,0.0,85.2,0.0,0.0,0.0,122,1,71,0,2,1250204,97656,564512,1538092,77245,988638,1120,1120,0,0,0,6,14,5,8,7,3,0,0,0,60,60,6487020,0,56,3,128,9752,2350164,24792,1,2,183411,132313,50127,50476,10108,1622,10290,1385,272,1133,1133,33,19473,6977,22949949,2325,82,424,240,4370870,4370756,254,122,81,101,185,6486893,4172238,106,148,2742,291,538,11,100,2,1076,8195127,3268,0,507,8,2,5,201,1,5,206,8,3,2,11
4201.01,1654850395372,50.012150126,1,1.8,15.8,0.0,82.4,0.0,0.0,0.0,121,1,70,0,2,1251156,96692,564524,1539056,83507,1104200,1414,1414,0,0,0,5,13,4,8,5,3,0,0,0,31,55,6324312,0,54,3,128,19800,2158127,22093,1,2,183902,132775,46399,45865,9240,1333,9015,787,274,1106,1106,33,17585,6352,21862040,2271,74,425,238,4398820,4398718,252,122,74,95,170,6324088,4201372,102,134,2635,287,440,7,89,1,1068,7924362,3122,0,463,7,2,5,168,0,1,169,7,3,2,10
4251.02,1654850452856,50.009158166,1,1.4,20.2,0.0,78.3,0.0,0.0,0.0,123,1,71,0,2,1249880,97948,564544,1537800,80236,1064325,1386,1386,0,0,0,6,14,5,8,15,3,0,0,0,36,60,6494906,0,55,3,128,17571,2349923,23858,1,2,185528,133985,49248,49341,9785,1588,9655,1260,272,1120,1120,37,19255,6713,22987871,2291,85,427,237,4380366,4380259,252,123,85,104,181,6494087,4178610,104,144,2646,284,445,8,97,2,1075,8317204,3184,0,483,7,2,5,169,1,5,174,7,3,2,10
4301.03,1654850508013,50.013691978,1,2.4,20.0,0.0,77.6,0.0,0.0,0.0,123,1,71,0,2,1250812,96996,564564,1538752,82495,1086169,2446,2446,0,0,0,5,13,4,8,9,3,0,0,0,61,52,6588191,0,66,3,128,14116,2449296,21750,1,2,184455,133335,50054,50273,9936,1805,9745,1449,227,1137,1137,55,19267,6694,23544250,2289,82,429,237,4372395,4372288,214,122,82,102,183,6586818,4171427,107,145,2612,287,441,31,94,6,1081,8359509,3252,0,469,7,2,5,177,0,4,181,7,3,2,10
4351.04,1654850564607,50.008754054,1,1.4,18.1,0.0,80.5,0.0,0.0,0.0,124,1,71,0,2,1249640,98148,564584,1537600,89708,1107251,10313,10313,0,0,0,5,13,4,8,8,3,0,0,0,48,32,6877856,0,67,3,128,5418,2669621,23367,1,2,184029,133066,49585,49901,9885,1595,9884,1008,284,1165,1166,64,19252,6813,25017176,2327,82,425,240,4437995,4437892,258,121,82,103,181,6877652,4237045,107,144,2709,292,495,19,95,3,1109,8852251,3302,0,504,7,2,5,173,0,1,174,7,3,2,10
4401.05,1654850622179,50.011509768,1,2.0,20.7,0.0,77.3,0.0,0.0,0.0,125,1,72,0,2,1250168,97600,564604,1538148,83898,1112445,1232,1232,0,0,0,5,13,4,8,7,3,0,0,0,3,31,6542417,0,56,3,128,23498,2369088,23891,1,2,183854,132733,48029,47759,9484,2061,9353,1543,296,1114,1114,33,18145,6513,23157840,2287,78,424,238,4406058,4405955,250,121,78,97,178,6541711,4207551,106,140,2652,288,461,9,93,2,1074,8250546,3091,0,484,7,2,5,173,0,1,174,7,3,2,10
4451.06,1654850680027,50.010113362,1,1.5,11.7,0.0,86.7,0.0,0.0,0.0,124,1,71,0,2,1250168,97592,564612,1538152,78943,994295,1120,1120,0,0,0,6,14,5,8,7,3,0,0,0,70,63,6206396,0,55,3,128,17122,2092136,22827,1,2,184563,133137,50137,50078,10063,1533,9965,1417,272,1138,1138,33,19384,6935,21386128,2335,82,427,239,4345073,4344967,253,120,81,99,185,6206352,4145709,108,147,2747,287,533,11,101,2,1089,7780669,3338,0,514,8,2,5,185,1,5,190,8,3,2,11
4501.07,1654850731874,50.009538383,1,4.0,16.6,0.0,79.4,0.0,0.0,0.0,123,1,71,0,2,1249996,97736,564640,1538008,85857,1092086,1414,1414,0,0,0,5,13,4,8,4,3,0,0,0,114,24,6933000,0,65,3,126,3905,2775702,23461,1,2,183641,133064,50514,50715,10059,1710,10022,1165,63,1135,1135,37,19828,6974,25517837,2321,82,422,239,4389104,4388985,104,119,82,104,185,6932202,4189726,105,146,2460,288,313,14,94,3,1084,8956027,3224,0,469,7,2,5,183,0,1,183,7,3,2,10
4551.08,1654850788777,50.012222225,1,2.3,17.0,0.0,80.7,0.0,0.0,0.0,123,1,72,0,2,1248784,98920,564668,1536824,82927,1091018,1414,1414,0,0,0,8,17,8,9,2,4,0,0,0,109,26,6781702,0,57,4,132,6324,2613890,22631,2,2,182336,132101,47280,47084,9241,1642,9115,1165,66,1108,1108,37,18167,6392,24567430,2267,72,419,237,4397251,4397141,108,123,72,97,173,6781541,4201330,102,134,2344,284,222,8,88,2,1068,8670815,3148,0,440,10,2,5,154,1,5,159,10,3,2,13
4601.09,1654850846072,50.009716827,1,0.9,15.7,0.0,83.4,0.0,0.0,0.0,123,1,72,0,2,1249208,98476,564688,1537268,85313,1101859,1414,1414,0,0,0,5,15,4,10,7,3,0,0,0,56,59,6725662,0,64,3,136,15581,2526789,23715,2,2,184378,133347,50020,49885,9750,1434,9513,787,128,1129,1129,37,19144,6757,24173499,2308,79,426,240,4427693,4427594,156,122,78,102,181,6725567,4226826,103,141,2599,295,469,15,95,4,1080,8628644,3106,0,449,6,2,7,169,0,1,170,6,3,2,8
4651.1,1654850903277,50.011589254,1,5.0,21.3,0.0,73.7,0.0,0.0,0.0,123,5,71,0,1,1250104,97568,564700,1538176,88355,1100316,10103,10103,0,0,0,5,13,4,8,8,3,0,0,0,117,39,6680435,0,55,3,126,7794,2516024,21791,1,2,183983,132970,46209,45923,9182,1682,9045,1291,283,1112,1112,33,17352,6291,23985251,2283,74,428,238,4392904,4392807,254,120,74,97,167,6680170,4196069,105,136,2680,288,501,9,88,2,1067,8501014,3415,0,544,7,2,5,162,0,1,162,7,3,2,10
4701.11,1654850960583,50.010223578,1,2.9,17.6,0.0,79.5,0.0,0.0,0.0,120,1,70,0,2,1250464,97188,564720,1538556,79225,996083,1148,1148,0,0,0,6,14,5,8,7,3,0,0,0,8,59,6326985,0,86,3,128,22181,2200734,22835,1,2,184407,132897,49539,50165,9967,1910,10009,1638,281,1132,1132,33,19129,6867,22072484,2323,82,426,239,4359013,4358913,260,122,81,102,183,6326915,4159524,107,148,2775,287,544,11,96,2,1082,7960960,3284,0,485,8,2,5,180,1,5,185,8,3,2,11
4751.12,1654851012401,50.010027595,1,1.2,16.7,0.0,82.1,0.0,0.0,0.0,122,1,71,0,2,1250360,97272,564740,1538472,88337,1111251,1414,1414,0,0,0,5,13,4,8,15,3,0,0,0,26,43,6316824,0,110,3,126,17947,2160784,24239,1,2,185360,133897,48987,49300,9654,1853,9674,1260,295,1131,1131,37,18826,6620,21871358,2313,81,427,238,4392540,4392430,264,121,80,105,183,6316748,4191013,106,147,2755,287,485,9,98,2,1080,7741049,3360,0,496,7,2,5,179,0,1,180,7,3,2,10
4801.14,1654851069972,50.016935885,1,1.7,17.5,0.0,80.8,0.0,0.0,0.0,124,1,72,0,2,1249176,98436,564760,1537308,85057,1066624,2446,2446,0,0,0,5,13,4,8,6,3,0,0,0,0,28,6682967,0,119,3,128,13666,2520966,23395,1,2,183056,132150,48777,49021,9578,1873,9472,1291,320,1132,1132,55,18728,6596,24028537,2279,80,422,237,4393977,4393876,276,123,80,100,179,6682689,4194572,106,143,2727,286,481,29,93,5,1079,8444982,3252,0,514,7,2,5,172,0,1,173,7,3,2,10
4851.15,1654851126107,50.009676441,1,1.2,16.8,0.0,81.9,0.0,0.0,0.0,125,1,72,0,2,1249432,98168,564772,1537576,78281,983842,1120,1120,0,0,0,6,14,5,8,9,3,0,0,0,30,29,6949679,0,103,3,128,7236,2744781,24971,1,2,182780,131775,49518,49470,9890,1284,9922,1008,320,1102,1102,33,19164,6791,25440178,2263,82,426,239,4436493,4436381,272,122,81,98,180,6949538,4239056,106,145,2710,295,476,10,101,3,1061,8875273,3437,0,530,8,2,5,182,1,5,187,8,3,2,11
4901.16,1654851177936,50.013272420,1,1.5,22.0,0.0,76.5,0.0,0.0,0.0,125,1,72,0,2,1248900,98688,564784,1537056,92316,1104789,10365,10365,0,0,0,5,13,4,8,9,3,0,0,0,61,36,6633464,0,108,3,128,17034,2460550,25138,1,2,184385,133164,47278,47423,9388,1972,9304,1512,293,1157,1158,61,17788,6507,23692092,2317,76,428,241,4406216,4406118,268,123,75,97,169,6633300,4208073,104,135,2747,295,479,22,88,6,1108,8338563,3470,0,530,7,2,5,160,0,1,161,7,3,2,10
4951.18,1654851235194,50.016620049,1,1.1,18.6,0.0,80.3,0.0,0.0,0.0,124,1,71,0,2,1248972,98596,564804,1537148,86573,1101402,1414,1414,0,0,0,5,13,4,8,1,3,0,0,0,2,43,6483896,0,105,3,128,13060,2293507,24502,1,2,182843,132155,45966,46491,9121,2143,9166,1606,64,1111,1111,33,17401,6301,22745597,2281,71,419,238,4415318,4415222,106,122,71,94,170,6483749,4219828,103,134,2408,287,218,9,86,2,1070,8124570,2977,0,377,7,2,5,177,0,1,178,7,3,2,10
5001.19,1654851292468,50.009353583,1,1.8,17.1,0.0,81.1,0.0,0.0,0.0,124,1,71,0,2,1249408,98132,564832,1537612,79091,997200,1358,1358,0,0,0,9,18,9,8,10,4,0,0,0,14,57,6535077,0,107,4,126,10728,2407445,24795,2,2,183113,132019,50803,50826,10076,1970,10092,1543,72,1111,1111,37,19961,6916,23291178,2273,83,416,237,4359973,4359216,111,122,83,100,182,6534062,4159204,104,143,2598,285,476,8,100,1,1068,8267967,3041,0,408,10,2,5,177,2,9,186,10,3,2,13
5051.21,1654851345079,50.018613080,1,8.1,15.6,0.0,76.2,0.0,0.0,0.0,123,1,71,0,2,1244932,98840,568600,1533140,84164,1069365,1386,1386,0,0,0,1,9,0,8,7,2,0,0,0,3,57,6528325,0,105,1,126,7967,2364179,24299,2,1,182525,131834,50255,50523,9938,2194,9816,1448,304,1111,1111,37,19446,6791,23122319,2273,84,420,238,4390716,4390608,262,117,84,102,182,6527922,4191046,106,144,2711,288,472,8,95,1,1066,8183695,3276,0,485,6,2,7,174,0,0,173,6,3,2,8
5101.22,1654851401346,50.013329011,1,2.0,19.5,0.0,78.5,0.0,0.0,0.0,122,1,71,0,2,1245136,98616,568620,1533364,88501,1101537,1204,1204,0,0,0,5,13,4,8,7,3,0,0,0,15,42,6579253,0,111,3,128,8677,2451251,22947,1,2,183217,132249,48248,48368,9515,1907,9566,1322,284,1126,1126,33,18123,6573,23516266,2311,76,424,241,4360597,4360497,264,122,75,100,178,6579166,4163032,106,143,2742,294,482,14,92,3,1079,8258973,3296,0,487,7,2,5,160,0,1,161,7,3,2,10
5151.23,1654851458800,50.009990288,1,1.2,16.0,0.0,82.8,0.0,0.0,0.0,125,2,72,0,2,1246280,97452,568640,1534524,89809,1061593,10257,10257,0,0,0,6,14,5,8,7,3,0,0,0,48,41,6842019,0,117,3,128,18770,2690128,25061,1,2,185155,133640,50772,50256,10220,1790,9935,1290,275,1156,1157,60,19637,7088,25031149,2317,84,428,241,4386148,4386037,256,122,83,100,180,6841826,4185302,106,144,2755,303,499,22,97,4,1106,8732671,3460,0,515,8,2,5,191,1,5,196,8,3,2,11
5201.24,1654851513675,50.008445400,1,1.2,21.0,0.0,77.8,0.0,0.0,0.0,124,1,71,0,2,1245804,97916,568652,1534060,87052,1055241,1386,1386,0,0,0,6,14,5,8,8,3,0,0,0,84,27,6960213,0,109,3,128,4547,2801109,24308,1,2,184356,133165,49589,51828,9859,1873,10265,1448,272,1124,1124,37,19484,6756,25687172,2299,83,427,237,4394320,4394214,253,120,83,106,192,6959914,4193892,108,153,2745,284,488,15,94,4,1074,8931926,3536,0,522,8,2,5,194,1,5,199,8,3,2,11
5251.25,1654851568635,50.012485840,1,2.0,18.7,0.0,79.3,0.0,0.0,0.0,124,1,71,0,2,1246292,97408,568672,1534568,85741,1086789,1414,1414,0,0,0,5,13,4,8,5,3,0,0,0,45,30,6680271,0,111,3,128,10655,2503996,23676,1,2,183730,132737,48726,49194,9622,1562,9637,1039,317,1113,1113,37,18719,6606,23948060,2277,78,425,237,4409562,4409456,279,122,78,100,180,6680082,4210012,106,144,2723,284,466,9,93,2,1069,8337651,3456,0,513,7,2,5,181,0,1,181,7,3,2,10
5301.27,1654851625706,50.016680673,1,1.9,14.0,0.0,84.1,0.0,0.0,0.0,124,1,72,0,2,1245392,98288,568692,1533688,79640,1004765,1120,1120,0,0,0,6,14,5,8,7,3,0,0,0,0,45,6676333,0,108,3,128,14753,2514207,22614,1,2,184177,132798,48748,48902,9732,1646,9503,1007,242,1113,1113,33,18724,6679,23999696,2285,82,424,239,4392629,4392529,237,122,82,97,176,6676050,4193545,103,140,2705,291,484,8,93,2,1073,8450014,3191,0,441,8,2,5,180,1,5,185,8,3,2,11
5351.28,1654851678090,50.011751614,1,1.8,15.8,0.0,82.4,0.0,0.0,0.0,123,1,70,0,2,1246380,97292,568700,1534680,81264,993950,2362,2362,0,0,0,6,14,5,8,1,3,0,0,0,43,56,6594684,0,117,3,126,9305,2400033,25710,1,2,184047,133038,50670,51438,10028,1332,10171,1291,63,1157,1157,55,19778,6927,23386551,2329,80,421,239,4424075,4423965,104,120,79,100,186,6594628,4224445,108,147,2511,289,312,36,95,8,1096,8420189,3210,0,390,8,2,5,185,1,5,190,8,3,2,11
5401.29,1654851729895,50.009777048,1,0.9,16.9,0.0,82.3,0.0,0.0,0.0,120,1,70,0,2,1246740,96912,568720,1535060,86970,1095603,1414,1414,0,0,0,5,13,4,8,8,3,0,0,0,34,63,6573534,0,105,3,128,13444,2406604,23692,1,2,183037,132463,47850,48413,9446,1960,9510,1354,64,1118,1118,37,18422,6508,23388333,2287,77,423,237,4389828,4389729,106,122,76,103,179,6573482,4192471,104,141,2419,288,226,9,92,2,1073,8422684,3107,0,379,7,2,5,172,0,1,173,7,3,2,10
5451.3,1654851787087,50.009672707,1,1.8,21.5,0.0,76.7,0.0,0.0,0.0,122,1,71,0,2,1245880,97752,568740,1534220,92140,1098893,10313,10313,0,0,0,5,13,4,8,21,3,0,0,0,68,31,6960010,0,117,3,128,9654,2782663,25045,1,2,183862,132924,50145,50358,10070,1609,9953,913,272,1154,1155,64,19497,6932,25620713,2305,88,425,239,4411842,4411730,253,122,87,109,187,6959869,4211020,105,149,2735,288,487,18,103,3,1104,8920833,3435,0,506,7,2,5,176,0,1,177,7,3,2,10
5501.31,1654851844340,50.009009391,1,1.5,19.9,0.0,78.7,0.0,0.0,0.0,123,2,71,0,2,1244896,98700,568776,1533272,89236,1106608,1414,1414,0,0,0,8,17,8,8,8,4,0,0,0,2,33,6888429,0,103,4,128,9523,2730505,23871,2,2,183674,132685,48925,48673,9555,1500,9416,819,278,1134,1134,37,18653,6615,25246563,2318,76,423,239,4393025,4392925,258,124,76,101,174,6887875,4193358,105,137,2745,288,500,8,94,1,1086,8775180,3295,0,500,10,2,5,172,1,5,177,10,3,2,13
5551.32,1654851902148,50.014402274,1,1.7,18.0,0.0,80.2,0.0,0.0,0.0,122,1,71,0,2,1246188,97388,568796,1534584,82832,1079350,1204,1204,0,0,0,5,15,4,10,23,3,0,0,0,112,23,6994668,0,60,3,136,4991,2805793,24851,2,2,182291,131761,47517,47410,9591,1842,9557,1385,336,1107,1107,33,18106,6551,25761304,2273,83,424,239,4419250,4419143,282,121,82,103,179,6994552,4223134,104,144,2669,291,460,9,97,2,1059,9037149,3491,0,568,6,2,7,168,0,1,169,6,3,2,8
5601.34,1654851959066,50.019965942,1,1.8,14.8,0.0,83.3,0.0,0.0,0.0,122,1,71,0,2,1245672,97900,568800,1534072,79769,1050940,1358,1358,0,0,0,6,14,5,8,7,2,0,0,0,23,32,6614376,0,56,3,128,10243,2419963,22849,1,2,183718,132506,48222,48229,9658,1204,9556,976,308,1111,1111,33,18559,6647,23486377,2281,81,425,238,4423557,4423454,279,120,81,95,175,6613964,4225363,104,142,2671,286,459,10,94,3,1069,8385930,3125,0,501,7,2,5,180,1,5,185,7,3,2,9
5651.35,1654852014034,50.009809720,1,9.6,16.1,0.0,74.3,0.0,0.0,0.0,122,2,70,0,2,1245256,98296,568820,1533676,83175,1100061,1414,1414,0,0,0,5,13,4,8,7,3,0,0,0,6,52,6581497,0,55,3,126,6036,2391659,23058,1,2,184855,133506,48378,48757,9536,1587,9490,1134,289,1120,1120,37,18617,6548,23317276,2291,78,429,238,4419860,4419761,267,120,77,100,176,6581367,4219134,105,139,2664,290,447,9,92,2,1075,8417847,3115,0,488,7,2,5,162,0,1,163,7,3,2,10
5701.37,1654852071065,50.021561227,1,1.7,17.7,0.0,80.6,0.0,0.0,0.0,123,1,71,0,2,1245036,98496,568840,1533476,82243,1007249,10229,10229,0,0,0,6,14,5,8,15,3,0,0,0,0,31,6877102,0,64,3,126,8672,2690084,22335,1,2,183264,132208,51188,51789,10323,1817,10234,1228,310,1162,1163,64,20083,7046,25095334,2321,89,421,240,4421514,4421401,268,120,89,106,188,6876837,4219917,106,148,2735,292,511,20,100,4,1106,8968423,3140,0,494,8,2,5,169,1,5,174,8,3,2,11
5751.38,1654852123806,50.009854213,1,6.4,22.6,0.0,71.0,0.0,0.0,0.0,124,3,72,0,1,1245272,98248,568852,1533724,81742,1080628,1204,1204,0,0,0,5,13,4,8,6,3,0,0,0,66,56,6763715,0,63,3,128,12732,2563433,24505,1,2,182180,131532,46426,46649,9233,1650,9195,913,302,1110,1110,33,17619,6364,24363729,2279,75,422,238,4428307,4428210,265,122,74,97,169,6763603,4232424,106,137,2686,283,496,8,90,1,1058,8700278,3289,0,515,7,2,5,158,0,1,159,7,3,2,10
5801.39,1654852180742,50.009778632,1,2.7,21.7,0.0,75.7,0.0,0.0,0.0,124,1,72,0,2,1245388,98112,568872,1533860,83876,1102320,1204,1204,0,0,0,5,13,4,8,1,3,0,0,0,2,26,6823028,0,62,3,128,9773,2632174,23596,1,2,182948,132228,46869,46714,9294,1670,9217,945,88,1117,1117,33,17712,6417,24734760,2293,72,419,240,4420528,4420433,118,122,71,95,168,6822873,4224286,105,132,2401,294,244,14,87,3,1075,8748653,2925,0,394,7,2,5,156,0,1,157,7,3,2,10
5851.4,1654852238161,50.011495627,1,2.5,19.0,0.0,78.5,0.0,0.0,0.0,125,1,73,0,2,1244252,99228,568892,1532744,86776,1101742,1414,1414,0,0,0,5,13,4,8,1,3,0,0,0,113,38,6864390,0,61,3,130,8133,2676835,23082,1,2,181549,131386,47250,47938,9519,1544,9433,1102,65,1131,1131,33,18220,6671,24996875,2320,73,420,242,4411098,4411000,108,124,73,95,172,6863970,4216576,101,137,2473,294,358,14,84,3,1078,8842085,3202,0,442,7,2,5,197,0,1,198,7,3,2,10
5901.42,1654852295858,50.018817850,1,2.6,16.9,0.0,80.5,0.0,0.0,0.0,122,1,71,0,2,1246244,97216,568912,1534756,83697,1095045,2444,2444,0,0,0,5,13,4,8,7,3,0,0,0,69,31,6821030,0,67,3,126,12416,2649119,23416,1,2,183061,132171,46494,47077,9278,1457,9348,945,72,1132,1132,51,17666,6390,24792579,2287,75,419,238,4402604,4402506,109,120,75,98,173,6820812,4205934,104,137,2557,289,460,32,89,7,1075,8912864,3054,0,429,7,2,5,166,0,1,167,7,3,2,10
5951.44,1654852353112,50.016679508,1,1.2,21.7,0.0,77.2,0.0,0.0,0.0,122,2,71,0,2,1246040,97400,568932,1534572,77909,992487,1330,1330,0,0,0,9,18,9,9,9,4,0,0,0,100,40,6876980,0,70,4,132,7376,2708959,24042,2,2,183978,132865,51457,51878,10189,2157,10086,1574,277,1129,1129,37,19990,7009,25164461,2309,85,429,239,4402563,4402454,260,124,85,103,187,6876699,4202232,106,148,2694,292,486,15,99,3,1075,8850054,3464,0,541,10,2,5,178,2,9,187,10,3,2,13
6001.45,1654852405152,50.010119342,1,1.2,19.8,0.0,79.1,0.0,0.0,0.0,121,1,70,0,2,1245964,97452,568956,1534516,85547,1021191,10047,10047,0,0,0,6,16,5,10,9,3,0,0,0,60,49,6750931,0,64,3,134,6492,2577404,24220,2,2,183439,132322,50867,51824,10283,2129,10399,1512,314,1171,1172,60,19696,7130,24368311,2347,84,425,243,4408294,4408182,279,119,82,104,187,6750800,4208026,109,150,2822,298,606,28,97,6,1115,8584281,3376,0,532,7,2,7,192,0,3,195,7,3,2,9
6051.46,1654852458454,50.009600720,1,1.5,15.1,0.0,83.4,0.0,0.0,0.0,120,1,69,0,2,1246528,96876,568968,1535092,87000,1095917,1414,1414,0,0,0,5,13,4,8,6,3,0,0,0,42,73,6646419,0,61,3,128,18800,2466194,24530,1,2,184160,132942,49273,49941,9804,1879,9946,1417,281,1143,1143,33,18577,6781,23762961,2344,76,426,242,4411320,4411222,241,123,75,103,182,6646347,4211820,107,145,2793,294,601,18,93,5,1095,8476212,3304,0,506,7,2,5,186,0,1,187,7,3,2,10
6101.47,1654852515323,50.012785789,1,2.7,25.5,0.0,71.7,0.0,0.0,0.0,122,1,70,0,2,1245536,97840,568996,1534128,82521,1088618,1414,1414,0,0,0,5,13,4,8,8,3,0,0,0,45,25,6919438,0,53,3,128,7507,2724075,24205,1,2,182123,131457,47106,47402,9454,1928,9299,1008,314,1098,1098,33,18028,6501,25288057,2255,78,421,238,4425185,4425068,281,122,77,97,174,6919201,4228768,104,140,2676,287,511,8,91,2,1059,8970506,3242,0,520,7,2,5,161,0,1,160,7,3,2,10
6151.48,1654852572636,50.010056427,1,1.7,18.7,0.0,79.5,0.0,0.0,0.0,124,1,72,0,2,1248900,98224,565248,1537504,88197,1099367,1414,1414,0,0,0,5,13,4,8,15,3,0,0,0,68,57,6721359,0,57,3,128,5946,2554343,24230,1,2,184070,133101,50508,50582,12051,3770,12858,4472,257,1127,1127,37,19427,8959,24248387,2305,83,424,240,4398179,4398070,244,122,82,109,183,6721324,4197324,104,143,2730,289,553,10,99,2,1082,8666308,3306,0,512,7,2,5,182,0,1,180,7,3,2,10
6201.49,1654852629815,50.014212562,1,2.3,18.0,0.0,79.7,0.0,0.0,0.0,122,1,70,0,2,1249152,97960,565260,1537768,82108,1067482,1386,1386,0,0,0,6,14,5,8,7,3,0,0,0,0,45,6686061,0,56,3,128,7481,2485151,23265,1,2,184150,132956,49445,49914,9794,1966,9761,1512,299,1122,1122,37,19353,6764,23915920,2295,83,428,237,4431042,4430935,274,122,83,100,182,6685879,4229873,105,143,2705,288,503,9,92,2,1076,8657965,3104,0,485,7,2,5,166,1,5,171,7,3,2,10
6251.5,1654852685478,50.010504904,1,1.6,16.8,0.0,81.6,0.0,0.0,0.0,121,1,70,0,2,1249196,97904,565272,1537824,83443,1000713,10019,10019,0,0,0,6,14,5,8,0,3,0,0,0,67,52,6484014,0,60,3,128,12275,2320975,22846,1,2,184295,133059,50080,50184,10124,1773,10119,1197,64,1172,1173,60,19422,7029,22784727,2349,78,422,242,4392459,4392360,106,122,78,97,181,6483219,4193983,104,140,2488,295,332,21,97,4,1119,8138680,3099,0,422,8,2,5,181,1,5,186,8,3,2,11
6301.51,1654852737354,50.009754315,1,1.5,18.3,0.0,79.9,0.0,0.0,0.3,121,1,70,0,2,1250008,97064,565300,1538664,81850,1084498,1386,1386,0,0,0,5,13,4,8,5,3,0,0,0,54,45,6647903,0,54,3,128,17156,2518602,22114,1,2,183087,132205,46401,46724,9217,1457,9219,1102,73,1106,1106,33,17601,6396,23915515,2271,75,419,238,4361780,4361685,111,122,74,99,171,6647773,4164894,106,138,2559,287,496,8,91,1,1064,8529768,2950,0,416,7,2,5,150,0,1,151,7,3,2,10
6351.52,1654852794046,50.009691440,1,1.1,16.7,0.0,82.2,0.0,0.0,0.0,120,1,70,0,2,1249672,97396,565304,1538332,79302,1010882,1358,1358,0,0,0,6,14,5,8,5,3,0,0,0,22,56,6437481,0,65,3,126,17756,2286277,22759,1,2,184770,133347,51570,51189,10236,1403,10007,1197,295,1132,1132,37,20167,7086,22623050,2315,84,425,238,4386311,4386195,260,121,83,102,187,6437327,4184586,105,146,2749,284,539,11,102,3,1087,8034850,3284,0,492,8,2,5,184,1,5,189,8,3,2,11
6401.53,1654852846641,50.011295990,1,0.9,20.8,0.0,78.2,0.0,0.0,0.0,122,1,70,0,2,1249716,97316,565340,1538412,84025,1109871,1414,1414,0,0,0,8,17,8,9,7,4,0,0,0,2,65,6353440,0,56,4,132,6222,2256252,22182,2,2,184894,133538,48358,48522,9465,1649,9429,1260,310,1121,1121,37,18446,6528,22302864,2293,77,426,238,4329304,4329189,268,125,76,100,180,6353184,4128071,105,138,2694,288,493,9,92,2,1080,8085880,3063,0,481,10,2,5,161,1,5,166,10,3,2,13
6451.54,1654852904169,50.011228383,1,1.1,17.1,0.0,81.7,0.0,0.0,0.0,125,1,72,0,2,1248384,98628,565360,1537100,83629,1098191,2236,2236,0,0,0,6,15,4,9,7,3,0,0,0,23,38,6575108,0,65,3,130,7324,2409314,23354,2,2,183155,132212,46886,46246,9334,1585,9154,1008,320,1126,1126,51,17712,6410,23349766,2275,74,423,238,4392535,4392434,281,120,74,96,173,6574180,4195025,107,142,2725,290,549,29,90,5,1078,8343955,3184,0,502,6,2,7,165,0,1,166,6,3,2,8
6501.55,1654852961838,50.012726505,1,1.2,14.9,0.0,83.9,0.0,0.0,0.0,125,1,72,0,2,1248532,98468,565372,1537260,83424,1093253,1204,1204,0,0,0,5,13,4,8,13,3,0,0,0,95,43,6395345,0,58,3,128,12319,2239115,21450,1,2,184217,133083,47481,47769,9500,1497,9518,1197,299,1108,1108,33,18022,6504,22318907,2275,79,427,239,4386935,4386815,253,122,78,101,178,6395073,4188666,104,143,2651,292,461,10,93,3,1071,8002893,3404,0,530,7,2,5,173,0,1,174,7,3,2,10
6551.56,1654853018878,50.010126300,1,8.5,19.0,0.0,72.6,0.0,0.0,0.0,124,1,72,0,2,1248416,98572,565384,1537156,83342,1010930,10309,10309,0,0,0,6,14,5,8,7,2,0,0,0,70,61,6602364,0,68,3,126,7884,2453741,21787,1,2,185572,133995,52472,52726,10364,1473,10260,1260,277,1177,1178,65,20341,7180,23590660,2349,86,428,242,4385730,4385621,248,118,85,105,188,6602245,4182647,106,148,2742,294,523,26,99,5,1116,8481086,3292,0,498,7,2,5,179,1,5,184,7,3,2,9
6601.57,1654853071209,50.010053045,1,1.7,19.4,0.0,78.9,0.0,0.0,0.0,125,2,71,0,2,1248252,98716,565404,1537012,75412,993553,1330,1330,0,0,0,6,14,5,8,1,3,0,0,0,92,44,6541517,0,55,3,126,8578,2386185,22589,1,2,185815,134147,49979,50159,9836,1521,9697,1291,343,1123,1123,37,19372,6764,23195075,2297,80,431,238,4392588,4392483,301,120,79,96,178,6541368,4190353,107,142,2740,288,526,9,95,2,1080,8422395,3417,0,525,8,2,5,168,1,5,173,8,3,2,11
6651.58,1654853122887,50.010012469,1,1.8,20.1,0.0,78.1,0.0,0.0,0.0,123,1,71,0,2,1249048,97908,565416,1537820,83101,1099402,1204,1204,0,0,0,5,13,4,8,9,2,0,0,0,24,32,6769929,0,56,3,128,4973,2589392,21701,1,2,182204,131733,45972,46673,9162,1196,9295,1134,64,1115,1115,33,17357,6291,24457590,2289,75,417,238,4405720,4405621,104,119,74,101,169,6769752,4210748,103,135,2372,288,221,11,84,3,1066,8730453,2940,0,375,6,2,5,151,0,1,152,6,3,2,8
6701.59,1654853180343,50.012734301,1,2.0,21.2,0.0,76.8,0.0,0.0,0.0,122,1,71,0,2,1248972,97964,565436,1537764,82611,1090275,1482,1482,0,0,0,5,13,4,8,0,3,0,0,0,115,39,7001068,0,61,3,128,7653,2807804,23850,1,2,182818,132333,46041,46240,9110,1759,9102,1197,64,1113,1113,34,17516,6326,25773312,2282,71,421,239,4421778,4421679,106,122,70,95,168,7000955,4227102,103,132,2367,292,221,8,85,1,1067,9234708,3145,0,416,7,2,5,164,0,1,165,7,3,2,10
6751.6,1654853237289,50.012290504,1,1.2,19.0,0.0,79.8,0.0,0.0,0.0,121,1,70,0,2,1249516,97388,565468,1538336,87100,1091667,1454,1454,0,0,0,5,13,4,8,5,3,0,0,0,43,39,6799918,0,63,3,128,8364,2600321,24298,1,2,183092,132167,47536,47992,9491,1688,9648,1260,326,1124,1124,34,17989,6539,24581939,2305,74,428,239,4424527,4424418,274,122,74,100,178,6799599,4226895,107,144,2772,304,584,12,91,3,1074,8728027,3337,0,521,7,2,5,180,0,1,181,7,3,2,10
6801.61,1654853294317,50.009253254,1,7.7,19.7,0.0,72.6,0.0,0.0,0.0,121,1,71,0,2,1248992,97900,565480,1537824,91572,1104383,10365,10365,0,0,0,5,13,4,8,9,3,0,0,0,24,47,6842676,0,67,3,128,8363,2666025,23984,1,2,184543,133325,51391,51668,10203,2134,10129,1669,299,1178,1179,65,20074,7065,24899428,2351,84,425,242,4412293,4412177,272,122,84,106,189,6841879,4209758,109,149,2768,294,549,25,97,5,1117,8805210,3235,0,503,7,2,5,185,0,1,186,7,3,2,10
6851.62,1654853351409,50.011132172,1,1.5,16.5,0.0,82.0,0.0,0.0,0.0,124,1,72,0,2,1248568,98304,565500,1537420,82830,1093110,1550,1550,0,0,0,5,13,4,8,4,3,0,0,0,53,25,7045250,0,68,3,128,4682,2851289,24020,1,2,183437,132598,48164,47999,9485,1246,9314,755,293,1116,1116,39,18301,6466,26040554,2279,76,424,237,4426414,4426315,262,120,76,99,172,7044331,4227320,103,134,2687,286,501,8,94,2,1071,9175202,3240,0,510,7,2,5,159,0,1,160,7,3,2,10
6901.63,1654853408698,50.011836127,1,1.7,17.3,0.0,81.0,0.0,0.0,0.0,123,1,72,0,2,1248384,98452,565536,1537272,84073,1087054,1482,1482,0,0,0,8,17,8,9,9,4,0,0,0,1,18,6988411,0,68,4,132,6612,2782730,25862,2,2,183496,132505,49633,50104,9716,2039,9749,1574,301,1127,1127,38,18893,6705,25672829,2303,78,422,239,4440557,4440454,272,124,77,103,180,6987460,4239470,108,143,2740,288,554,16,96,4,1080,9010806,3148,0,498,9,2,5,167,1,5,172,9,3,2,12
6951.64,1654853465424,50.009172033,1,1.4,15.6,0.0,83.0,0.0,0.0,0.0,122,1,70,0,2,1249720,97104,565548,1538620,86336,1110338,1550,1550,0,0,0,5,15,4,10,7,3,0,0,0,2,60,6754734,0,71,3,136,8784,2554120,20427,2,2,183773,132726,49386,50153,9731,1468,9923,976,258,1142,1142,39,18896,6736,24300549,2328,76,422,239,4431617,4431516,234,122,76,103,182,6753900,4231010,107,144,2751,291,556,13,94,4,1086,8629087,3121,0,475,6,2,7,177,0,1,178,6,3,2,9
7001.65,1654853523430,50.010024028,1,2.9,13.7,0.0,83.1,0.0,0.0,0.3,122,1,70,0,2,1249472,97332,565568,1538392,75736,986362,1188,1188,0,0,0,6,14,5,8,9,3,0,0,0,48,34,6589595,0,65,3,128,8339,2426455,23172,1,2,183853,132501,49622,49998,9942,1432,9829,819,305,1117,1117,34,19114,6866,23461482,2291,83,428,239,4394218,4394111,273,122,82,100,180,6589408,4194363,108,146,2742,295,548,13,97,2,1069,8469109,3256,0,517,8,2,5,183,1,5,188,8,3,2,11
7051.66,1654853575152,50.009762533,1,1.2,16.5,0.0,82.2,0.0,0.0,0.0,123,1,71,0,2,1249240,97544,565588,1538180,88350,1100520,10421,10421,0,0,0,5,13,4,8,8,3,0,0,0,84,32,6876686,0,75,3,128,8246,2705339,23898,1,2,183389,132489,47365,47218,9471,2092,9302,1669,302,1153,1154,62,18104,6566,25098725,2307,76,426,240,4401776,4401671,273,121,75,97,171,6876568,4204075,104,135,2706,293,486,18,91,3,1099,8882168,3381,0,535,7,2,5,169,0,1,170,7,3,2,10
7101.67,1654853632463,50.009700515,1,1.4,20.2,0.0,78.4,0.0,0.0,0.0,123,1,72,0,2,1248276,98496,565600,1537228,84102,1094873,1482,1482,0,0,0,5,13,4,8,1,3,0,0,0,108,34,6577990,0,64,3,128,7184,2415556,22227,1,2,183978,133264,47571,48073,9312,1961,9326,1574,293,1125,1125,38,18253,6426,23382400,2299,74,428,238,4394143,4394053,266,122,73,99,172,6577912,4196843,105,135,2506,288,236,9,89,2,1074,8315284,3466,0,537,7,2,5,172,0,1,173,7,3,2,10
7151.69,1654853689496,50.016701912,1,10.2,22.3,0.0,67.5,0.0,0.0,0.0,122,1,72,0,2,1248632,98128,565612,1537596,74996,987474,1188,1188,0,0,0,6,14,5,8,1,3,0,0,0,4,61,6402041,0,62,3,130,10591,2255132,21204,1,2,182405,131673,47777,48275,9613,1446,9487,1323,65,1115,1115,34,18487,6591,22428158,2287,78,416,238,4369974,4369873,108,124,78,95,174,6401816,4173991,103,137,2371,289,220,8,89,1,1065,8151479,2799,0,395,8,2,5,181,1,5,186,8,3,2,11
7201.71,1654853741341,50.021654054,1,1.2,17.2,0.0,81.5,0.0,0.0,0.0,122,1,71,0,2,1248336,98412,565624,1537312,81570,1047563,1284,1284,0,0,0,6,14,5,8,6,3,0,0,0,95,43,6813611,0,66,3,128,18969,2621030,24274,1,2,184397,133143,49474,50125,9935,2001,9992,1606,254,1133,1133,35,19052,6869,24717701,2321,82,427,240,4425419,4425314,240,122,82,100,183,6813163,4226457,105,146,2726,293,522,13,96,4,1084,8704140,3439,0,519,8,2,5,186,1,5,191,8,3,2,11
