time,timestamp,seconds,connectivity,alarmtimer:alarmtimer_fired,alarmtimer:alarmtimer_start,block:block_bio_backmerge,block:block_bio_remap,block:block_dirty_buffer,block:block_getrq,block:block_touch_buffer,block:block_unplug,cachefiles:cachefiles_create,cachefiles:cachefiles_lookup,cachefiles:cachefiles_mark_active,clk:clk_set_rate,cpu-migrations,cs,dma_fence:dma_fence_init,fib:fib_table_lookup,filemap:mm_filemap_add_to_page_cache,gpio:gpio_value,ipi:ipi_raise,irq:irq_handler_entry,irq:softirq_entry,jbd2:jbd2_handle_start,jbd2:jbd2_start_commit,kmem:kfree,kmem:kmalloc,kmem:kmem_cache_alloc,kmem:kmem_cache_free,kmem:mm_page_alloc,kmem:mm_page_alloc_zone_locked,kmem:mm_page_free,kmem:mm_page_pcpu_drain,mmc:mmc_request_start,net:net_dev_queue,net:net_dev_xmit,net:netif_rx,page-faults,pagemap:mm_lru_insertion,preemptirq:irq_enable,qdisc:qdisc_dequeue,random:get_random_bytes,random:mix_pool_bytes_nolock,random:urandom_read,raw_syscalls:sys_enter,raw_syscalls:sys_exit,rpm:rpm_resume,rpm:rpm_suspend,sched:sched_process_exec,sched:sched_process_free,sched:sched_process_wait,sched:sched_switch,sched:sched_wakeup,signal:signal_deliver,signal:signal_generate,skb:consume_skb,skb:kfree_skb,skb:skb_copy_datagram_iovec,sock:inet_sock_set_state,task:task_newtask,tcp:tcp_destroy_sock,tcp:tcp_probe,timer:hrtimer_start,timer:timer_start,udp:udp_fail_queue_rcv_skb,workqueue:workqueue_activate_work,writeback:global_dirty_state,writeback:sb_clear_inode_writeback,writeback:wbc_writepage,writeback:writeback_dirty_inode,writeback:writeback_dirty_inode_enqueue,writeback:writeback_dirty_page,writeback:writeback_mark_inode_dirty,writeback:writeback_pages_written,writeback:writeback_single_inode,writeback:writeback_write_inode,writeback:writeback_written
50.0104,1625162822601,50.010410354,1,0,0,9,23,10,14,135,5,0,0,0,44,69,6665101,0,35,2,152,27446,2458791,24626,7,3,191856,138514,56233,58484,22750,12698,30002,19813,76,1134,1135,60,37572,19787,23898563,2273,77,424,263,4455064,4454964,112,127,76,96,168,6664982,4239454,95,136,3097,329,1281,15,88,3,950,8462866,3137,0,499,8,2,7,265,18,6,271,8,4,3,12
100.02,1625162879676,50.010086928,1,0,0,5,12,4,7,71,2,0,0,0,12,70,6456041,0,28,0,124,14367,2324631,24031,0,1,190861,137966,55565,56092,20473,11146,20505,11181,62,1084,1084,33,37109,17555,22893264,2227,72,421,258,4377022,4376919,102,118,71,83,160,6455715,4163570,93,123,2979,316,1158,0,83,0,913,8121123,2958,0,438,7,1,6,233,12,3,236,7,2,1,9
150.03,1625162936568,50.010154255,1,0,0,5,10,4,5,114,2,0,0,0,4,71,6261980,0,32,0,116,10662,2161241,25046,0,1,194831,141084,61672,61962,24168,14086,24177,14142,58,1094,1094,37,43821,20954,21896624,2239,81,426,264,4357499,4357397,102,118,80,94,172,6261652,4134602,94,131,3176,329,1410,0,94,0,911,7735495,3095,0,452,8,1,4,262,16,4,266,8,2,1,10
200.039,1625162993892,50.009158153,1,0,0,5,10,4,5,95,2,0,0,0,50,77,6399365,0,26,0,116,17322,2301642,24535,0,1,194643,141006,61170,62024,24040,14050,24118,13796,58,1093,1093,37,43671,20881,22753558,2236,78,424,264,4353100,4353001,102,118,76,89,168,6399175,4130856,94,127,3159,329,1409,0,89,0,921,7967956,3131,0,484,8,1,4,256,16,4,260,8,2,1,10
250.05,1625163050715,50.010567625,1,0,0,5,10,4,5,96,2,0,0,0,56,86,6559499,0,26,0,116,17973,2480391,26370,0,1,192381,139424,61849,62664,24006,13640,24082,13639,58,1078,1078,37,43626,20847,23748108,2207,77,420,264,4333216,4333121,102,118,76,89,168,6559390,4111962,94,127,3127,329,1409,0,90,0,912,8142280,3257,0,496,8,1,4,266,16,4,270,8,2,1,10
300.059,1625163107490,50.009156494,1,0,0,5,10,4,5,70,2,0,0,0,10,68,6292873,0,32,0,116,14510,2187871,25327,0,1,191430,138331,56993,58269,20827,11306,22348,12851,58,1130,1131,60,37683,17801,22059688,2264,74,421,262,4350349,4350259,102,118,73,87,165,6292329,4134653,94,124,3026,327,1192,11,84,2,941,7831577,3047,0,462,8,1,4,236,13,4,240,8,2,1,10
350.068,1625163163981,50.009183043,1,0,0,5,10,4,5,97,2,0,0,0,20,74,6350427,0,25,0,116,23609,2280187,23988,0,1,189357,136933,55664,56546,20535,10546,20598,10520,58,1077,1077,33,37104,17591,22515103,2212,71,417,260,4314880,4314784,102,118,71,83,160,6350279,4102427,93,123,2967,323,1168,0,83,0,910,7973828,2942,0,432,4,1,4,244,13,4,248,2,2,1,4
400.079,1625163220499,50.010759049,1,0,0,5,10,4,5,82,2,0,0,0,54,71,6232159,0,28,0,116,27381,2158269,23367,0,1,190484,137785,56024,56914,20678,11118,20753,10615,58,1082,1082,33,37377,17657,21810938,2223,77,421,259,4321119,4321023,102,118,75,88,164,6232049,4108108,93,127,2974,319,1163,0,87,0,916,7759714,3018,0,451,6,1,4,247,13,4,251,2,2,1,6
450.096,1625163277256,50.017108665,1,0,0,5,10,4,5,89,2,0,0,0,28,83,6334852,0,26,0,116,12449,2227518,24445,0,1,193180,140145,60408,60696,23900,13892,21354,11339,58,1089,1089,37,42493,20791,22309881,2229,77,421,264,4357084,4356993,102,117,76,88,165,6334618,4137460,94,126,3049,324,1257,0,89,0,925,7874859,3031,0,446,6,1,4,259,14,4,263,2,2,1,6
500.105,1625163334427,50.008713956,1,0,0,5,10,4,5,94,2,0,0,0,48,59,6336235,0,27,0,116,15148,2228886,25547,0,1,193796,140380,61748,62398,23997,13642,24013,13418,58,1086,1086,37,43607,20871,22329914,2223,77,422,264,4362845,4362742,102,118,76,90,168,6335869,4140355,94,127,3145,329,1405,0,91,0,922,7825837,3183,0,487,6,1,4,265,16,4,269,2,2,1,6
550.114,1625163391285,50.009238589,1,0,0,5,10,4,5,99,2,0,0,0,18,59,6195228,0,32,1,116,10397,2119565,25138,0,1,194011,140531,63618,64447,24637,14281,24682,14016,58,1129,1130,64,44754,21316,21645314,2255,87,421,266,4327461,4327354,102,118,85,99,181,6195018,4103736,97,137,3185,335,1430,11,99,2,951,7709390,3044,0,476,6,1,4,265,16,4,269,2,2,1,5
600.128,1625163448133,50.013798696,1,0,0,5,10,4,5,76,2,0,0,0,20,52,6268491,0,25,0,116,28257,2181211,24022,0,1,192408,138820,58260,59384,22599,13920,23709,14300,58,1087,1087,33,41294,19516,22013987,2233,75,422,260,4338585,4338483,102,118,73,86,164,6268384,4120329,93,125,3140,328,1383,0,85,0,920,7733428,3017,0,479,8,1,4,265,16,4,269,8,2,1,10
650.137,1625163504839,50.008728527,1,0,0,5,10,4,5,70,2,0,0,0,36,69,6410470,0,25,1,116,7415,2348768,25040,0,1,191159,138265,55716,56440,20533,11148,20564,10930,58,1084,1084,33,37079,17553,22905056,2227,72,423,260,4307227,4307132,102,118,71,86,160,6410120,4093493,93,123,2981,323,1170,0,84,0,913,8104788,3012,0,457,4,1,4,238,13,4,242,2,2,1,4
700.149,1625163561992,50.011626790,1,0,0,5,10,4,5,100,2,0,0,0,8,67,6240378,0,30,1,116,5716,2202780,24377,0,1,191503,138494,57186,57907,20967,11540,21016,10962,58,1088,1088,33,37777,17869,21973240,2235,84,426,260,4286407,4286300,102,117,83,96,172,6240019,4071004,93,135,2995,323,1172,0,97,0,917,7780154,2943,0,467,6,1,4,236,13,4,240,2,2,1,6
750.159,1625163619131,50.010430133,1,0,0,5,10,4,5,92,2,0,0,0,12,65,6497240,0,26,0,116,9089,2449990,24772,0,1,193658,140147,59777,60603,23842,13952,23934,13607,58,1078,1078,33,42927,20759,23486262,2215,75,422,264,4301484,4301394,102,118,74,86,164,6497077,4080899,93,125,3137,329,1407,0,86,0,916,8145227,3022,0,473,6,1,4,261,16,4,265,2,2,1,6
800.171,1625163676363,50.012033286,1,0,0,5,10,4,5,93,2,0,0,0,2,61,6222164,0,30,1,116,11055,2157109,25443,0,1,194099,140561,61196,61936,24019,14050,24081,14016,58,1090,1090,37,43657,20879,21824059,2231,78,421,264,4318721,4318620,102,118,76,90,168,6221894,4096426,94,127,3154,330,1409,0,89,0,918,7701889,2964,0,463,8,1,4,269,16,4,273,8,2,1,10
850.18,1625163733250,50.009482000,1,0,0,5,10,4,5,107,2,0,0,0,26,75,6460495,0,48,0,116,8149,2420537,25773,0,1,192448,138998,60449,61666,22710,12167,24242,13670,58,1133,1134,64,42225,19497,23302532,2263,82,422,260,4292546,4292449,102,118,80,94,174,6460434,4072319,95,132,3186,325,1407,11,93,2,954,8071177,3113,0,487,8,1,4,274,16,4,278,8,2,1,10
900.19,1625163790229,50.010111608,1,0,0,5,10,4,5,73,2,0,0,0,18,61,6346716,0,36,0,116,6814,2298081,25951,0,1,191524,138583,57152,57848,20717,11560,20748,11056,58,1090,1090,37,37810,17674,22582171,2231,74,422,259,4296108,4296003,102,118,73,88,164,6346400,4080551,94,125,2995,320,1169,0,87,0,923,7920778,3005,0,452,8,1,4,246,13,4,250,8,2,1,10
950.201,1625163846713,50.010850456,1,0,0,5,10,4,5,78,2,0,0,0,46,100,6411354,0,44,0,116,14899,2354581,25863,0,1,189623,137179,56887,57268,20624,11245,20654,11056,58,1077,1077,33,37263,17647,22930917,2213,75,423,260,4299989,4299876,102,118,75,87,164,6410638,4086566,93,127,2989,323,1168,0,87,0,911,8028357,3192,0,466,7,1,4,249,13,4,253,7,2,1,9
1000.21,1625163903127,50.011816688,1,0,0,5,10,4,5,71,2,0,0,0,16,71,6317291,0,52,1,116,8574,2257073,24464,0,1,190752,137932,56285,57098,20701,11562,20778,11213,58,1087,1087,33,37350,17677,22341146,2233,77,422,260,4307634,4307542,102,118,76,88,164,6317013,4093928,93,127,3013,323,1166,0,88,0,917,7850287,2959,0,447,8,1,4,232,13,4,236,8,2,1,10
1050.22,1625163959293,50.009140977,1,0,0,5,10,4,5,94,2,0,0,0,46,44,6502975,0,52,0,116,12121,2425974,26089,0,1,192027,139346,58380,59158,23134,13042,21184,11244,58,1079,1079,33,40185,20078,23421788,2217,78,421,264,4326627,4326529,102,118,76,91,164,6502864,4110581,93,127,3011,325,1190,0,88,0,911,8169239,3158,0,475,8,1,4,242,13,4,246,8,2,1,10
1100.23,1625164015810,50.009065484,1,0,0,5,10,4,5,89,2,0,0,0,18,68,6401232,0,42,0,118,12812,2330109,25981,0,1,193514,140172,61877,62689,24226,13487,24270,13103,59,1127,1128,64,44059,21024,22889305,2251,79,421,266,4320456,4320351,104,120,77,91,170,6400967,4098157,95,128,3187,333,1431,11,90,2,948,7975876,3154,0,476,8,1,4,260,16,4,264,8,2,1,10
1150.24,1625164072988,50.010104732,1,0,0,5,10,4,5,88,2,0,0,0,4,49,6304133,0,25,0,118,9880,2226341,24562,0,1,193071,139799,61133,61723,24016,14049,24016,13827,59,1081,1081,37,43640,20835,22249400,2213,77,418,264,4329988,4329875,104,119,76,89,168,6303843,4108672,94,127,3134,329,1405,0,89,0,917,7836424,2939,0,470,8,1,4,279,16,4,283,8,2,1,10
1200.25,1625164129654,50.010523841,1,0,0,5,10,4,5,99,2,0,0,0,38,85,6312507,0,26,0,116,7750,2267563,25809,0,1,192480,139469,62508,63366,24160,14401,24240,14299,58,1083,1083,37,43879,20970,22411268,2216,82,422,266,4300934,4300828,102,118,80,94,172,6312342,4078572,94,131,3148,336,1411,0,94,0,921,7781235,3125,0,492,7,1,4,264,16,4,268,7,2,1,9
1250.26,1625164186653,50.010046907,1,0,0,5,10,4,5,75,2,0,0,0,15,63,6497098,0,25,0,116,23849,2431384,25401,0,1,190949,138038,55670,56290,20561,10927,20574,10457,58,1087,1087,33,37104,17581,23434554,2233,72,421,260,4312091,4311988,102,118,71,85,160,6496693,4098710,93,123,2985,323,1163,0,85,0,916,8176783,3015,0,456,8,1,4,241,13,4,245,8,2,1,10
1300.27,1625164243274,50.011684032,1,0,0,5,10,4,5,87,2,0,0,0,29,67,6500137,0,26,0,116,7574,2478971,25485,0,1,190477,137729,55671,56373,20518,10894,20590,10740,58,1085,1085,33,37128,17584,23591431,2229,72,421,260,4267840,4267739,102,118,71,83,160,6499849,4054976,93,123,2982,323,1162,0,83,0,916,8274598,2928,0,445,8,1,4,236,13,4,240,8,2,1,10
1350.28,1625164300137,50.010629291,1,0,0,5,10,4,5,83,2,0,0,0,30,52,6294493,0,34,0,116,6116,2215719,25228,0,1,191130,138205,56285,57025,20752,10992,20801,10866,58,1130,1131,60,37553,17747,22144447,2265,74,423,261,4325029,4324939,102,117,72,84,162,6294402,4110637,94,124,3021,323,1185,11,84,2,947,7804409,2949,0,463,8,1,4,236,13,4,240,8,2,1,10
1400.29,1625164357366,50.010844734,1,0,0,5,10,4,5,116,2,0,0,0,44,80,6396434,0,37,0,116,11817,2332090,25029,0,1,194451,140838,61163,62149,24004,14082,24112,13859,58,1089,1089,37,43648,20846,22855371,2229,78,424,264,4318896,4318803,102,117,76,92,168,6396280,4097044,94,127,3160,330,1402,0,89,0,917,8013815,3169,0,491,8,1,4,255,16,4,259,8,2,1,10
1450.3,1625164413983,50.010957731,1,0,0,5,10,4,5,101,2,0,0,0,1,72,6168171,0,26,0,116,14587,2095357,25001,0,1,193101,139813,61437,61892,24017,13798,24025,13544,58,1087,1087,37,43634,20847,21482064,2225,77,419,264,4323636,4323531,102,118,76,90,168,6167594,4101925,94,127,3147,329,1403,0,90,0,914,7632405,2979,0,455,8,1,4,265,16,4,269,8,2,1,10
1500.31,1625164471169,50.010647089,1,0,0,5,10,4,5,96,2,0,0,0,10,90,6247455,0,25,0,116,23454,2136220,24470,0,1,194153,140624,61783,62614,24131,14338,24179,13796,58,1088,1088,37,43853,20925,21808488,2227,82,425,265,4366756,4366653,102,118,80,94,172,6247301,4144286,94,131,3156,333,1415,0,94,0,913,7764818,3000,0,461,8,1,4,274,16,4,278,8,2,1,10
1550.32,1625164527840,50.009259516,1,0,0,5,10,4,5,77,2,0,0,0,4,77,6262214,0,25,0,116,8298,2167360,24434,0,1,190321,137589,55708,56619,20537,11555,20594,11150,58,1080,1080,33,37146,17590,21904927,2219,72,420,260,4337690,4337601,102,118,71,85,160,6262068,4124588,93,123,2973,323,1169,0,84,0,908,7826684,2955,0,435,8,1,4,246,13,4,250,8,2,1,10
1600.33,1625164584644,50.009025684,1,0,0,5,10,4,5,73,2,0,0,0,20,78,6273685,0,25,0,118,9314,2204649,24773,0,1,191166,138227,55761,56608,20523,11619,20607,11276,59,1079,1079,33,37134,17578,22078820,2217,73,422,260,4309971,4309876,104,120,71,84,160,6273537,4096331,93,123,2971,323,1168,0,84,0,916,7946587,2951,0,438,8,1,4,229,13,4,233,8,2,1,10
1650.34,1625164641815,50.010653008,1,0,0,5,10,4,5,107,2,0,0,0,38,96,6291496,0,36,0,116,21359,2221834,25109,0,1,194066,140496,61048,61941,24251,14053,24309,13355,58,1127,1128,60,43569,21026,22238810,2259,81,424,267,4324069,4323970,102,117,79,91,170,6291450,4102610,94,130,3188,336,1426,11,91,2,947,7841352,3080,0,462,8,1,4,265,16,4,269,8,2,1,10
1700.35,1625164698947,50.008648684,1,0,0,5,10,4,5,100,2,0,0,0,10,82,6098352,0,28,0,116,7300,2013489,24957,0,1,194227,140652,61663,62250,24172,13675,24163,13607,58,1089,1089,37,43894,20963,21005152,2229,81,421,264,4334297,4334188,102,117,80,94,172,6098010,4111874,94,131,3156,329,1414,0,93,0,915,7539557,3031,0,464,8,1,4,258,16,4,262,8,2,1,10
1750.36,1625164756497,50.009530982,1,0,0,5,10,4,5,85,2,0,0,0,48,70,6412785,0,28,0,116,23388,2350294,25139,0,1,192826,139555,60344,61581,23462,13833,24149,13859,58,1082,1082,37,42873,20272,22975855,2215,81,426,259,4315933,4315833,102,118,79,95,172,6412649,4096032,94,131,3126,321,1384,0,93,0,919,8082502,3155,0,492,8,1,4,272,15,4,276,8,2,1,10
1800.37,1625164813394,50.009068280,1,0,0,5,10,4,5,78,2,0,0,0,20,56,6394843,0,27,0,116,9811,2333859,23913,0,1,191377,138458,57399,58261,20869,11626,20922,11748,58,1084,1084,37,38132,17791,22808610,2219,78,421,258,4309793,4309694,102,118,77,91,168,6394625,4093956,94,129,2969,316,1160,0,91,0,915,8071149,2962,0,454,8,1,4,251,13,4,255,8,2,1,10
1850.38,1625164870213,50.011889322,1,0,0,5,10,4,5,73,2,0,0,0,24,44,6392042,0,25,0,116,8525,2303335,24987,0,1,190663,137967,57119,57906,20716,11402,20774,11213,58,1088,1088,37,37866,17717,22695390,2227,74,420,260,4336589,4336487,102,118,73,87,164,6391818,4121762,94,125,2980,323,1167,0,87,0,928,7969882,3016,0,445,8,1,4,238,13,4,242,8,2,1,10
1900.39,1625164926902,50.009123063,1,0,0,5,10,4,5,81,2,0,0,0,50,53,6402316,0,36,0,116,10722,2313593,25072,0,1,189973,137425,57177,58018,20708,11307,20773,11150,58,1122,1123,60,37516,17759,22754157,2249,74,421,262,4335745,4335654,102,118,72,84,162,6402166,4121784,94,124,3010,328,1188,11,84,2,942,7881872,3179,0,463,8,1,4,252,13,4,256,8,2,1,10
1950.4,1625164983950,50.008792321,1,0,0,5,10,4,5,93,2,0,0,0,38,76,6398370,0,42,0,116,11516,2318523,24892,0,1,191729,138819,60343,60985,23979,13548,23992,13230,58,1076,1076,33,43121,20823,22757401,2210,79,417,266,4330895,4330793,102,118,78,90,168,6397972,4112321,93,129,3151,336,1404,0,90,0,914,7973527,3098,0,505,8,1,4,261,16,4,265,8,2,1,10
2000.41,1625165040567,50.010806041,1,0,0,5,10,4,5,105,2,0,0,0,10,63,6322719,0,26,0,116,11020,2200604,24673,0,1,193689,140156,60305,60935,24015,14210,24028,13765,58,1082,1082,33,43211,20847,22184075,2223,79,425,265,4371700,4371598,102,118,78,91,168,6322414,4151224,93,129,3152,332,1405,0,91,0,907,7850621,3080,0,486,8,1,4,270,16,4,274,8,2,1,10
2050.42,1625165097138,50.011897774,1,0,0,5,10,4,5,96,2,0,0,0,0,37,6173061,0,33,0,116,6341,2110864,27034,0,1,194455,140779,61156,61955,24025,14208,24085,13985,58,1093,1093,37,43670,20873,21544364,2237,78,422,264,4316456,4316341,102,118,76,89,168,6172789,4093854,94,127,3164,329,1402,0,89,0,917,7625709,3012,0,476,8,1,4,266,16,4,270,8,2,1,10
2100.43,1625165154044,50.010509176,1,0,0,5,10,4,5,67,2,0,0,0,0,36,6094977,0,36,0,116,5854,2017836,25789,0,1,191602,138570,56979,57854,20716,11372,20779,11182,58,1090,1090,37,37902,17714,20976581,2231,75,422,258,4323783,4323684,102,118,73,88,164,6094798,4107792,94,125,2993,316,1162,0,88,0,919,7600847,2891,0,458,8,1,4,245,13,4,249,8,2,1,10
2150.44,1625165210902,50.009286612,1,0,0,5,10,4,5,70,2,0,0,0,56,79,6412562,0,32,0,116,11252,2334300,25743,0,1,191109,138353,58016,58898,20927,11719,20975,11245,58,1132,1133,64,38302,17889,22870036,2261,76,423,261,4326936,4326843,102,118,74,87,166,6412359,4110912,95,126,3018,324,1189,11,87,2,957,7980986,3238,0,492,8,1,4,252,13,4,256,8,2,1,10
2200.46,1625165268018,50.017003202,1,0,0,5,10,4,5,72,2,0,0,0,38,47,6192211,0,26,0,116,15024,2126703,23886,0,1,191390,138393,55715,56612,20494,10957,20546,11024,58,1087,1087,33,37144,17566,21576926,2231,72,423,260,4313769,4313683,102,118,72,83,160,6192037,4100027,93,123,2989,323,1163,0,83,0,919,7673976,3037,0,470,8,1,4,233,13,4,237,8,2,1,10
2250.47,1625165324991,50.013257491,1,0,0,5,10,4,5,93,2,0,0,0,15,52,6390437,0,28,0,116,8594,2311465,24620,0,1,194047,140451,60834,61623,24119,14087,24173,13796,58,1086,1086,33,43430,20905,22762419,2231,83,426,266,4333932,4333822,102,118,82,94,172,6390238,4112659,93,133,3163,336,1410,0,94,0,920,8005754,2985,0,502,8,1,4,254,16,4,258,8,2,1,10
2300.48,1625165381683,50.010907222,1,0,0,5,10,4,5,80,2,0,0,0,0,33,6167505,0,27,0,116,8798,2125061,25926,0,1,192989,139649,59788,60615,23837,13733,23903,13512,58,1081,1081,33,42979,20733,21581292,2221,75,420,265,4295611,4295515,102,118,74,87,164,6167243,4076040,93,125,3145,332,1406,0,87,0,908,7716245,2940,0,477,8,1,4,267,16,4,271,8,2,1,10
2350.49,1625165438383,50.009144631,1,0,0,5,10,4,5,85,2,0,0,0,4,58,6319225,0,74,0,116,13388,2229396,26420,0,1,193930,140415,61291,62139,24022,13772,24084,13544,58,1089,1089,37,43746,20880,22287419,2229,78,421,264,4345427,4345325,102,118,76,90,168,6319007,4123317,94,127,3159,373,1410,0,90,0,923,7838376,3031,0,489,8,1,4,264,16,4,268,8,2,1,10
2400.5,1625165494967,50.012246761,1,0,0,5,10,4,5,75,2,0,0,0,32,61,6419311,0,33,0,116,16396,2389030,24519,0,1,191645,138395,59174,60437,22334,12413,23884,13639,58,1081,1081,37,41703,19255,23099195,2212,77,420,258,4282129,4282026,102,118,75,90,168,6419188,4063680,94,127,3118,327,1379,0,89,0,922,8046421,3051,0,479,8,1,4,258,16,4,262,8,2,1,10
2450.51,1625165551581,50.011750505,1,0,0,5,10,4,5,67,2,0,0,0,4,57,6342525,0,36,0,116,13773,2263005,23793,0,1,190691,137946,57020,57724,20690,11591,20768,11496,58,1088,1088,37,37870,17697,22421039,2226,74,420,259,4326453,4326332,102,117,73,86,164,6342203,4111664,94,125,2990,320,1164,0,86,0,916,7959158,2901,0,451,8,1,4,237,13,4,241,8,2,1,10
2500.52,1625165608716,50.008742954,1,0,0,5,10,4,5,74,2,0,0,0,10,50,6400578,0,29,0,116,9433,2330696,25801,0,1,191062,138121,55699,56279,20516,11462,20538,11024,58,1089,1089,33,37165,17555,22822918,2236,72,422,260,4316322,4316220,102,117,71,83,160,6400188,4103120,93,123,2991,326,1163,0,83,0,920,8064894,2962,0,461,8,1,4,238,13,4,242,8,2,1,10
2550.53,1625165665261,50.011585592,1,0,0,5,10,4,5,89,2,0,0,0,21,88,6230249,0,26,0,118,13605,2130355,24291,0,1,194188,140537,60398,61204,23988,14115,24055,13670,59,1088,1088,33,43150,20855,21744669,2235,79,426,266,4350920,4350816,104,120,78,91,168,6229727,4129854,93,129,3172,336,1418,0,91,0,910,7679955,3054,0,443,4,1,4,259,16,4,263,2,2,1,3
2600.54,1625165722402,50.010549826,1,0,0,5,10,4,5,90,2,0,0,0,14,60,6307837,0,30,0,118,12096,2233896,24826,0,1,192834,139568,61411,62189,24109,14433,24164,14268,59,1079,1079,33,43362,20910,22301407,2217,84,419,265,4325392,4325286,104,119,82,95,172,6307690,4104107,93,133,3140,332,1399,0,94,0,908,7740716,3108,0,494,8,1,4,271,16,4,275,8,2,1,10
2650.55,1625165778790,50.010909245,1,0,0,5,10,4,5,96,2,0,0,0,1,61,6117054,0,26,0,116,13086,2051766,24003,0,1,193656,140207,61092,61503,23982,13232,23989,12977,58,1088,1088,37,43648,20826,21184558,2227,77,420,264,4317758,4317657,102,118,76,90,168,6116316,4095774,94,127,3148,329,1403,0,91,0,923,7532948,2966,0,455,8,1,4,269,16,4,273,8,2,1,10
2700.56,1625165835884,50.011385217,1,0,0,5,10,4,5,80,2,0,0,0,21,53,6399076,0,35,0,116,10163,2307009,24995,0,1,191915,138799,58733,60142,21175,11724,23823,13953,58,1134,1135,64,39256,18059,22732000,2265,81,423,260,4343458,4343360,102,118,79,93,173,6398957,4126227,95,131,3035,323,1205,11,92,2,951,7932745,3076,0,501,8,1,4,264,16,4,268,8,2,1,10
2750.57,1625165892854,50.009467525,1,0,0,5,10,4,5,72,2,0,0,0,2,60,6310868,0,26,0,116,6990,2227974,23108,0,1,191312,138386,57070,58009,20709,11777,20769,11528,58,1092,1092,37,37934,17703,22230099,2235,75,421,259,4330470,4330376,102,118,73,86,164,6310671,4114540,94,125,2991,321,1165,0,86,0,918,7898363,2824,0,431,8,1,4,235,13,4,239,8,2,1,10
2800.58,1625165949809,50.010065737,1,0,0,5,10,4,5,87,2,0,0,0,44,66,6396620,0,26,0,116,22736,2282419,24461,0,1,190618,137877,56165,56730,20660,11245,20667,10961,58,1083,1083,33,37345,17657,22610541,2225,76,425,260,4361277,4361170,102,118,75,87,164,6396310,4147993,93,127,2985,323,1167,0,87,0,913,7923938,3075,0,502,7,1,4,241,13,4,245,7,2,1,9
2850.59,1625166006384,50.009480840,1,0,0,5,10,4,5,109,2,0,0,0,44,70,6304844,0,31,0,118,15344,2207785,25461,0,1,193267,139957,61276,61784,24134,13836,24161,13670,58,1083,1083,33,43304,20912,22185512,2225,83,420,266,4350422,4350323,102,118,82,94,172,6304321,4129437,93,133,3154,336,1404,0,95,0,911,7785104,3198,0,481,4,1,4,271,16,4,275,2,2,1,3
2900.6,1625166063313,50.009118588,1,0,0,5,10,4,5,85,2,0,0,0,0,43,6428747,0,26,0,116,8905,2322898,23567,0,1,192077,138979,59731,60625,23844,14077,23910,13733,58,1069,1069,33,42958,20738,22890002,2197,76,417,265,4354695,4354602,102,118,74,88,164,6428581,4135836,93,125,3119,332,1402,0,86,0,905,8008728,2895,0,479,8,1,4,263,16,4,267,8,2,1,10
2950.61,1625166120042,50.008766799,1,0,0,5,10,4,5,90,2,0,0,0,50,102,6334782,0,34,0,116,14324,2259207,25459,0,1,193562,140243,61876,62418,24217,13927,24227,13670,58,1126,1127,64,44059,21028,22446745,2249,78,421,266,4329046,4328932,102,118,77,91,170,6334359,4106962,95,128,3179,333,1427,11,92,2,947,7843549,3222,0,485,8,1,4,264,16,4,268,8,2,1,10
3000.62,1625166177618,50.009357034,1,0,0,5,10,4,5,75,2,0,0,0,24,78,6317091,0,38,0,116,21684,2200096,24423,0,1,191007,138200,56993,57975,20680,11464,20804,11086,58,1085,1085,37,37905,17688,22124203,2221,75,421,258,4366241,4366149,102,118,73,88,164,6316932,4150938,94,125,2981,317,1161,0,86,0,921,7794338,3056,0,458,8,1,4,239,13,4,243,8,2,1,10
3050.63,1625166234819,50.009220372,1,0,0,5,10,4,5,66,2,0,0,0,6,97,6275217,0,31,0,116,16017,2183084,23734,0,1,191765,138745,57628,58504,20897,11309,20967,10835,58,1095,1095,37,38149,17811,21992169,2241,79,425,259,4340608,4340511,102,118,77,90,168,6274998,4123631,94,129,3010,320,1181,0,90,0,927,7891557,2957,0,448,7,1,4,239,13,4,243,7,2,1,9
3100.64,1625166291848,50.008875031,1,0,0,5,10,4,5,84,2,0,0,0,38,82,6473936,0,26,0,116,14443,2374391,24882,0,1,194488,140887,61287,61868,24010,13705,24030,13670,58,1094,1094,37,43656,20865,23185502,2239,77,423,265,4354665,4354554,102,118,76,90,168,6473518,4131862,94,127,3164,333,1404,0,89,0,929,8142023,3115,0,470,8,1,4,263,16,4,267,8,2,1,10
3150.65,1625166348645,50.010632620,1,0,0,5,10,4,5,106,2,0,0,0,26,93,6467013,0,44,0,116,18195,2364802,25784,0,1,193043,139729,59911,60866,23852,13638,23929,13166,58,1081,1081,33,42951,20773,23139657,2221,76,420,266,4353769,4353676,102,118,74,86,164,6466840,4134260,93,125,3167,336,1413,0,86,0,902,8081725,3155,0,473,8,1,4,270,16,4,274,8,2,1,10
3200.66,1625166405271,50.010419611,1,0,0,5,10,4,5,85,2,0,0,0,16,80,6342946,0,32,0,116,25946,2235989,24487,0,1,192659,139453,60175,60993,24005,14144,23965,13702,58,1094,1094,44,43163,20869,22397071,2223,75,419,267,4359534,4359427,102,118,74,89,162,6342716,4139818,93,125,3144,334,1416,4,87,0,920,7846811,3093,0,461,8,1,4,272,16,4,276,8,2,1,10
3250.67,1625166462199,50.009034399,1,0,0,5,10,4,5,95,2,0,0,0,18,97,6280642,0,26,0,116,18237,2180026,23439,0,1,191352,138330,55568,56447,20529,11179,20618,10867,58,1081,1081,33,37154,17563,21981665,2221,73,422,259,4341781,4341686,102,118,71,85,160,6280454,4127982,93,123,2971,319,1159,0,84,0,911,7771032,2995,0,450,8,1,4,230,13,4,234,8,2,1,10
3300.68,1625166518728,50.011360814,1,0,0,5,10,4,5,66,2,0,0,0,25,79,6340777,0,26,0,116,11387,2244458,24661,0,1,190933,138165,57401,58256,20687,11148,20741,10867,58,1085,1085,37,37888,17684,22357356,2221,75,421,258,4344461,4344364,102,118,73,86,164,6340387,4128853,94,125,2971,316,1164,0,86,0,907,7867595,3167,0,472,4,1,4,249,13,4,253,2,2,1,4
3350.69,1625166576312,50.010838310,1,0,0,5,10,4,5,96,2,0,0,0,30,73,6214329,0,39,0,118,13359,2096156,24864,0,1,194585,140965,61318,62227,24013,13673,24086,13828,59,1093,1093,37,43689,20859,21541758,2237,78,423,265,4373373,4373274,104,119,76,90,168,6214236,4150774,94,127,3171,336,1406,0,89,0,912,7603086,3062,0,461,6,1,4,271,16,4,275,2,2,1,6
3400.7,1625166633490,50.008678075,1,0,0,5,10,4,5,94,2,0,0,0,6,54,6338538,0,45,0,118,18232,2227806,25009,0,1,194615,140919,61325,61997,24012,13957,24022,13450,59,1094,1094,37,43630,20841,22330164,2239,76,423,265,4365525,4365418,104,120,76,89,168,6338135,4143201,94,127,3179,336,1406,0,89,0,911,7874047,3088,0,479,6,1,4,271,16,4,275,2,2,1,6
3450.71,1625166690056,50.010567407,1,0,0,5,10,4,5,86,2,0,0,0,38,66,6401214,0,38,0,116,7300,2303802,25747,0,1,193962,140418,60039,60772,25883,15439,23905,13324,58,1081,1081,33,42987,22773,22764767,2221,76,423,266,4349014,4348915,102,118,74,87,164,6401082,4128629,93,125,3158,336,1410,0,88,0,913,7919084,3248,0,489,6,1,4,276,16,4,280,2,2,1,6
3500.72,1625166746829,50.013860440,1,0,0,5,10,4,5,77,2,0,0,0,42,69,6346142,0,53,0,118,10545,2235051,25039,0,1,190506,137753,57495,58943,20979,11659,23609,13733,59,1123,1124,60,38107,17929,22325160,2251,79,421,261,4359503,4359411,104,120,77,90,169,6346093,4144890,94,129,3043,326,1209,11,89,2,952,7907011,3165,0,485,6,1,4,269,16,4,273,2,2,1,5
3550.73,1625166803577,50.009201246,1,0,0,5,10,4,5,87,2,0,0,0,34,64,6286275,0,46,0,116,8955,2144243,25342,0,1,190030,137422,56319,57201,20543,11589,20608,11119,58,1081,1081,33,37151,17578,21839644,2221,73,419,259,4384339,4384253,102,118,71,85,160,6286165,4170784,93,123,2989,319,1158,0,85,0,909,7741630,3236,0,462,8,1,4,243,13,4,247,8,2,1,10
3600.74,1625166860811,50.008567896,1,0,0,5,10,4,5,70,2,0,0,0,4,61,6222966,0,29,0,116,10840,2086229,24878,0,1,191496,138542,57590,57983,20840,11783,20850,11434,58,1091,1091,37,38082,17763,21507555,2233,77,425,259,4385270,4385171,102,118,77,90,168,6222534,4168859,94,129,2993,319,1168,0,90,0,919,7638616,3026,0,446,7,1,4,242,13,4,246,7,2,1,9
3650.75,1625166917432,50.013478868,1,0,0,5,10,4,5,97,2,0,0,0,51,68,6360183,0,28,0,116,17358,2238653,24788,0,1,193616,140274,61208,62035,23998,13892,24038,13607,58,1087,1087,37,43710,20852,22401100,2225,77,421,264,4376781,4376683,102,118,76,89,168,6360041,4155388,94,127,3161,329,1413,0,89,0,915,7923242,3205,0,492,8,1,4,269,16,4,273,8,2,1,10
3700.76,1625166974837,50.009210799,1,0,0,5,10,4,5,90,2,0,0,0,18,96,5984352,0,25,0,116,15979,1881523,24557,0,1,194511,140903,63085,64047,24455,14437,24523,14048,58,1093,1093,37,44436,21135,20259167,2237,86,421,265,4358027,4357925,102,117,84,101,179,5984223,4134423,96,136,3163,336,1411,0,98,0,927,7396542,3123,0,481,7,1,4,267,16,4,271,7,2,1,9
3750.77,1625167031345,50.009008481,1,0,0,5,10,4,5,86,2,0,0,0,20,67,6303987,0,34,0,116,10480,2179004,23809,0,1,194445,140854,61873,62332,24209,13454,24198,13418,58,1132,1133,62,43727,21011,22065088,2264,78,422,267,4378494,4378396,102,118,77,88,170,6303798,4155262,94,126,3197,340,1431,11,90,2,942,7845651,3195,0,481,8,1,4,268,16,4,272,8,2,1,10
3800.78,1625167087889,50.012417276,1,0,0,5,10,4,5,64,2,0,0,0,40,42,6465476,0,30,0,116,14159,2328039,23998,0,1,189744,137224,55706,56500,20550,11180,20619,10898,58,1078,1078,33,37197,17586,22952724,2215,73,419,260,4379194,4379094,102,118,71,85,160,6465174,4166723,93,123,2969,326,1164,0,85,0,907,8166057,3060,0,474,8,1,4,250,13,4,254,8,2,1,10
3850.79,1625167145319,50.008918381,1,0,0,5,10,4,5,70,2,0,0,0,12,61,6359011,0,35,0,116,21818,2229445,24361,0,1,191610,138519,56098,56799,20659,11246,20732,10961,58,1087,1087,33,37354,17671,22360080,2233,76,426,259,4375316,4375217,102,118,75,87,164,6358786,4160988,93,127,3000,319,1163,0,87,0,917,7911307,3011,0,445,8,1,4,242,13,4,246,8,2,1,10
3900.8,1625167201826,50.011872164,1,0,0,5,10,4,5,91,2,0,0,0,4,63,6272401,0,26,0,116,8254,2151668,24785,0,1,193157,139986,59034,59208,23651,13479,21118,11024,58,1084,1084,33,41759,20635,21888382,2227,74,421,265,4370524,4370422,102,118,73,84,161,6272156,4151754,93,124,3051,327,1263,0,85,0,914,7738216,2970,0,437,7,1,4,249,14,4,253,7,2,1,9
3950.81,1625167259007,50.009078094,1,0,0,5,10,4,5,80,2,0,0,0,6,91,6221668,0,26,0,116,12817,2112430,24599,0,1,194158,140597,61118,61807,23989,13704,24035,13292,58,1084,1084,37,43689,20854,21628377,2218,76,421,264,4362306,4362212,102,118,76,89,168,6221497,4139945,94,127,3140,329,1406,0,89,0,913,7675214,2989,0,472,8,1,4,263,16,4,267,8,2,1,10
4000.82,1625167316111,50.011548145,1,0,0,5,10,4,5,90,2,0,0,0,5,96,6275494,0,33,0,116,11765,2171395,24591,0,1,193202,139935,62507,63227,24237,14117,24325,13827,58,1131,1132,64,44102,21053,21968957,2259,77,419,267,4358051,4357942,102,118,77,90,170,6275214,4135203,95,128,3191,337,1437,11,90,2,950,7729976,3107,0,475,8,1,4,268,16,4,272,8,2,1,10
4050.83,1625167373084,50.008622058,1,0,0,5,10,4,5,67,2,0,0,0,34,58,6529831,0,35,0,116,21678,2443212,25187,0,1,191694,138708,57042,57617,20708,12127,20724,11843,58,1092,1092,37,37924,17688,23527161,2235,74,422,259,4335635,4335528,102,118,73,87,164,6529463,4119896,94,125,2998,320,1165,0,86,0,922,8190923,3093,0,467,8,1,4,241,13,4,245,8,2,1,10
4100.84,1625167430151,50.008740884,1,0,0,5,10,4,5,85,2,0,0,0,22,56,6466883,0,36,0,118,17334,2386071,24830,0,1,188900,136608,56186,56860,20678,11624,20700,11464,59,1074,1074,33,37367,17672,23183106,2207,76,420,260,4322778,4322674,104,118,75,88,164,6466484,4110604,94,128,2977,323,1167,0,88,0,910,8215231,2990,0,460,8,1,4,244,13,4,248,8,2,1,10
4150.85,1625167487174,50.011053506,1,0,0,5,10,4,5,80,2,0,0,0,30,78,6307186,0,26,0,116,17253,2155155,24740,0,1,191659,138790,59714,60015,23831,13762,23814,13417,58,1071,1071,33,42942,20749,21988535,2201,74,417,265,4398029,4397937,102,118,74,84,164,6307070,4179670,93,125,3123,332,1406,0,86,0,901,7773857,3043,0,462,8,1,4,264,16,4,268,8,2,1,10
4200.86,1625167544148,50.008711810,1,0,0,5,10,4,5,83,2,0,0,0,44,76,6460575,0,36,0,116,7644,2335795,25493,0,1,194029,140444,59795,60410,23873,13606,23871,13481,58,1084,1084,33,42934,20737,22997779,2227,74,423,265,4376721,4376623,102,118,74,86,164,6460223,4156527,93,125,3158,332,1400,0,86,0,911,8020357,3170,0,491,8,1,4,262,16,4,266,8,2,1,10
4250.87,1625167601523,50.009127995,1,0,0,5,10,4,5,98,2,0,0,0,24,63,6434639,0,36,0,116,9329,2308098,25950,0,1,192996,139791,61918,62764,24035,13829,24093,13449,58,1084,1084,37,43681,20868,22831722,2219,78,419,265,4380527,4380423,102,118,76,89,168,6434486,4158065,94,127,3151,332,1405,0,89,0,911,8022125,3139,0,475,8,1,4,257,16,4,261,8,2,1,10
4300.89,1625167658414,50.015871961,1,0,0,5,10,4,5,64,2,0,0,0,60,55,6635749,0,32,0,116,11833,2539453,25820,0,1,189797,137413,57669,58659,20903,11247,20966,11024,58,1121,1122,64,38389,17877,24127305,2239,76,420,260,4343937,4343842,102,118,75,89,166,6635493,4129325,95,126,2996,320,1187,11,88,2,950,8381682,3191,0,484,8,1,4,242,13,4,246,8,2,1,10
4350.9,1625167715520,50.011337088,1,0,0,5,10,4,5,72,2,0,0,0,48,75,6437563,0,27,0,116,22540,2321291,24356,0,1,191280,138440,57019,57873,20712,11275,20782,10992,58,1089,1089,37,37929,17712,22884279,2228,75,422,259,4361772,4361679,102,118,73,88,164,6437416,4146560,94,125,2979,321,1165,0,87,0,919,8026220,3108,0,472,8,1,4,242,13,4,246,8,2,1,10
4400.91,1625167772206,50.013106165,1,0,0,5,10,4,5,90,2,0,0,0,3,80,6254090,0,30,0,116,14787,2144862,23915,0,1,193230,140215,59578,60040,22270,12134,21230,11055,58,1095,1095,37,39927,19094,21820445,2241,83,425,265,4359576,4359468,102,118,82,94,172,6253744,4140915,94,133,3020,330,1192,0,95,0,919,7782456,2970,0,458,8,1,4,238,14,4,242,8,2,1,10
4450.92,1625167829495,50.009181853,1,0,0,5,10,4,5,85,2,0,0,0,42,86,6395237,0,27,0,118,13914,2312550,24438,0,1,194185,140559,59859,60645,23860,13669,23904,13386,59,1085,1085,33,42963,20745,22758079,2229,76,423,266,4336967,4336867,104,120,74,86,164,6394979,4116420,93,125,3156,336,1405,0,87,0,910,7959897,3057,0,476,8,1,4,267,16,4,271,8,2,1,10
4500.93,1625167886643,50.008717822,1,0,0,5,10,4,5,95,2,0,0,0,76,63,6605148,0,51,0,118,9967,2512807,25789,0,1,193993,140477,60538,61104,24128,13929,24154,13669,59,1084,1084,33,43366,20918,23984441,2227,83,424,265,4344702,4344580,104,120,82,94,172,6604800,4124430,93,133,3151,346,1400,0,94,0,911,8351283,3247,0,507,8,1,4,268,16,4,272,8,2,1,10
4550.94,1625167943812,50.011737823,1,0,0,5,10,4,5,86,2,0,0,0,4,57,6251050,0,38,0,116,8334,2165996,23915,0,1,191425,138386,56806,57573,20891,11814,20949,11213,58,1128,1129,60,37768,17847,21839422,2261,77,422,261,4333685,4333584,102,118,76,88,166,6250715,4118279,94,128,3022,326,1186,11,88,2,948,7722774,2886,0,436,8,1,4,248,13,4,252,8,2,1,10
4600.95,1625168000548,50.009000833,1,0,0,5,10,4,5,77,2,0,0,0,34,67,6467796,0,103,0,116,17798,2380176,25126,0,1,190340,137746,57054,57835,20701,11595,20763,11339,58,1084,1084,37,37921,17676,23164771,2219,73,420,258,4334877,4334773,102,118,73,86,164,6467621,4120409,94,125,2989,378,1165,0,86,0,912,8065020,3073,0,462,8,1,4,235,13,4,239,8,2,1,10
4650.96,1625168057871,50.010446722,1,0,0,5,10,4,5,89,2,0,0,0,38,68,6533813,0,35,0,116,16255,2424146,25500,0,1,192806,139981,59406,59803,22331,12669,21087,11433,58,1087,1087,37,39947,19241,23482091,2225,80,425,265,4361336,4361236,102,118,78,91,168,6533656,4143608,94,129,3015,331,1201,0,92,0,921,8172048,3114,0,467,8,1,4,249,14,4,253,8,2,1,10
4700.97,1625168114181,50.009099008,1,0,0,5,10,4,5,83,2,0,0,0,22,90,6412491,0,32,0,116,14836,2316057,25715,0,1,193967,140524,62220,63078,24144,13865,24220,13827,58,1091,1091,37,43899,20974,22843325,2233,81,421,265,4350801,4350700,102,118,80,93,172,6412336,4127755,94,131,3159,336,1417,0,93,0,925,8060809,3131,0,500,8,1,4,254,16,4,258,8,2,1,10
4750.98,1625168170801,50.009077887,1,0,0,5,10,4,5,84,2,0,0,0,64,63,6358498,0,28,0,116,17824,2251682,25250,0,1,194277,140688,60381,61171,23983,13957,24027,13512,58,1086,1086,33,43148,20822,22455472,2231,79,424,266,4361858,4361757,102,117,78,92,168,6358340,4141113,93,129,3161,336,1417,0,91,0,914,7803329,3241,0,506,8,1,4,264,16,4,268,8,2,1,10
4800.99,1625168227743,50.010707016,1,0,0,5,10,4,5,80,2,0,0,0,10,77,6130028,0,32,0,116,20659,2076144,24337,0,1,194097,140458,60487,61310,24039,13765,24101,13386,58,1129,1130,60,43336,20928,21298985,2263,77,422,267,4307701,4307609,102,117,75,88,166,6129916,4086562,94,126,3190,336,1427,11,87,2,943,7558445,3112,0,487,8,1,4,276,16,4,280,8,2,1,10
4851,1625168284841,50.008567891,1,0,0,5,10,4,5,64,2,0,0,0,36,69,6508030,0,29,0,116,18206,2387830,24552,0,1,190439,137694,55568,56149,20516,11492,20531,11181,58,1079,1079,33,37160,17571,23250654,2217,72,420,259,4366426,4366319,102,116,71,83,160,6507597,4153932,93,123,2969,322,1159,0,84,0,909,8229143,2995,0,462,8,1,4,233,13,4,237,8,2,1,10
4901.01,1625168341870,50.009075726,1,0,0,5,10,4,5,79,2,0,0,0,8,60,6295164,0,36,0,116,15422,2212305,25084,0,1,191202,138335,57615,58598,22937,13392,27113,17324,58,1090,1090,37,38329,19822,22165361,2231,79,425,260,4331298,4331201,102,118,77,93,168,6295009,4115315,94,129,2996,319,1164,0,92,0,924,7813890,2984,0,454,8,1,4,243,13,4,247,8,2,1,10
4951.02,1625168398563,50.008622670,1,0,0,5,10,4,5,83,2,0,0,0,8,44,6339006,0,26,0,116,13506,2214802,24603,0,1,190903,138536,59217,59396,21868,12126,20926,11244,58,1079,1079,37,39311,18786,22261700,2209,75,416,264,4371320,4371211,102,118,74,86,164,6338617,4154492,94,125,2982,328,1188,0,87,0,917,7890382,3104,0,453,8,1,4,253,14,4,257,8,2,1,10
5001.03,1625168455593,50.011882185,1,0,0,5,10,4,5,120,2,0,0,0,52,67,6561768,0,29,0,116,14288,2436256,25893,0,1,193576,140248,61222,61984,24044,13357,24103,13134,58,1087,1087,37,43679,20882,23582936,2225,77,422,265,4379563,4379462,102,118,76,90,168,6561577,4158233,94,127,3150,334,1407,0,90,0,920,8260579,3156,0,517,8,1,4,261,16,4,265,8,2,1,10
5051.04,1625168512697,50.008845004,1,0,0,5,10,4,5,82,2,0,0,0,48,51,6268498,0,26,0,116,14191,2142316,24105,0,1,193809,140430,61243,61941,24024,13828,24031,13796,58,1087,1087,37,43608,20851,21850748,2225,76,421,265,4379872,4379770,102,118,76,90,168,6268090,4158357,94,127,3150,333,1410,0,89,0,911,7702093,3111,0,496,8,1,4,266,16,4,270,8,2,1,10
5101.05,1625168569689,50.009553802,1,0,0,5,10,4,5,93,2,0,0,0,4,54,6483951,0,32,0,116,10504,2382064,27122,0,1,192704,139332,58663,59737,23400,13825,23830,13418,58,1077,1077,32,42164,20354,23216887,2215,75,420,260,4354258,4354166,102,118,73,86,164,6483844,4135579,93,125,3125,324,1387,0,85,0,909,8085006,3061,0,463,8,1,4,266,16,4,270,8,2,1,10
5151.06,1625168626101,50.008914084,1,0,0,5,10,4,5,82,2,0,0,0,2,56,6334273,0,48,0,116,9527,2195466,23720,0,1,191276,138257,56131,56741,20655,11592,20687,11213,58,1086,1086,33,37359,17669,22175326,2231,76,426,259,4380416,4380312,102,118,75,87,164,6333852,4166297,93,127,3011,319,1163,0,87,0,908,7878674,3002,0,447,8,1,4,227,13,4,231,8,2,1,10
5201.07,1625168682778,50.009268723,1,0,0,5,10,4,5,67,2,0,0,0,54,52,6550848,0,64,0,116,19524,2421880,25739,0,1,191047,138174,55674,56656,20585,10961,20692,10709,58,1085,1085,33,37192,17596,23464941,2229,73,423,259,4374863,4374775,102,118,71,87,160,6550679,4162024,93,123,3017,319,1160,0,84,0,914,8109449,3243,0,475,8,1,4,243,13,4,247,8,2,1,10
5251.08,1625168739484,50.010691328,1,0,0,5,10,4,5,83,2,0,0,0,26,80,6432199,0,84,0,116,11743,2352416,25751,0,1,192264,139560,59130,59604,22403,12540,21009,10804,58,1083,1083,37,39920,19356,22996875,2217,76,421,265,4327744,4327654,102,118,74,87,164,6432014,4110447,94,125,3046,328,1193,0,87,0,919,7975757,3205,0,473,8,1,4,254,14,4,258,8,2,1,10
5301.09,1625168796430,50.009164664,1,0,0,5,10,4,5,83,2,0,0,0,6,77,6423028,0,47,0,116,17287,2292334,24842,0,1,192008,139062,61281,62082,24048,13798,24089,13198,58,1080,1080,37,43682,20888,22771590,2211,78,417,265,4380969,4380871,102,119,76,89,167,6422876,4160776,94,127,3155,333,1408,0,89,0,916,8055846,3011,0,469,8,1,4,265,16,4,269,8,2,1,10
5351.1,1625168853688,50.009122570,1,0,0,5,10,4,5,92,2,0,0,0,4,77,6364240,0,39,0,116,8800,2231242,25398,0,1,193140,139904,61949,62908,24227,13706,24331,13418,58,1130,1131,64,44028,21016,22406681,2257,78,419,267,4384614,4384512,102,118,77,90,170,6364000,4162517,95,128,3197,337,1443,11,90,2,952,8008062,3079,0,472,8,1,4,264,16,4,268,8,2,1,10
5401.11,1625168910274,50.010719527,1,0,0,5,10,4,5,82,2,0,0,0,65,70,6441743,0,33,0,116,21895,2322864,25150,0,1,191832,138501,56968,58412,20765,11561,23420,13670,58,1084,1084,33,38570,17749,22883782,2226,78,423,259,4368522,4368428,102,118,76,90,167,6441561,4152674,93,128,3116,324,1354,0,89,0,914,8054400,3202,0,491,8,1,4,258,16,4,262,8,2,1,10
5451.12,1625168966382,50.010518697,1,0,0,5,10,4,5,82,2,0,0,0,32,52,6448215,0,31,0,118,5945,2341223,24876,0,1,190940,138124,56984,57839,20977,11095,21044,10866,59,1085,1085,33,37833,17865,22902641,2229,85,426,259,4353696,4353594,104,120,83,96,172,6447995,4139349,93,135,2988,319,1171,0,96,0,917,8129060,3094,0,478,8,1,4,235,13,4,239,8,2,1,10
5501.13,1625169023066,50.009195349,1,0,0,5,10,4,5,64,2,0,0,0,74,62,6494950,0,26,0,116,13199,2364440,24981,0,1,190311,137703,55564,56460,20539,11429,20619,11150,58,1079,1079,33,37161,17563,23161948,2216,73,422,259,4373249,4373155,102,118,71,84,160,6494763,4160817,93,123,2969,319,1165,0,83,0,909,8198948,3125,0,469,8,1,4,232,13,4,236,8,2,1,10
5551.14,1625169079484,50.008282643,1,0,0,5,10,4,5,80,2,0,0,0,62,75,6417178,0,27,0,116,12671,2319074,24481,0,1,191809,138849,56987,57447,20663,11150,20686,10835,58,1093,1093,37,37803,17695,22783434,2237,74,424,259,4345750,4345659,102,118,73,87,164,6416714,4130451,94,125,2990,320,1164,0,87,0,918,8044152,3173,0,485,8,1,4,246,13,4,250,8,2,1,10
5601.15,1625169136749,50.008777766,1,0,0,5,10,4,5,80,2,0,0,0,2,93,6408789,0,32,0,116,19166,2297974,26057,0,1,193440,140080,61986,62622,24294,14588,24270,14301,58,1128,1129,64,44100,21063,22758722,2253,78,419,267,4364203,4364098,102,118,77,90,169,6408408,4141997,95,128,3187,337,1440,11,90,2,948,8049863,3007,0,466,8,1,4,268,16,4,272,8,2,1,10
5651.16,1625169193504,50.009137245,1,0,0,5,10,4,5,88,2,0,0,0,60,64,6447029,0,38,0,116,7705,2343520,26229,0,1,193641,140351,62276,63209,24151,13771,24265,13512,58,1087,1087,37,43879,20953,22986912,2224,81,422,265,4359434,4359336,102,117,80,94,172,6446838,4136771,94,131,3160,334,1413,0,94,0,917,8037983,3311,0,509,8,1,4,269,16,4,273,8,2,1,10
5701.17,1625169250216,50.009130838,1,0,0,5,10,4,5,105,2,0,0,0,4,64,6316967,0,28,0,116,5593,2224726,24754,0,1,193980,140365,60746,61593,24135,13646,24181,13733,58,1084,1084,33,43376,20939,22232731,2227,85,425,265,4346023,4345922,102,118,82,94,172,6316944,4124921,93,133,3157,332,1404,0,94,0,914,7855730,3049,0,476,8,1,4,285,16,4,289,8,2,1,10
5751.18,1625169306970,50.009115982,1,0,0,5,10,4,5,64,2,0,0,0,36,62,6209478,0,26,0,116,21139,2082434,24281,0,1,191335,138336,55596,56441,20518,11398,20565,11024,58,1085,1085,33,37143,17580,21459177,2229,73,423,259,4375631,4375540,102,118,71,84,160,6209311,4161963,93,123,2982,319,1162,0,84,0,909,7618858,3026,0,478,8,1,4,232,13,4,236,8,2,1,10
5801.19,1625169363983,50.010522498,1,0,0,5,10,4,5,69,2,0,0,0,16,85,6689416,0,26,0,116,14473,2586615,23987,0,1,190142,137467,55539,56257,20559,11712,20604,11244,58,1078,1078,32,37129,17563,24401002,2217,72,420,259,4348589,4348492,102,118,71,84,160,6689287,4135897,93,123,2969,319,1161,0,83,0,902,8581978,2916,0,426,8,1,4,228,13,4,232,8,2,1,10
5851.2,1625169420890,50.010795995,1,0,0,5,10,4,5,80,2,0,0,0,50,42,6401525,0,26,0,116,5666,2260767,23160,0,1,193609,140568,59467,59831,23296,13732,21150,11527,58,1089,1089,37,40845,20237,22564455,2229,76,424,265,4391156,4391059,102,118,74,86,164,6401410,4172081,94,125,2999,328,1185,0,87,0,919,7964000,3195,0,468,8,1,4,248,14,4,252,8,2,1,10
5901.21,1625169477991,50.010259950,1,0,0,5,10,4,5,82,2,0,0,0,28,67,6404517,0,27,0,118,5700,2302521,25255,0,1,193394,140080,61863,62518,24085,13986,24104,13607,59,1084,1084,37,43674,20906,22764887,2218,77,420,265,4352593,4352491,104,120,76,89,168,6404185,4130247,94,127,3145,333,1406,0,89,0,921,7958115,3140,0,460,8,1,4,270,16,4,274,8,2,1,10
5951.22,1625169534909,50.009339098,1,0,0,5,10,4,5,96,2,0,0,0,12,72,6132331,0,32,0,116,16993,2041421,24492,0,1,194708,141018,62222,63086,24345,13932,24410,13607,58,1093,1093,37,44125,21082,21202909,2237,85,426,265,4343866,4343760,102,118,84,98,175,6132122,4120351,94,135,3173,333,1412,0,98,0,923,7410242,3111,0,463,8,1,4,268,16,4,272,8,2,1,10
6001.23,1625169591647,50.011405421,1,0,0,5,10,4,5,88,2,0,0,0,56,65,6442452,0,29,0,116,19369,2320430,24868,0,1,191879,138753,57786,58669,20969,11341,23460,13197,58,1084,1084,33,38096,17911,22883321,2227,79,423,258,4369746,4369648,102,118,77,89,168,6442382,4154308,93,127,3000,321,1192,0,91,0,906,8012544,3163,0,476,8,1,4,267,16,4,271,8,2,1,10
6051.24,1625169648930,50.008995666,1,0,0,5,10,4,5,78,2,0,0,0,36,49,6348125,0,25,0,116,12996,2215001,25694,0,1,191192,138273,55712,56540,20548,10991,20609,10709,58,1084,1084,33,37169,17577,22270251,2227,72,422,259,4377131,4377037,102,118,71,84,160,6347964,4163058,93,123,2978,319,1164,0,83,0,915,7893355,3021,0,437,8,1,4,245,13,4,249,8,2,1,10
6101.25,1625169705681,50.009098557,1,0,0,5,10,4,5,69,2,0,0,0,16,63,6435758,0,26,0,116,14487,2322676,23420,0,1,190045,137359,53670,54526,20157,11109,20223,11308,58,1079,1079,33,36256,17332,22829494,2217,68,420,259,4357159,4357064,102,118,67,82,151,6435340,4145758,89,118,2965,318,1165,0,78,0,911,8072177,2948,0,444,8,1,4,242,13,4,246,8,2,1,10
6151.26,1625169762573,50.008573738,1,0,0,5,10,4,5,80,2,0,0,0,38,56,6415625,0,32,0,116,11981,2343059,26177,0,1,193480,140195,62031,62547,24261,14149,24249,13670,58,1127,1128,64,44058,21023,22928188,2251,77,421,267,4328638,4328526,102,118,77,90,170,6415219,4106755,95,128,3178,336,1430,11,91,2,952,8006587,3182,0,504,8,1,4,262,16,4,266,8,2,1,10
6201.27,1625169819106,50.008992218,1,0,0,5,10,4,5,104,2,0,0,0,66,58,6354702,0,43,0,116,12755,2275666,26718,0,1,194384,140878,61450,62380,24070,14084,24188,13575,58,1092,1092,37,43665,20869,22544269,2235,77,424,265,4334773,4334673,102,118,76,93,168,6354482,4112554,94,127,3177,333,1409,0,90,0,921,7850956,3211,0,506,8,1,4,274,16,4,278,8,2,1,10
6251.28,1625169875615,50.008730413,1,0,0,5,10,4,5,85,2,0,0,0,22,63,6365546,0,31,0,116,21012,2275492,24745,0,1,193406,140129,61856,62496,24200,13268,24212,13008,58,1087,1087,37,43843,20950,22604428,2225,81,420,265,4341060,4340951,102,118,80,93,172,6365174,4119251,94,131,3153,333,1411,0,94,0,921,7947720,3041,0,503,8,1,4,262,16,4,266,8,2,1,10
6301.29,1625169932530,50.009141395,1,0,0,5,10,4,5,67,2,0,0,0,36,64,6458281,0,27,0,118,8587,2364050,24703,0,1,190568,137796,55772,56659,20584,11966,20662,11654,59,1079,1079,33,37145,17588,23073389,2217,72,421,259,4338402,4338305,104,120,71,84,160,6458043,4124856,93,123,2975,320,1170,0,84,0,914,8168092,3071,0,461,8,1,4,242,13,4,246,8,2,1,10
6351.3,1625169988876,50.009904409,1,0,0,5,10,4,5,77,2,0,0,0,28,70,6392642,0,46,0,116,7674,2308042,25841,0,1,191167,138267,56860,57394,20842,11218,20852,10709,58,1084,1084,33,37556,17733,22705461,2227,80,422,259,4332360,4332265,102,118,79,91,168,6392422,4117892,93,131,2995,319,1163,0,91,0,916,7954378,3111,0,484,8,1,4,236,13,4,240,8,2,1,10
6401.31,1625170046412,50.013162323,1,0,0,5,10,4,5,80,2,0,0,0,1,67,6203350,0,35,0,116,21314,2118985,24812,0,1,192066,139280,57918,58352,21817,11812,21021,11024,58,1125,1126,60,38849,18764,21605404,2255,75,420,266,4331185,4331093,102,118,73,84,162,6202958,4115170,94,124,3030,331,1206,11,85,2,939,7762555,2951,0,448,8,1,4,242,14,4,246,8,2,1,10
6451.32,1625170103314,50.008882760,1,0,0,5,10,4,5,82,2,0,0,0,26,69,6313761,0,27,1,116,6161,2215825,24894,0,1,193187,139839,60004,60534,25941,16378,23878,14048,58,1082,1082,33,42976,22788,22212277,2223,75,420,265,4349918,4349814,102,118,74,87,164,6313354,4130515,93,125,3147,332,1399,0,87,0,904,7877408,3111,0,491,8,1,4,267,16,4,271,8,2,1,10
6501.33,1625170160446,50.009100333,1,0,0,5,10,4,5,94,2,0,0,0,14,53,6434664,0,27,1,116,10286,2331366,25289,0,1,194384,140803,61934,62775,24156,14055,24201,13544,58,1093,1093,37,43901,20950,22922742,2237,82,426,265,4358894,4358783,102,117,80,96,172,6434413,4135909,94,131,3168,333,1408,0,94,0,924,8011738,3097,0,483,8,1,4,261,16,4,265,8,2,1,10
6551.34,1625170217849,50.010456852,1,0,0,17,37,13067,31,14197,27,0,0,0,10,244,5989830,0,88,12576,220,10178,1958359,32490,13518,2,197373,142525,142722,131627,49276,28613,35633,13825,110,2195,2195,37,72842,41652,20941773,4441,210,529,313,4333193,4332937,110,125,209,248,329,5989650,4069501,196,287,5421,372,2690,12,254,1,6104,7291824,3234,0,525,108,3,4,13922,23,12593,26515,9,2,1,11
6601.41,1625170274621,50.074436506,1,0,0,12,37,7,100,941,90,0,0,0,12,104,6219419,0,28,5,528,24609,2181026,24965,22,1,188497,135824,63582,66089,22018,11421,24046,13103,264,1068,1068,37,40142,18587,22040295,2187,94,416,283,4284046,4283932,46,53,93,114,195,6219223,4070686,102,152,2978,333,1206,0,107,0,908,7708804,3216,0,525,9,2,16,278,12,2,280,9,13,12,21
6651.42,1625170331481,50.010802120,1,0,0,5,11,4,6,123,2,0,0,0,38,53,6320485,0,33,0,120,9775,2237551,25100,0,1,191082,138156,56388,57176,20707,11370,20753,10961,60,1128,1129,60,37547,17719,22279888,2261,73,423,260,4327524,4327423,104,120,72,84,162,6320366,4113244,94,124,3017,320,1184,11,84,2,953,7808056,3056,0,459,8,1,4,242,13,4,246,8,2,1,10
6701.43,1625170387823,50.010075829,1,0,0,5,10,4,5,103,2,0,0,0,14,44,6296853,0,35,0,116,19733,2213899,23994,0,1,192938,139897,57629,57870,22151,12597,20764,11370,58,1081,1081,33,39123,19157,22154493,2219,73,422,265,4331862,4331768,102,118,72,84,160,6296462,4115618,93,123,3002,327,1180,0,84,0,906,7779501,3045,0,458,7,1,4,245,14,4,249,7,2,1,9
6751.44,1625170444197,50.010179137,1,0,0,5,10,4,5,103,2,0,0,0,18,74,6257430,0,28,1,116,19326,2192665,24022,0,1,194404,140697,60427,61099,23978,14367,24009,13859,58,1083,1083,33,43157,20824,22018223,2224,79,426,265,4318710,4318604,102,118,78,91,168,6257030,4097843,93,129,3157,332,1407,0,91,0,912,7728606,3089,0,472,8,1,4,269,16,4,273,8,2,1,10
6801.45,1625170500254,50.008529882,1,0,0,5,10,4,5,93,2,0,0,0,34,64,6364008,0,26,1,116,11063,2257242,25200,0,1,194435,140859,61404,61993,24026,13074,24030,13260,58,1092,1092,37,43677,20863,22507887,2234,76,422,265,4361147,4361032,102,118,76,90,168,6363628,4138568,94,127,3161,333,1408,0,89,0,922,7847814,3142,0,482,8,1,4,265,16,4,269,8,2,1,10
6851.46,1625170556686,50.008861882,1,0,0,5,10,4,5,99,2,0,0,0,28,84,6290970,0,29,1,116,19384,2231263,25247,0,1,192901,139729,62554,63470,24147,13991,24227,13607,58,1086,1086,37,43932,20970,22225466,2223,82,419,265,4316271,4316165,102,117,80,99,172,6290748,4093530,94,131,3151,333,1408,0,94,0,919,7696227,3148,0,503,8,1,4,258,16,4,262,8,2,1,10
6901.48,1625170613558,50.020130076,1,0,0,5,10,4,5,89,2,0,0,0,38,72,6442163,0,28,1,116,12924,2352717,24793,0,1,191696,138454,61431,62418,23330,13556,24310,13701,58,1079,1079,35,42958,20106,23008087,2213,85,419,259,4340612,4340506,102,118,83,97,179,6442114,4120387,96,136,3138,323,1397,0,97,0,911,8078083,3175,0,501,8,1,4,269,16,4,273,8,2,1,10
6951.49,1625170670870,50.009141848,1,0,0,5,10,4,5,90,2,0,0,0,32,83,6455281,0,32,1,116,21842,2362928,25850,0,1,190456,137729,56315,57127,20725,11653,20771,11465,58,1123,1124,60,37544,17763,23066706,2251,74,420,261,4338977,4338884,102,119,72,84,162,6455075,4125430,94,124,3007,323,1185,11,84,2,948,8063337,3075,0,459,8,1,4,247,13,4,251,8,2,1,10
7001.5,1625170727439,50.011328324,1,0,0,5,10,4,5,80,2,0,0,0,12,72,6237696,0,26,1,118,9539,2119818,24506,0,1,191214,138213,56091,56839,20682,11591,20718,11339,59,1085,1085,33,37369,17669,21648113,2228,75,425,259,4363905,4363808,104,119,75,90,164,6237363,4149549,93,127,2990,319,1171,0,88,0,909,7656480,2935,0,458,8,1,4,242,13,4,246,8,2,1,10
7051.51,1625170784316,50.010192706,1,0,0,5,10,4,5,103,2,0,0,0,24,50,6443773,0,36,1,116,5775,2337629,24652,0,1,192503,139603,57943,58105,22914,13196,20906,11024,58,1083,1083,33,39940,19886,22916083,2225,73,421,265,4355367,4355276,102,118,72,83,160,6443392,4138837,93,123,3006,327,1182,0,84,0,921,8069532,3032,0,446,8,1,4,254,14,4,258,8,2,1,10
7101.52,1625170841256,50.010094739,1,0,0,5,10,4,5,91,2,0,0,0,8,73,6287009,0,30,2,116,21455,2173230,25400,0,1,194287,140700,61450,62010,24009,14178,24014,13576,58,1091,1091,37,43779,20859,22021255,2233,77,421,266,4368405,4368304,102,118,76,90,168,6286673,4145706,94,127,3163,336,1415,0,90,0,912,7730521,3098,0,469,8,1,4,269,16,4,273,8,2,1,10
7151.53,1625170898461,50.008660311,1,0,0,5,10,4,5,98,2,0,0,0,4,82,6342565,0,26,2,116,16439,2243170,25383,0,1,193112,139852,61323,61921,24010,13767,24011,13198,58,1087,1087,37,43714,20842,22391610,2224,76,418,265,4353939,4353835,102,118,76,89,168,6342233,4132390,94,127,3150,333,1409,0,90,0,907,7906270,3005,0,457,8,1,4,278,16,4,282,8,2,1,10
7201.54,1625170955489,50.010846163,1,0,0,5,10,4,5,84,2,0,0,0,20,65,6216937,0,34,2,116,23763,2109878,24958,0,1,193125,139477,60347,61581,22317,11882,24212,13292,58,1136,1137,64,41928,19127,21623237,2269,82,423,261,4361847,4361738,102,118,80,94,174,6216830,4140673,95,132,3180,329,1415,11,93,2,950,7617202,3094,0,452,8,1,4,264,16,4,268,8,2,1,10
7251.55,1625171012114,50.010047396,1,0,0,5,10,4,5,79,2,0,0,0,28,55,6388168,0,36,1,116,9033,2282128,23373,0,1,190374,137652,55544,56115,20528,10988,20534,10678,58,1079,1079,33,37153,17560,22584219,2217,72,420,258,4351445,4351340,102,117,71,84,160,6387815,4138840,93,123,2978,316,1161,0,83,0,909,7873394,2997,0,436,4,1,4,249,13,4,253,2,2,1,4
7301.56,1625171068551,50.009280038,1,0,0,5,10,4,5,96,2,0,0,0,18,83,6214260,0,41,1,116,14857,2119062,23786,0,1,190608,137828,56706,57621,20820,11064,20958,10866,58,1080,1080,33,37592,17774,21632634,2219,81,424,259,4337129,4337027,102,118,79,95,168,6214002,4123069,93,131,3007,319,1186,0,93,0,915,7785944,2959,0,428,6,1,4,237,13,4,241,2,2,1,6
7351.57,1625171125350,50.009383315,1,0,0,5,10,4,5,94,2,0,0,0,6,77,6402238,0,26,1,116,10580,2336872,24495,0,1,191635,138981,58445,58746,23231,13162,21038,11181,58,1075,1075,33,40735,20170,22856527,2209,75,418,265,4312703,4312607,102,119,73,83,161,6402020,4096537,93,124,2982,327,1192,0,85,0,907,8108958,2963,0,399,6,1,4,247,13,4,251,2,2,1,5
7401.58,1625171181835,50.009088731,1,0,0,5,10,4,5,86,2,0,0,0,8,65,6091687,0,36,0,116,11908,2032325,24446,0,1,194377,140750,61379,62179,23986,14114,24052,13638,58,1092,1092,37,43687,20842,21035685,2235,78,422,266,4315055,4314936,102,118,76,91,168,6091462,4092456,94,127,3171,336,1411,0,90,0,924,7421335,3054,0,457,8,1,4,257,16,4,261,8,2,1,10
7451.59,1625171238875,50.009212566,1,0,0,5,10,4,5,104,2,0,0,0,10,85,6147025,0,41,0,116,15362,2068108,25192,0,1,194460,140814,62008,62893,24253,14116,24313,14048,58,1138,1139,64,44096,21047,21331707,2273,79,422,267,4334416,4334318,102,118,77,90,170,6146770,4110721,95,128,3209,337,1431,11,90,2,957,7623890,3003,0,439,8,1,4,265,16,4,269,8,2,1,10
7501.6,1625171295644,50.009207644,1,0,0,5,10,4,5,92,2,0,0,0,2,86,5986413,0,26,1,116,15531,1857244,23358,0,1,194683,140971,61266,62046,24061,14743,24085,14520,58,1093,1093,37,43715,20865,20177087,2237,78,421,265,4380845,4380747,102,118,76,89,168,5986194,4157768,94,127,3161,333,1413,0,89,0,917,7296130,2931,0,458,8,1,4,262,16,4,266,8,2,1,10
7551.61,1625171352449,50.010765191,1,0,0,5,10,4,5,100,2,0,0,0,20,69,6345619,0,28,1,116,17818,2234182,26708,0,1,190448,137693,57264,58103,20774,11154,20859,11244,58,1075,1075,33,37597,17761,22354699,2209,80,423,258,4357675,4357576,102,118,79,93,168,6345476,4142243,93,131,2966,316,1158,0,92,0,909,7867498,3107,0,447,8,1,4,232,13,4,236,8,2,1,10
7601.62,1625171409868,50.009109595,1,0,0,5,10,4,5,65,2,0,0,0,28,68,6278081,0,26,1,116,8687,2147194,24550,0,1,190136,137478,55572,56563,20474,11588,20617,11339,58,1078,1078,33,37176,17587,21828578,2214,72,420,259,4374829,4374739,102,118,71,85,160,6277949,4161721,93,123,2967,319,1155,0,83,0,907,7791798,2944,0,446,8,1,4,235,13,4,239,8,2,1,10
7651.63,1625171466585,50.009055383,1,0,0,5,10,4,5,89,2,0,0,0,0,66,6225907,0,27,1,116,21150,2149978,24537,0,1,193015,139650,59811,60682,23825,13701,23893,13544,58,1079,1079,33,42934,20748,21828628,2217,75,419,265,4324633,4324535,102,118,74,87,164,6225734,4104709,93,125,3153,332,1415,0,87,0,912,7818195,2881,0,442,8,1,4,265,16,4,269,8,2,1,10
7701.64,1625171523016,50.009153837,1,0,0,5,10,4,5,92,2,0,0,0,30,71,6005328,0,26,1,116,14899,1909154,23374,0,1,194855,141127,61336,62144,24000,13768,24048,13292,58,1093,1093,37,43691,20853,20418339,2237,77,423,266,4349507,4349406,102,118,76,89,168,6005070,4126549,94,127,3164,336,1411,0,89,0,921,7303956,3071,0,463,8,1,4,267,16,4,271,8,2,1,10
7751.66,1625171579617,50.015397641,1,0,0,5,10,4,5,91,2,0,0,0,18,76,6210503,0,32,0,116,14795,2082221,24858,0,1,194049,140556,61959,62894,24254,13579,24310,13166,58,1130,1131,64,44109,21055,21503797,2257,79,421,267,4382396,4382301,102,118,78,90,170,6210250,4159455,95,128,3185,337,1432,11,90,2,946,7590681,3066,0,470,8,1,4,271,16,4,275,8,2,1,10
7801.67,1625171636450,50.009420972,1,0,0,5,10,4,5,81,2,0,0,0,0,93,6261797,0,36,0,118,15102,2187171,26038,0,1,191550,138269,59166,60498,21298,11691,23755,13701,59,1086,1086,37,39905,18203,22003770,2222,79,423,259,4325079,4324978,104,120,78,92,171,6261724,4106134,94,130,3147,325,1394,0,91,0,925,7782089,3021,0,471,8,1,4,269,16,4,273,8,2,1,10
7851.68,1625171693714,50.008756108,1,0,0,5,10,4,5,86,2,0,0,0,2,67,6350570,0,26,0,116,7356,2208393,25478,0,1,190848,137941,55504,55898,20499,11178,20520,10960,58,1083,1083,33,37129,17577,22227153,2225,71,421,258,4385422,4385321,102,118,71,85,160,6350099,4172195,93,123,2975,316,1162,0,84,0,912,8039215,2945,0,447,7,1,4,243,13,4,247,7,2,1,9
7901.69,1625171750079,50.008492633,1,0,0,5,10,4,5,66,2,0,0,0,2,57,6279004,0,32,0,116,19721,2186124,24288,0,1,191329,138283,55584,56019,20531,11273,20542,11055,58,1085,1085,33,37135,17546,22022670,2229,72,422,259,4339928,4339834,102,118,71,83,160,6278571,4126224,93,123,2987,319,1161,0,83,0,914,7764475,2932,0,428,8,1,4,238,13,4,242,8,2,1,10
7951.7,1625171807359,50.009162456,1,0,0,5,10,4,5,99,2,0,0,0,2,64,6258521,0,26,0,116,10530,2158182,24813,0,1,192713,139441,59799,60632,23846,13984,23909,13890,58,1081,1081,33,42938,20751,21881747,2221,76,419,265,4351282,4351186,102,118,74,87,164,6258300,4131731,93,125,3143,332,1401,0,87,0,911,7795883,2914,0,452,8,1,4,268,16,4,272,8,2,1,10
8001.71,1625171864014,50.009614325,1,0,0,5,10,4,5,85,2,0,0,0,8,58,6247457,0,33,0,116,15573,2152358,24561,0,1,194433,140817,62070,62375,24212,14052,24231,13701,58,1135,1136,64,44070,21006,21873636,2267,78,422,268,4349949,4349838,102,118,77,90,170,6247058,4126318,95,128,3198,340,1432,11,90,2,952,7807854,3000,0,443,8,1,4,273,16,4,277,8,2,1,10
8051.72,1625171921098,50.009072746,1,0,0,5,10,4,5,84,2,0,0,0,16,65,6300409,0,26,0,116,16232,2214142,24192,0,1,194294,140699,61287,62111,24057,13734,24118,13386,58,1092,1092,37,43763,20900,22191307,2235,77,422,265,4340364,4340268,102,118,76,89,168,6300192,4118150,94,127,3159,333,1407,0,89,0,922,7868562,3016,0,470,8,1,4,272,16,4,276,8,2,1,10
8101.73,1625171977880,50.010641452,1,0,0,5,10,4,5,74,2,0,0,0,16,55,6246184,0,39,0,116,11487,2141072,25678,0,1,192776,139163,58983,60244,21578,11815,23706,13418,58,1095,1095,37,40942,18498,21778399,2241,76,423,259,4357383,4357288,102,118,75,90,168,6246170,4138315,94,127,3158,325,1383,0,89,0,920,7716804,3036,0,476,8,1,4,260,16,4,264,8,2,1,10
8151.74,1625172035127,50.013570878,1,0,0,5,10,4,5,73,2,0,0,0,30,68,6191513,0,26,0,116,5538,2095343,24548,0,1,191371,138457,56879,57668,20703,11558,20755,11213,58,1086,1086,37,37868,17711,21462075,2223,75,422,258,4342271,4342171,102,118,73,87,164,6191238,4126784,94,125,2972,316,1159,0,86,0,914,7730755,2985,0,460,8,1,4,241,13,4,245,8,2,1,10
8201.75,1625172091966,50.009568028,1,0,0,5,10,4,5,74,2,0,0,0,8,67,6306494,0,29,0,118,11604,2162915,24460,0,1,190243,137530,55956,56909,20694,11622,20770,11087,59,1078,1078,33,37395,17676,21973650,2215,77,419,258,4387700,4387602,104,120,75,91,164,6306345,4174872,93,127,2966,316,1158,0,88,0,910,7857082,2965,0,454,8,1,4,230,13,4,234,8,2,1,10
8251.76,1625172149242,50.008684591,1,0,0,5,10,4,5,105,2,0,0,0,14,76,6268644,0,36,0,116,13912,2160684,25483,0,1,193023,139729,62239,62873,24375,14245,24353,13702,58,1123,1124,60,43733,21088,21927474,2249,84,419,267,4362472,4362366,102,118,83,95,174,6268483,4140353,94,134,3182,336,1425,11,95,2,944,7700296,3179,0,491,8,1,4,263,16,4,267,8,2,1,10
8301.77,1625172206554,50.011054939,1,0,0,5,10,4,5,86,2,0,0,0,30,65,6410336,0,35,1,116,24901,2314204,25323,0,1,194091,140475,59941,60755,25890,15338,23906,12977,58,1090,1090,33,43045,22774,22834578,2239,76,423,266,4348519,4348422,102,118,74,86,164,6410124,4128214,93,125,3172,336,1404,0,86,0,914,8008188,3078,0,477,8,1,4,260,16,4,264,8,2,1,10
8351.78,1625172263753,50.011924645,1,0,0,5,10,4,5,80,2,0,0,0,20,88,6358133,0,36,1,116,14376,2250920,25196,0,1,190973,138126,58230,59679,20963,11721,23647,13450,58,1088,1088,37,38898,17851,22444726,2227,80,423,260,4355506,4355408,102,119,78,93,171,6358058,4139186,94,130,3013,326,1191,0,91,0,920,7943666,3045,0,471,8,1,4,257,16,4,261,8,2,1,10
8401.79,1625172320844,50.009137005,1,0,0,5,10,4,5,79,2,0,0,0,4,54,6306247,0,30,0,116,5949,2157162,24602,0,1,191608,138605,57525,58332,20831,11185,20900,10898,58,1092,1092,37,38161,17784,21939227,2235,79,421,259,4398119,4398015,102,118,77,90,168,6306075,4181819,94,129,2990,320,1164,0,90,0,923,7708955,2956,0,440,8,1,4,254,13,4,258,8,2,1,10
8451.8,1625172377691,50.009206469,1,0,0,5,10,4,5,74,2,0,0,0,48,59,6428665,0,36,0,116,14860,2344911,24617,0,1,189623,137260,57056,57883,20711,11340,20763,10930,58,1078,1078,37,37933,17698,22912386,2207,75,419,259,4327955,4327862,102,118,73,88,164,6428470,4114114,94,125,2971,320,1163,0,87,0,917,8050407,2982,0,465,8,1,4,242,13,4,246,8,2,1,10
8501.81,1625172434257,50.009227362,1,0,0,5,10,4,5,85,2,0,0,0,22,69,6335738,0,39,0,116,9032,2234387,25082,0,1,192553,139353,59892,60632,23857,14332,23890,13796,58,1076,1076,33,42972,20733,22340562,2211,75,420,264,4352682,4352595,102,118,74,87,164,6335755,4133478,93,125,3144,329,1398,0,87,0,917,7830649,3104,0,462,8,1,4,276,16,4,280,8,2,1,10
8551.82,1625172491000,50.009455884,1,0,0,5,10,4,5,91,2,0,0,0,44,89,6060287,0,32,0,116,12217,1935584,23308,0,1,193593,140165,60527,61308,24092,14395,24158,14110,58,1124,1125,60,43375,20934,20603415,2253,76,423,267,4373919,4373817,102,118,75,87,166,6060032,4153458,94,126,3178,337,1429,11,87,2,949,7446898,3056,0,457,8,1,4,262,16,4,266,8,2,1,10
8601.83,1625172548377,50.013357218,1,0,0,5,10,4,5,89,2,0,0,0,2,72,6262557,0,27,0,116,9888,2161505,24292,0,1,193651,140129,60268,61105,23988,14679,24052,14173,58,1087,1087,33,43163,20810,21923027,2232,79,425,265,4351366,4351255,102,118,78,92,168,6262197,4130635,93,129,3162,332,1409,0,90,0,915,7814473,2952,0,450,8,1,4,264,16,4,268,8,2,1,10
8651.84,1625172605622,50.010275646,1,0,0,5,10,4,5,80,2,0,0,0,40,53,6441453,0,27,0,116,11632,2338650,25458,0,1,191101,138203,55709,56348,20521,11524,20541,11150,58,1087,1087,33,37187,17572,22938792,2233,72,422,260,4348015,4347913,102,118,71,84,160,6441144,4134592,93,123,2990,323,1166,0,84,0,914,8075878,3067,0,442,8,1,4,245,13,4,249,8,2,1,10
8701.85,1625172662724,50.008780281,1,0,0,5,10,4,5,80,2,0,0,0,10,60,6334881,0,28,0,116,11125,2219560,25225,0,1,191240,138373,57910,58592,20854,11593,20857,11307,58,1092,1092,37,38140,17787,22232274,2234,78,420,260,4366059,4365956,102,118,77,91,167,6334491,4149541,94,129,2990,323,1168,0,90,0,921,7828463,3011,0,443,7,1,4,246,13,4,250,7,2,1,9
8751.86,1625172719660,50.008776955,1,0,0,5,10,4,5,98,2,0,0,0,12,76,6109061,0,26,0,116,13711,2013534,26399,0,1,194161,140607,61304,61937,24053,14963,24062,14582,58,1092,1092,37,43722,20872,21044617,2235,77,421,265,4348801,4348706,102,118,76,90,168,6108907,4126430,94,127,3160,333,1408,0,90,0,918,7496375,2989,0,432,7,1,4,270,16,4,274,7,2,1,9
8801.87,1625172776394,50.008733704,1,0,0,5,10,4,5,86,2,0,0,0,0,50,6311823,0,32,0,116,8495,2173421,23898,0,1,193250,139943,61862,62460,24197,14051,24215,13890,58,1128,1129,64,44086,21033,22069348,2253,78,419,266,4389830,4389725,102,118,77,90,170,6311449,4167605,95,128,3180,333,1427,11,90,2,944,7841706,3068,0,448,8,1,4,269,16,4,273,8,2,1,10
8851.88,1625172833288,50.011744149,1,0,0,5,10,4,5,103,2,0,0,0,23,84,6256304,0,36,0,116,6567,2178386,24800,0,1,193108,139769,60223,60867,23979,14051,24041,13638,58,1077,1077,33,43170,20828,21929889,2213,79,425,264,4330441,4330330,102,118,78,90,168,6255977,4110918,93,129,3150,329,1407,0,90,0,915,7746047,3028,0,481,8,1,4,273,16,4,277,8,2,1,10
8901.89,1625172890565,50.008711412,1,0,0,5,10,4,5,66,2,0,0,0,32,76,6319189,0,26,1,116,15450,2223920,24891,0,1,189176,136806,55557,56175,20506,10768,20518,10709,58,1072,1072,33,37154,17556,22217667,2203,72,418,259,4340220,4340121,102,118,71,84,160,6318764,4128593,93,123,2954,319,1160,0,84,0,908,7857413,2965,0,446,8,1,4,238,13,4,242,8,2,1,10
8951.9,1625172947054,50.010668697,1,0,0,5,10,4,5,69,2,0,0,0,24,47,6362813,0,27,0,116,18641,2275811,24487,0,1,190224,137562,56521,57357,20515,11555,20574,11370,58,1082,1082,33,37188,17573,22523872,2223,73,420,260,4334043,4333951,102,118,71,83,160,6362634,4119622,93,123,2978,323,1171,0,83,0,915,7835602,3086,0,449,8,1,4,251,13,4,255,8,2,1,10
9001.91,1625173004019,50.008639695,1,0,0,5,10,4,5,83,2,0,0,0,2,64,6291143,0,28,0,118,22018,2191274,23947,0,1,190531,137857,57558,58112,20867,11122,20851,10677,59,1089,1089,37,38107,17764,22087592,2229,77,418,260,4344502,4344390,104,119,77,91,168,6290774,4129249,94,129,2984,323,1170,0,91,0,915,7891192,2932,0,455,8,1,4,235,13,4,239,8,2,1,10
9051.92,1625173060307,50.009905353,1,0,0,5,10,4,5,83,2,0,0,0,63,79,6375692,0,34,0,116,21292,2286607,24824,0,1,193489,140266,61972,62377,24214,13801,24218,13638,58,1130,1131,64,44066,21005,22641628,2257,78,422,267,4344771,4344663,102,118,77,90,170,6375178,4123050,95,128,3188,337,1439,11,90,2,951,7955462,3182,0,491,8,1,4,273,16,4,277,8,2,1,10
9101.93,1625173117123,50.011974443,1,0,0,5,10,4,5,103,2,0,0,0,40,64,6215243,0,28,0,116,22630,2146377,23797,0,1,194269,140747,61633,62417,24172,14117,24227,13827,58,1089,1089,37,43922,20963,21751779,2229,82,422,264,4321975,4321869,102,117,80,93,172,6214980,4099459,94,131,3150,329,1411,0,93,0,919,7656518,3097,0,495,8,1,4,268,16,4,272,8,2,1,10
9151.94,1625173173945,50.010791124,1,0,0,5,10,4,5,93,2,0,0,0,8,59,6355069,0,33,0,116,12237,2267950,24242,0,1,192965,139688,61798,62117,24304,13866,24213,13229,58,1073,1073,33,43812,21051,22525574,2205,85,423,264,4341664,4341565,102,118,83,93,173,6354946,4121273,93,132,3141,331,1409,0,96,0,907,7887946,2989,0,478,8,1,4,273,16,4,277,8,2,1,10
9201.95,1625173230856,50.009357646,1,0,0,5,10,4,5,82,2,0,0,0,68,83,6417669,0,30,1,116,13052,2333354,26183,0,1,191834,138495,58556,60059,21528,11908,23711,13701,58,1084,1084,33,40416,18449,22882453,2225,79,422,259,4334930,4334834,102,118,77,94,168,6417510,4117548,93,129,3134,324,1380,0,90,0,916,7964687,3215,0,505,8,1,4,268,16,4,272,8,2,1,10
9251.96,1625173287988,50.010450095,1,0,0,5,10,4,5,71,2,0,0,0,65,65,6503303,0,26,1,118,18048,2406892,26099,0,1,190945,138144,55808,56758,20543,11523,20675,11275,59,1083,1083,33,37186,17573,23316476,2224,72,423,260,4343967,4343868,104,120,71,83,160,6503158,4131042,93,123,2979,323,1161,0,83,0,916,8168093,3136,0,468,8,1,4,241,13,4,245,8,2,1,10
9301.97,1625173344414,50.011925488,1,0,0,5,10,4,5,66,2,0,0,0,58,60,6361599,0,26,1,116,7736,2272141,25029,0,1,191820,138867,57297,58087,20731,11213,20784,11338,58,1089,1089,37,37948,17704,22491925,2227,75,424,260,4338287,4338190,102,118,73,88,164,6361341,4122731,94,125,2984,323,1168,0,88,0,921,7965643,3109,0,482,8,1,4,243,13,4,247,8,2,1,10
9351.98,1625173401340,50.010644518,1,0,0,5,10,4,5,86,2,0,0,0,18,61,6268014,0,28,1,118,18224,2174201,25119,0,1,193757,140608,60634,60954,23914,13638,21385,10740,59,1092,1092,37,42540,20767,21991575,2235,77,422,265,4346909,4346817,104,120,75,89,165,6267870,4126292,94,126,3044,328,1239,0,88,0,922,7814144,2978,0,451,8,1,4,234,13,4,238,8,2,1,10
9401.99,1625173458067,50.010676884,1,0,0,5,10,4,5,87,2,0,0,0,36,76,6370265,0,42,1,116,16660,2267306,25236,0,1,194485,140907,61803,62808,24167,13486,24300,13417,58,1090,1090,37,43944,20970,22553038,2231,82,427,264,4357368,4357270,102,118,80,94,172,6370092,4134925,94,131,3176,329,1413,0,93,0,912,7949273,3144,0,497,8,1,4,271,16,4,275,8,2,1,10
9452,1625173514351,50.009107931,1,0,0,5,10,4,5,83,2,0,0,0,30,47,6244370,0,27,1,116,6453,2163009,25061,0,1,193658,140180,59819,60536,23825,14079,23864,13733,58,1079,1079,33,42971,20737,21882968,2217,74,421,264,4333793,4333693,102,117,74,87,164,6244249,4114014,93,125,3140,329,1403,0,87,0,910,7710436,3082,0,485,8,1,4,266,16,4,270,8,2,1,10
9502.01,1625173570442,50.008703970,1,0,0,5,10,4,5,97,2,0,0,0,2,47,6400007,0,29,1,116,4768,2308915,25196,0,1,193901,140321,59965,60609,23901,13668,23891,13449,58,1085,1085,33,42962,20771,22760062,2229,75,422,265,4344434,4344339,102,118,74,86,164,6399784,4124074,93,125,3154,333,1408,0,86,0,914,7993593,2948,0,467,8,1,4,265,16,4,269,8,2,1,10
9552.02,1625173627178,50.012023513,1,0,0,5,10,4,5,67,2,0,0,0,0,35,6218223,0,39,1,116,5290,2065020,24606,0,1,192424,138812,57136,58060,21117,11682,23469,13543,58,1090,1090,33,39133,18130,21401302,2239,73,422,260,4403887,4403795,102,118,72,87,163,6217976,4186892,93,124,3160,328,1392,0,85,0,914,7552640,2946,0,467,8,1,4,259,16,4,263,8,2,1,10
9602.03,1625173683958,50.009153358,1,0,0,5,10,4,5,83,2,0,0,0,14,89,6282367,0,32,1,116,14015,2217628,25125,0,1,190729,138037,57984,58769,20924,11027,20996,10866,58,1131,1132,64,38309,17864,22126295,2259,76,420,262,4313233,4313142,102,118,74,87,166,6282280,4096735,95,126,3021,327,1192,11,88,2,962,7756000,3039,0,450,8,1,4,247,13,4,251,8,2,1,10
9652.04,1625173740836,50.010565120,1,0,0,5,10,4,5,68,2,0,0,0,10,72,6139541,0,27,0,116,13539,2035440,24081,0,1,191535,138592,58041,58826,20888,11058,20939,10772,58,1092,1092,37,38156,17798,21142716,2235,79,425,259,4352169,4352069,102,118,77,90,168,6139405,4135272,94,129,2994,320,1169,0,90,0,918,7607501,3060,0,459,8,1,4,250,13,4,254,8,2,1,10
9702.05,1625173797460,50.009123780,1,0,0,5,10,4,5,88,2,0,0,0,6,91,6138630,0,26,1,116,16607,2038396,24601,0,1,193442,140129,61285,61615,24035,13578,24069,13354,58,1085,1085,37,43751,20860,21160974,2221,77,419,264,4356135,4356034,102,118,76,87,168,6138499,4134311,94,127,3144,329,1406,0,89,0,913,7527722,2997,0,455,8,1,4,268,16,4,272,8,2,1,10
9752.06,1625173854270,50.010170330,1,0,0,5,10,4,5,101,2,0,0,0,34,70,6374020,0,26,0,116,9538,2299749,25312,0,1,194141,140529,59982,60755,25918,15467,30011,19277,58,1084,1084,33,43115,22777,22676358,2227,74,423,265,4328732,4328631,102,118,74,89,164,6373655,4108218,93,125,3148,329,1400,0,88,0,915,7982215,3078,0,492,8,1,4,278,16,4,282,8,2,1,10
9802.07,1625173910769,50.011897465,1,0,0,5,10,4,5,96,2,0,0,0,36,56,6350535,0,26,0,116,14130,2274797,24382,0,1,192473,139343,59923,60683,23869,13447,23917,13292,58,1077,1077,33,42949,20743,22553723,2213,76,419,265,4324159,4324057,102,118,74,86,164,6350255,4105062,93,125,3136,332,1401,0,86,0,904,7930469,3094,0,497,8,1,4,272,16,4,276,8,2,1,10
9852.08,1625173967784,50.010891292,1,0,0,5,10,4,5,85,2,0,0,0,44,52,6304154,0,32,0,116,10915,2232987,24925,0,1,194098,140529,60702,61657,24115,13799,24223,13544,58,1129,1130,60,43317,20948,22281837,2263,76,423,268,4325642,4325548,102,117,75,91,166,6304019,4104671,94,126,3193,340,1430,12,88,2,950,7864133,3106,0,487,7,1,4,261,16,4,265,7,2,1,9
9902.09,1625174024351,50.011814368,1,0,0,5,10,4,5,72,2,0,0,0,1,53,6374904,0,35,0,116,9974,2258077,27148,0,1,190826,138094,59069,59906,21031,11063,21112,10488,58,1091,1091,37,38363,17900,22502935,2233,83,419,260,4366888,4366771,102,118,81,94,172,6374581,4149675,94,133,3002,323,1172,0,95,0,923,7878136,3073,0,438,8,1,4,249,13,4,253,8,2,1,10
9952.1,1625174081335,50.011409338,1,0,0,5,10,4,5,75,2,0,0,0,20,70,6284720,0,26,0,116,17277,2202623,24802,0,1,191677,138699,57187,58044,20722,10992,20797,10804,58,1091,1091,37,37916,17711,22081774,2233,75,422,259,4332027,4331935,102,117,73,86,163,6284503,4116005,94,125,2986,320,1165,0,86,0,924,7787739,3029,0,455,8,1,4,238,13,4,242,8,2,1,10
10002.1,1625174138181,50.009000341,1,0,0,5,10,4,5,88,2,0,0,0,46,75,6427083,0,25,0,116,14995,2353650,25441,0,1,191678,139184,59371,59666,23142,13102,21139,10867,58,1079,1079,37,40656,20065,22984137,2209,76,419,264,4324303,4324202,102,119,74,87,164,6426854,4107005,94,125,2977,324,1185,0,88,0,912,8086278,3045,0,463,8,1,4,239,14,4,243,8,2,1,10
10052.1,1625174195261,50.009023633,1,0,0,5,10,4,5,99,2,0,0,0,0,59,6386780,0,28,0,116,15107,2299188,24996,0,1,193380,139960,62019,62820,24394,14562,24460,14331,58,1079,1079,33,43894,21106,22716117,2217,87,419,264,4341140,4341034,102,118,86,99,179,6386617,4119960,95,138,3141,331,1401,0,99,0,913,8002145,3025,0,471,8,1,4,263,16,4,267,8,2,1,10
10102.1,1625174251986,50.008632028,1,0,0,5,10,4,5,94,2,0,0,0,36,82,6327115,0,27,0,116,21846,2240011,24349,0,1,193984,140416,59816,60472,23845,13890,23874,13827,58,1080,1080,33,42906,20747,22332268,2219,75,423,264,4340777,4340679,102,118,74,86,164,6326733,4120620,93,125,3143,329,1400,0,86,0,908,7806682,3071,0,471,6,1,4,279,16,4,283,2,2,1,6
10152.1,1625174308755,50.013412965,1,0,0,5,10,4,5,94,2,0,0,0,24,47,6389056,0,31,0,116,5872,2303365,23784,0,1,192081,139084,61185,61957,24146,14780,24186,14237,58,1075,1075,33,43363,20902,22705294,2209,83,417,266,4337985,4337878,102,118,82,96,172,6388839,4118276,93,133,3138,336,1408,0,96,0,912,7969520,3048,0,466,6,1,4,263,16,4,267,2,2,1,6
10202.1,1625174365418,50.009040621,1,0,0,5,10,4,5,74,2,0,0,0,20,52,6421994,0,26,0,118,17360,2391319,24472,0,1,190724,138054,57775,58651,20907,11184,20996,11213,59,1085,1085,37,38138,17798,23081804,2221,78,424,260,4280467,4280364,104,120,77,93,168,6421800,4065006,94,129,2984,323,1185,0,90,0,925,8037450,2970,0,429,6,1,4,243,13,4,247,2,2,1,6
10252.1,1625174421961,50.011123147,1,0,0,5,10,4,5,88,2,0,0,0,18,58,6398441,0,37,0,116,18434,2279905,25799,0,1,191735,138756,57323,57719,20706,11055,20729,10803,58,1097,1097,37,37889,17670,22627720,2245,74,423,260,4364250,4364158,102,118,73,87,164,6397965,4148278,94,125,3012,323,1173,0,86,0,922,8039601,3049,0,432,6,1,4,244,13,4,248,2,2,1,6
10302.1,1625174478859,50.008846854,1,0,0,5,10,4,5,83,2,0,0,0,40,60,6376913,0,28,0,116,9588,2324828,23584,0,1,191491,138617,57548,58164,20835,10807,20841,10709,58,1088,1088,37,38122,17765,22730054,2227,78,423,258,4302041,4301943,102,118,77,90,168,6376649,4086099,94,129,2978,316,1164,0,90,0,927,8024828,2988,0,448,6,1,4,249,13,4,253,2,2,1,6
10352.1,1625174536139,50.008715096,1,0,0,5,10,4,5,91,2,0,0,0,40,68,6388688,0,28,0,116,18686,2315217,25485,0,1,194115,140644,61719,62215,24156,14243,24137,14079,58,1085,1085,37,43848,20927,22791692,2221,81,421,264,4325834,4325727,102,118,80,91,172,6388290,4103277,94,131,3144,329,1403,0,93,0,919,8036292,3085,0,455,6,1,4,268,16,4,272,2,2,1,6
10402.1,1625174591960,50.010473605,1,0,0,5,10,4,5,80,2,0,0,0,32,52,6477623,0,32,0,116,8181,2415670,25837,0,1,193402,140032,60576,61442,24084,14428,24146,13922,58,1122,1123,60,43345,20929,23328301,2249,77,422,266,4316187,4316089,102,118,75,89,166,6477455,4095758,94,126,3175,333,1431,11,88,2,945,8115989,3176,0,471,6,1,4,260,16,4,264,2,2,1,6
10452.1,1625174648953,50.008739114,1,0,0,5,10,4,5,105,2,0,0,0,30,82,6168721,0,36,0,116,14963,2122311,24645,0,1,193146,139842,60501,60912,24016,14492,24029,14048,58,1082,1082,33,43107,20815,21553474,2222,79,424,266,4297501,4297395,102,118,78,90,168,6168301,4077560,93,129,3165,336,1411,0,91,0,912,7595930,3084,0,493,6,1,4,244,16,4,248,2,2,1,6
10502.1,1625174705435,50.009540461,1,0,0,5,10,4,5,89,2,0,0,0,52,77,6364181,0,36,0,116,13190,2264014,25760,0,1,194532,140944,60483,61883,23765,13673,24077,13355,58,1093,1093,37,43131,20613,22526455,2237,77,425,261,4354767,4354670,102,118,75,92,168,6364105,4133210,94,127,3154,329,1394,0,89,0,929,7872769,3154,0,480,6,1,4,272,16,4,276,2,2,1,6
10552.1,1625174762441,50.010889524,1,0,0,5,10,4,5,64,2,0,0,0,24,77,6342649,0,26,0,116,14725,2254310,24638,0,1,191061,138298,57275,58066,20678,11306,20754,11024,58,1090,1090,37,37920,17686,22418238,2231,75,421,260,4335297,4335205,102,118,73,87,164,6342479,4119659,94,125,2987,323,1176,0,86,0,916,7922700,2999,0,463,6,1,4,234,13,4,238,2,2,1,6
10602.1,1625174819055,50.008696258,1,0,0,5,10,4,5,86,2,0,0,0,18,81,6154613,0,39,0,116,15314,2067638,24186,0,1,191667,138701,57906,58489,20811,11689,20829,11339,58,1090,1090,37,38106,17759,21276352,2231,78,422,258,4334761,4334653,102,118,77,90,168,6154218,4118464,94,129,2992,316,1165,0,90,0,922,7534244,3060,0,444,6,1,4,240,13,4,244,2,2,1,6
10652.1,1625174876170,50.010283306,1,0,0,5,10,4,5,123,2,0,0,0,38,76,6494657,0,39,0,116,16267,2372142,26309,0,1,194738,141000,64447,64631,24776,13563,24617,12883,58,1127,1128,60,44637,21412,23241236,2259,83,423,271,4379215,4379108,102,118,83,98,175,6494408,4154626,99,133,3283,344,1558,11,101,2,948,8084921,3210,0,507,6,1,4,282,19,4,286,2,2,1,6
10702.1,1625174933499,50.010153624,1,0,0,5,10,4,5,96,2,0,0,0,12,46,6154799,0,27,0,116,10995,2074898,23321,0,1,193781,140243,59894,60482,23860,14078,23852,13292,58,1079,1079,33,42896,20745,21344574,2217,74,425,264,4332216,4332117,102,118,74,87,164,6154434,4111765,93,125,3139,329,1405,0,86,0,912,7607808,2989,0,465,6,1,4,270,16,4,274,2,2,1,5
10752.1,1625174990934,50.009475473,1,0,0,13,24,11,11,1457,2,0,0,0,4,202,5998070,0,80,0,140,17399,2015749,27061,29,1,197041,141548,112406,115137,60437,37235,61909,38113,70,1105,1105,33,88882,53374,21238845,2269,233,421,338,4271716,4271437,102,118,231,280,365,5998009,4015388,210,323,3283,387,1495,15,276,3,920,7215925,3146,0,520,5,1,11,467,20,11,478,4,6,5,4
10802.1,1625175047605,50.009420987,1,0,0,5,10,4,5,82,2,0,0,0,48,68,6353615,0,26,0,118,14271,2253859,24015,0,1,191531,138534,55731,56569,20508,11618,20580,11402,59,1089,1089,33,37156,17572,22408909,2237,73,424,260,4345799,4345708,104,120,71,83,160,6353383,4131810,93,123,2990,323,1167,0,83,0,915,7922923,3068,0,457,8,1,4,240,13,4,244,8,2,1,10
10852.1,1625175104397,50.009331801,1,0,0,5,10,4,5,82,2,0,0,0,54,55,6469640,0,28,0,116,9336,2386401,27046,0,1,189551,137250,58186,59133,20886,11594,20957,11213,58,1083,1083,37,38154,17779,23202184,2217,79,418,260,4330237,4330138,102,118,77,91,168,6469584,4115261,94,129,2971,323,1166,0,90,0,914,8101741,3177,0,460,8,1,4,245,13,4,249,8,2,1,10
10902.1,1625175161401,50.013513995,1,0,0,5,10,4,5,139,2,0,0,0,15,71,6358587,0,31,0,116,6655,2266284,25428,0,1,194015,140542,61396,61467,24162,14525,21592,11622,58,1130,1131,64,43323,20993,22519181,2257,78,422,266,4345893,4345786,102,118,76,89,167,6358385,4123736,95,127,3169,330,1409,11,90,2,954,7996148,3057,0,457,8,1,4,236,14,4,240,8,2,1,10
10952.1,1625175218387,50.012029209,1,0,0,5,10,4,5,105,2,0,0,0,25,70,6346383,0,25,0,116,19480,2273691,25018,0,1,193813,140374,61667,62486,24117,13771,24226,13606,58,1083,1083,37,43898,20954,22534707,2217,82,420,264,4328723,4328625,102,118,80,94,172,6346172,4106393,94,131,3143,329,1405,0,94,0,913,7953891,3026,0,477,4,1,4,268,16,4,272,2,2,1,4
11002.1,1625175275332,50.010402316,1,0,0,5,10,4,5,92,2,0,0,0,0,61,6153655,0,33,0,116,13404,2084836,25277,0,1,193095,139697,59718,60201,23807,13953,23809,13638,58,1077,1077,33,42927,20734,21412018,2213,75,419,264,4315997,4315902,102,118,74,82,164,6153496,4096613,93,125,3140,329,1396,0,86,0,907,7657229,2995,0,464,6,1,4,256,16,4,260,2,2,1,6
11052.1,1625175332140,50.009714080,1,0,0,5,10,4,5,83,2,0,0,0,0,55,6167983,0,27,0,116,10211,2081174,23683,0,1,192265,138652,57436,58723,21308,11400,23572,13228,58,1085,1085,33,40023,18240,21375346,2229,75,422,259,4334112,4334022,102,118,73,86,164,6167866,4116898,93,125,3135,325,1381,0,86,0,912,7696115,2962,0,462,6,1,4,259,16,4,263,2,2,1,6
11102.1,1625175389444,50.011027333,1,0,0,5,10,4,5,91,2,0,0,0,42,60,6501923,0,29,1,116,16546,2420661,24363,0,1,190332,137667,56161,56591,20676,11464,20679,11086,58,1083,1083,33,37320,17665,23384951,2225,76,420,260,4324744,4324618,102,118,75,87,164,6501376,4111734,93,127,2983,323,1164,0,87,0,912,8196998,3054,0,492,8,1,4,248,13,4,252,8,2,1,10
11152.1,1625175446116,50.010288995,1,0,0,5,10,4,5,86,2,0,0,0,12,67,6387672,0,26,1,116,17490,2295740,25351,0,1,189857,137367,57134,57931,20736,11305,20737,11118,58,1082,1082,37,37865,17703,22663613,2215,73,417,260,4339082,4338983,102,118,73,87,164,6387476,4124799,94,125,2968,323,1167,0,87,0,914,7947658,2968,0,435,8,1,4,251,13,4,255,8,2,1,10
11202.1,1625175503191,50.009188034,1,0,0,5,10,4,5,93,2,0,0,0,32,62,6406089,0,33,1,116,14618,2311976,25209,0,1,193096,139837,60549,61392,24002,14397,24083,14519,58,1131,1132,64,43412,20877,22791603,2258,79,420,268,4347277,4347186,102,118,77,90,165,6405938,4126407,91,127,3197,339,1436,11,89,2,957,8005000,3180,0,502,8,1,4,265,16,4,269,8,2,1,10
11252.1,1625175559494,50.009373313,1,0,0,5,10,4,5,116,2,0,0,0,42,80,6413286,0,30,1,116,4792,2367891,24754,0,1,192337,139380,62067,62914,24294,14184,24353,14237,58,1079,1079,37,44087,21050,22951569,2208,86,422,264,4300261,4300157,102,118,84,97,176,6413092,4079326,94,135,3131,329,1406,0,97,0,915,8048200,3099,0,494,8,1,4,263,16,4,267,8,2,1,10
11302.1,1625175616018,50.008786451,1,0,0,5,10,4,5,102,2,0,0,0,38,55,6337326,0,35,1,116,5990,2286597,25237,0,1,193741,140233,59770,60365,25870,15814,23838,13513,58,1080,1080,32,42948,22795,22543390,2221,75,423,264,4304555,4304452,102,118,74,86,164,6336947,4084823,93,125,3151,329,1402,0,86,0,918,7846758,3193,0,505,8,1,4,268,16,4,272,8,2,1,10
11352.1,1625175672252,50.009528943,1,0,0,5,10,4,5,83,2,0,0,0,2,45,6351519,0,25,1,116,8986,2290907,23055,0,1,192162,138895,58531,59692,23096,13322,23758,13292,58,1078,1078,33,41948,20069,22599011,2215,74,418,260,4310147,4310051,102,118,73,86,164,6351333,4092009,93,125,3118,325,1383,0,86,0,913,8004814,2872,0,440,8,1,4,257,16,4,261,8,2,1,10
11402.1,1625175729139,50.009444893,1,0,0,5,10,4,5,73,2,0,0,0,76,58,6572675,0,26,1,116,13213,2475854,25538,0,1,190270,137679,55698,56311,20525,11366,20521,11118,58,1080,1080,33,37151,17553,23723188,2219,72,422,260,4342767,4342668,102,119,71,83,160,6572326,4130297,93,123,2973,323,1166,0,83,0,917,8270943,3138,0,478,8,1,4,241,13,4,245,8,2,1,10
11452.1,1625175786371,50.009147014,1,0,0,5,10,4,5,87,2,0,0,0,64,95,6410477,0,32,0,116,20816,2316071,24880,0,1,190373,137877,58361,59209,21061,11030,21153,10709,58,1130,1131,64,38565,17955,22804086,2257,80,421,262,4341763,4341662,102,118,78,92,170,6410295,4126222,95,130,3023,328,1201,11,92,2,945,8072248,3168,0,467,8,1,4,253,13,4,257,8,2,1,10
11502.1,1625175843153,50.010474353,1,0,0,5,10,4,5,90,2,0,0,0,16,53,6425666,0,36,1,116,7919,2327360,25887,0,1,192767,139609,61227,62007,24030,13578,24101,13355,58,1082,1082,37,43742,20870,22880373,2215,78,422,265,4350508,4350400,102,118,76,90,168,6425531,4129671,95,128,3148,332,1403,0,90,0,911,8008889,3097,0,464,8,1,4,255,16,4,259,8,2,1,10
11552.1,1625175900152,50.009019724,1,0,0,5,10,4,5,111,2,0,0,0,18,94,6291204,0,38,2,116,14560,2188364,24605,0,1,193204,139929,62022,62832,24123,14307,24217,14174,58,1082,1082,37,43903,20959,22081289,2215,81,419,264,4356316,4356208,102,118,80,94,172,6291025,4134349,95,132,3151,329,1411,0,93,0,913,7769715,3080,0,470,8,1,4,260,16,4,264,8,2,1,10
11602.1,1625175957292,50.011870387,1,0,0,5,10,4,5,92,2,0,0,0,13,59,6329264,0,26,2,116,25747,2231911,25753,0,1,194132,140584,61154,61940,23999,13799,24062,13733,58,1088,1088,37,43694,20874,22363658,2227,77,422,264,4348087,4347985,102,117,76,90,168,6328969,4126023,94,127,3150,329,1408,0,90,0,917,7811808,3048,0,469,8,1,4,259,16,4,263,8,2,1,10
11652.1,1625176014078,50.011905141,1,0,0,5,10,4,5,80,2,0,0,0,14,71,6389768,0,36,2,116,11738,2345443,24564,0,1,190904,137999,55534,56324,20561,11367,20604,11024,58,1081,1081,33,37140,17610,22845684,2221,73,422,258,4290871,4290768,102,116,71,83,160,6389439,4077726,93,123,2986,316,1169,0,83,0,908,8079424,2904,0,433,8,1,4,238,13,4,242,8,2,1,10
11702.1,1625176071389,50.008737131,1,0,0,5,10,4,5,99,2,0,0,0,50,65,6524453,0,43,1,116,4803,2454336,26527,0,1,190737,137964,56458,57221,20774,11246,20825,11055,58,1127,1128,60,37529,17745,23507454,2259,73,422,262,4316871,4316776,102,118,72,88,162,6524171,4103244,94,124,3029,327,1188,11,85,2,949,8234667,3148,0,457,8,1,4,239,13,4,243,8,2,1,10
11752.1,1625176128101,50.008556410,1,0,0,5,10,4,5,70,2,0,0,0,26,66,6537955,0,26,0,116,22651,2460561,25552,0,1,191117,138179,55687,56122,20568,11775,20572,11276,58,1086,1086,33,37159,17616,23606623,2231,72,426,260,4322799,4322696,102,118,71,83,160,6537551,4109035,93,123,2990,323,1170,0,83,0,917,8279625,2991,0,440,8,1,4,242,13,4,246,8,2,1,10
11802.1,1625176185617,50.009076215,1,0,0,5,10,4,5,98,2,0,0,0,4,78,6201681,0,28,0,116,14392,2160908,25133,0,1,193409,140053,61793,62675,23991,14019,24094,13607,58,1088,1088,37,43702,20863,21793513,2227,78,419,266,4293946,4293849,102,118,76,90,168,6201489,4071502,94,127,3153,336,1412,0,89,0,925,7749452,3065,0,472,8,1,4,268,16,4,272,8,2,1,10
11852.1,1625176242504,50.009191103,1,0,0,5,10,4,5,102,2,0,0,0,38,52,6202345,0,26,2,116,21205,2104811,24402,0,1,194442,140857,61203,62035,24001,13703,24068,13795,58,1089,1089,37,43666,20864,21598473,2229,77,423,265,4349350,4349256,102,118,76,90,168,6202233,4127276,94,127,3150,332,1411,0,89,0,921,7693466,3024,0,470,8,1,4,268,16,4,272,8,2,1,10
11902.1,1625176299295,50.012598034,1,0,0,5,10,4,5,75,2,0,0,0,44,71,6145796,0,26,1,116,15799,2038332,23900,0,1,192937,139337,59155,60272,22330,12945,23857,14079,58,1089,1089,37,41752,19228,21183145,2229,76,424,258,4357770,4357663,102,118,75,89,168,6145599,4138289,94,127,3132,321,1385,0,88,0,910,7483205,3063,0,502,8,1,4,276,16,4,280,8,2,1,10
11952.1,1625176356463,50.009111796,1,0,0,5,10,4,5,73,2,0,0,0,46,57,6268292,0,28,1,116,15122,2166656,25656,0,1,190714,137958,55980,56902,20710,11433,20781,11276,58,1079,1079,33,37392,17672,21906603,2217,77,422,258,4348945,4348850,102,118,75,89,164,6268179,4135894,93,127,2967,316,1164,0,87,0,913,7753776,3038,0,462,8,1,4,224,13,4,228,8,2,1,10
12002.1,1625176413330,50.008802159,1,0,0,5,10,4,5,76,2,0,0,0,26,60,6337084,0,34,1,116,8931,2237558,25440,0,1,190209,137575,56831,57495,20863,11279,20895,10867,58,1124,1125,60,37773,17823,22308526,2253,77,420,261,4344808,4344707,102,118,76,88,166,6336703,4130950,94,128,3019,324,1195,11,88,2,950,7912787,2969,0,481,8,1,4,233,13,4,237,8,2,1,10
12052.1,1625176469922,50.008671040,1,0,0,5,10,4,5,93,2,0,0,0,14,84,6085408,0,36,1,116,5912,1996625,24301,0,1,193961,140391,60005,60559,23850,14081,23852,13859,58,1087,1087,33,42942,20705,20898866,2233,75,426,266,4337210,4337105,102,118,74,87,164,6085004,4116858,93,125,3169,336,1413,0,88,0,916,7458014,3079,0,470,8,1,4,268,16,4,272,8,2,1,10
12102.1,1625176527027,50.009133652,1,0,0,5,10,4,5,90,2,0,0,0,28,75,6451927,0,26,0,116,16493,2379670,25293,0,1,193689,140320,61382,62164,24014,14238,24076,13701,58,1089,1089,37,43704,20856,23154503,2229,78,421,266,4325850,4325747,102,116,76,89,168,6451713,4103922,94,127,3154,336,1411,0,89,0,922,8020518,3112,0,486,8,1,4,271,16,4,275,8,2,1,10
12152.1,1625176583661,50.008656336,1,0,0,5,10,4,5,105,2,0,0,0,26,74,6012038,0,30,0,116,21681,1943336,22743,0,1,194447,140841,61289,61711,24032,13641,24027,13450,58,1092,1092,37,43688,20845,20520219,2235,76,422,265,4323711,4323598,102,118,76,90,168,6011619,4101072,94,127,3160,332,1414,0,90,0,918,7325392,3010,0,469,8,1,4,264,16,4,268,8,2,1,10
12202.1,1625176640786,50.009084118,1,0,0,5,10,4,5,72,2,0,0,0,42,66,6382577,0,26,0,116,16389,2276584,24197,0,1,191599,138651,56973,57730,20690,10738,20744,10426,58,1089,1089,37,37891,17681,22554778,2229,74,422,258,4355303,4355207,102,118,73,86,164,6382424,4139636,94,125,2980,316,1161,0,86,0,910,7898739,3010,0,463,8,1,4,241,13,4,245,8,2,1,10
12252.1,1625176697370,50.012007216,1,0,0,5,10,4,5,75,2,0,0,0,14,63,6261085,0,33,0,116,17612,2159830,25268,0,1,189884,137307,57298,58141,20883,11088,20974,10803,58,1122,1123,60,37741,17856,21897056,2249,79,419,260,4345285,4345182,102,117,76,88,166,6260753,4130880,94,128,3010,320,1186,11,88,2,947,7739428,3124,0,473,8,1,4,238,13,4,242,8,2,1,10
12302.1,1625176753721,50.009184534,1,0,0,5,10,4,5,79,2,0,0,0,2,68,6236286,0,26,0,116,6842,2109123,24391,0,1,190632,137817,57215,57533,20882,11720,20793,11181,58,1082,1082,33,37814,17820,21621702,2223,78,424,259,4370773,4370673,102,118,76,88,165,6236096,4156479,93,126,2978,322,1162,0,90,0,908,7760429,2852,0,456,8,1,4,233,13,4,237,8,2,1,10
12352.1,1625176810424,50.009183828,1,0,0,5,10,4,5,80,2,0,0,0,12,79,6253506,0,37,0,116,17183,2179234,24571,0,1,191426,138462,56944,57385,20948,11810,20712,11496,58,1090,1090,33,37827,17942,21921720,2239,73,422,265,4319168,4319075,102,118,72,83,159,6253296,4104238,93,123,3023,331,1192,0,85,0,915,7770103,3004,0,454,8,1,4,248,14,4,252,8,2,1,10
12402.1,1625176867558,50.009155919,1,0,0,5,10,4,5,96,2,0,0,0,44,76,6376611,0,26,0,116,9782,2338277,24894,0,1,193238,139910,60021,61108,23926,13606,24021,13417,58,1082,1082,33,43005,20762,22830840,2223,76,420,266,4289600,4289503,102,115,74,89,164,6376407,4069920,93,125,3152,337,1417,0,86,0,913,8059542,3124,0,489,8,1,4,269,16,4,273,8,2,1,10
12452.1,1625176924540,50.010033349,1,0,0,5,10,4,5,101,2,0,0,0,20,62,6313935,0,29,0,116,8255,2256797,25760,0,1,194246,140689,61399,62039,24015,14651,24042,14237,58,1092,1092,37,43687,20860,22388172,2235,77,422,265,4312146,4312036,102,118,76,90,168,6313538,4089803,94,127,3160,332,1409,0,90,0,921,7866314,3141,0,490,8,1,4,278,16,4,282,8,2,1,10
12502.1,1625176981288,50.012031134,1,0,0,5,10,4,5,80,2,0,0,0,24,80,6249076,0,33,0,116,8551,2184397,25122,0,1,191018,137997,61635,62705,23268,13016,24219,13418,58,1124,1125,64,42832,20054,21971578,2245,81,418,261,4319192,4319091,102,117,80,94,174,6248890,4098404,95,132,3159,325,1410,11,93,2,953,7654710,3117,0,484,8,1,4,268,16,4,272,8,2,1,10
12552.1,1625177038510,50.011969729,1,0,0,6,12,5,6,931,2,0,0,0,34,94,6373056,0,30,0,120,21032,2319785,25004,1,1,192671,138889,69178,70871,23805,11722,23634,11213,60,1122,1122,37,44900,20054,22805705,2295,101,426,284,4310195,4310057,102,117,99,121,216,6372705,4085994,118,161,3132,326,1315,0,120,0,970,7968025,3177,0,548,8,1,5,278,15,5,283,8,3,2,11
12602.1,1625177095538,50.010856657,1,0,0,5,10,4,5,83,2,0,0,0,12,76,6412442,0,40,0,116,9770,2320739,25245,0,1,191099,138174,55887,56836,20581,10897,20645,10363,58,1087,1087,33,37150,17590,22805483,2233,73,422,259,4337594,4337508,102,118,71,85,160,6412290,4123812,93,123,3001,320,1164,0,84,0,919,8077121,2958,0,441,8,1,4,245,13,4,249,8,2,1,10
12652.1,1625177151735,50.010841052,1,0,0,5,10,4,5,106,2,0,0,0,52,70,6134378,0,27,0,116,11689,2070172,24178,0,1,193408,140081,60105,60862,23922,14110,23955,13765,58,1082,1082,33,42977,20762,21279064,2223,76,422,266,4317110,4317014,102,118,74,86,164,6134102,4097147,93,125,3150,336,1406,0,86,0,908,7517713,3076,0,472,7,1,4,250,16,4,254,7,2,1,9
12702.1,1625177208512,50.011688156,1,0,0,5,10,4,5,105,2,0,0,0,29,82,6144623,0,34,0,116,12346,2077898,23709,0,1,194038,140484,60149,60804,23917,13670,23987,13449,58,1091,1091,33,43008,20757,21341747,2241,75,422,266,4317512,4317416,102,118,74,87,164,6144283,4096569,93,125,3175,336,1419,0,87,0,922,7608322,3081,0,485,8,1,4,266,16,4,270,8,2,1,10
