time,timestamp,seconds,connectivity,alarmtimer:alarmtimer_fired,alarmtimer:alarmtimer_start,block:block_bio_backmerge,block:block_bio_remap,block:block_dirty_buffer,block:block_getrq,block:block_touch_buffer,block:block_unplug,cachefiles:cachefiles_create,cachefiles:cachefiles_lookup,cachefiles:cachefiles_mark_active,clk:clk_set_rate,cpu-migrations,cs,dma_fence:dma_fence_init,fib:fib_table_lookup,filemap:mm_filemap_add_to_page_cache,gpio:gpio_value,ipi:ipi_raise,irq:irq_handler_entry,irq:softirq_entry,jbd2:jbd2_handle_start,jbd2:jbd2_start_commit,kmem:kfree,kmem:kmalloc,kmem:kmem_cache_alloc,kmem:kmem_cache_free,kmem:mm_page_alloc,kmem:mm_page_alloc_zone_locked,kmem:mm_page_free,kmem:mm_page_pcpu_drain,mmc:mmc_request_start,net:net_dev_queue,net:net_dev_xmit,net:netif_rx,page-faults,pagemap:mm_lru_insertion,preemptirq:irq_enable,qdisc:qdisc_dequeue,random:get_random_bytes,random:mix_pool_bytes_nolock,random:urandom_read,raw_syscalls:sys_enter,raw_syscalls:sys_exit,rpm:rpm_resume,rpm:rpm_suspend,sched:sched_process_exec,sched:sched_process_free,sched:sched_process_wait,sched:sched_switch,sched:sched_wakeup,signal:signal_deliver,signal:signal_generate,skb:consume_skb,skb:kfree_skb,skb:skb_copy_datagram_iovec,sock:inet_sock_set_state,task:task_newtask,tcp:tcp_destroy_sock,tcp:tcp_probe,timer:hrtimer_start,timer:timer_start,udp:udp_fail_queue_rcv_skb,workqueue:workqueue_activate_work,writeback:global_dirty_state,writeback:sb_clear_inode_writeback,writeback:wbc_writepage,writeback:writeback_dirty_inode,writeback:writeback_dirty_inode_enqueue,writeback:writeback_dirty_page,writeback:writeback_mark_inode_dirty,writeback:writeback_pages_written,writeback:writeback_single_inode,writeback:writeback_write_inode,writeback:writeback_written
50.0092,1625075312610,50.009196809,1,0,0,6,17,6,11,107,4,0,0,0,46,79,6448078,0,37,3,140,10186,2307349,23584,5,2,194594,140885,59414,60848,21286,11538,21805,11307,70,1127,1127,37,38988,18073,22847502,2304,81,429,5380,4399234,4399132,108,123,79,95,178,6447900,4174499,102,141,3121,325,1258,4,93,1,973,8116419,2984,0,522,10,2,7,239,14,2,241,10,4,3,14
100.018,1625075369167,50.009113749,1,0,0,5,10,4,5,76,2,0,0,0,42,44,6254431,0,34,1,116,13180,2108380,22484,0,1,192941,139531,54702,55451,20521,11680,20562,11276,58,1094,1094,33,37073,17554,21638145,2247,73,426,2820,4396900,4396810,102,118,71,83,160,6254267,4180804,93,123,3011,323,1161,0,83,0,913,7861524,2802,0,444,8,1,4,239,13,4,243,8,2,1,10
150.027,1625075426037,50.009265021,1,0,0,5,10,4,5,96,2,0,0,0,16,61,6377409,0,35,1,116,14316,2293733,24014,0,1,195079,141155,58615,59518,23868,13543,23930,13197,58,1086,1086,33,42857,20748,22644442,2231,76,425,2824,4338627,4338531,102,118,74,89,164,6377207,4116693,93,125,3162,329,1401,0,86,0,911,8096659,2890,0,464,8,1,4,255,16,4,259,8,2,1,10
200.037,1625075482963,50.010434999,1,0,0,5,10,4,5,96,2,0,0,0,4,104,6190886,0,36,1,116,8625,2113812,23316,0,1,195378,141359,58574,59247,23828,13921,23879,13733,58,1091,1091,33,42868,20726,21541067,2241,75,425,2824,4332286,4332188,102,118,74,86,164,6190735,4110172,93,125,3172,329,1406,0,86,0,906,7746733,2810,0,459,8,1,4,270,16,4,274,8,2,1,10
250.046,1625075539950,50.008677502,1,0,0,5,10,4,5,101,2,0,0,0,56,62,6329729,0,51,1,116,12817,2257085,24255,0,1,196133,142098,61269,61935,24381,13996,24391,13481,58,1142,1143,64,44235,21124,22423445,2280,81,428,2826,4331351,4331240,102,118,81,98,174,6329377,4106192,95,132,3233,333,1433,11,95,2,956,7968354,3094,0,505,8,1,4,277,16,4,281,8,2,1,10
300.055,1625075596840,50.008715097,1,0,0,5,10,4,5,87,2,0,0,0,38,68,6288656,0,59,1,116,22928,2235299,24149,0,1,192340,139183,55972,56552,20700,11341,20714,11370,58,1099,1099,37,37789,17656,22214478,2248,74,426,2820,4304709,4304601,102,118,73,87,164,6288267,4087816,94,125,3036,323,1170,0,86,0,926,7907163,2998,0,460,8,1,4,234,13,4,238,8,2,1,10
350.064,1625075653303,50.009075357,1,0,0,5,10,4,5,76,2,0,0,0,28,85,6312343,0,92,1,116,19386,2240397,25239,0,1,192917,139578,56053,56931,20693,11344,20789,11149,58,1104,1104,37,37835,17682,22292174,2259,74,431,2820,4318819,4318723,102,118,73,87,164,6312180,4101641,94,125,3080,323,1169,0,86,0,932,7906902,3037,0,487,8,1,4,229,13,4,233,8,2,1,10
400.075,1625075709821,50.010644748,1,0,0,5,10,4,5,90,2,0,0,0,43,84,6288750,0,78,1,116,23699,2229403,24794,0,1,192449,139175,55032,55861,20697,11439,20737,10992,58,1095,1095,33,37308,17674,22201522,2249,77,427,2820,4307671,4307572,102,118,75,87,164,6288670,4092403,93,127,3054,323,1164,0,87,0,922,7915090,3092,0,473,7,1,4,240,13,4,244,7,2,1,9
450.086,1625075766695,50.010796942,1,0,0,5,10,4,5,112,2,0,0,0,10,76,6400413,0,74,1,116,13883,2353235,24468,0,1,194952,141108,58465,58704,23871,13643,21348,10897,58,1091,1091,33,42488,20759,22949932,2241,79,426,2824,4301669,4301574,102,118,77,88,165,6400230,4080349,93,128,3197,326,1379,0,89,0,915,8106388,2946,0,478,6,1,4,229,13,4,233,2,2,1,6
500.096,1625075823461,50.009750712,1,0,0,5,10,4,5,89,2,0,0,0,4,57,6227363,0,27,1,116,23679,2159908,22604,0,1,194778,140894,58465,59256,23838,13605,23894,13386,58,1086,1086,33,42808,20736,21835088,2231,75,424,5383,4323495,4323404,102,117,74,86,164,6226805,4099398,93,125,3149,325,1394,0,86,0,917,7833280,2808,0,471,6,1,4,272,16,4,276,2,2,1,6
550.105,1625075880323,50.009402473,1,0,0,5,10,4,5,101,2,0,0,0,2,48,6235365,0,29,1,116,14816,2206469,22693,0,1,194645,140861,58703,59499,23789,14336,23996,13922,58,1117,1118,53,43125,20732,22015363,2252,79,423,2824,4286777,4286671,102,118,77,90,166,6235223,4063947,91,127,3187,330,1424,7,91,2,935,7812856,2835,0,464,6,1,4,266,16,4,270,2,2,1,6
600.115,1625075937079,50.009608154,1,0,0,5,10,4,5,76,2,0,0,0,0,69,6252380,0,28,1,116,15022,2206139,23490,0,1,193817,139925,59110,60326,23195,13266,24026,13544,58,1101,1101,37,42559,20031,22062845,2253,81,429,2821,4301530,4301432,102,118,79,93,172,6252283,4078750,94,131,3161,329,1387,0,92,0,929,7890927,2764,0,464,6,1,4,267,16,4,271,2,2,1,6
650.126,1625075994149,50.010570047,1,0,0,5,10,4,5,77,2,0,0,0,24,62,6294046,0,26,1,116,11883,2267705,23505,0,1,192401,139194,55876,56647,20720,11338,20795,10741,58,1097,1097,37,37849,17699,22347971,2245,74,425,2820,4277079,4276986,102,118,73,88,164,6293936,4060220,94,125,3000,323,1167,0,86,0,921,8019353,2776,0,459,6,1,4,256,13,4,260,2,2,1,5
700.135,1625076050956,50.009118647,1,0,0,5,10,4,5,86,2,0,0,0,30,66,6230819,0,26,1,116,14863,2183946,23015,0,1,192758,139349,54457,55222,20542,11145,20582,10866,58,1092,1092,33,37107,17561,21892897,2242,71,426,2820,4297093,4296983,102,118,71,83,160,6230598,4081354,93,123,2997,323,1163,0,83,0,914,7958154,2798,0,449,8,1,4,251,13,4,255,8,2,1,10
750.148,1625076107609,50.013088572,1,0,0,5,10,4,5,82,2,0,0,0,24,54,6186926,0,26,1,116,13331,2138426,23127,0,1,193319,139899,55608,55873,21228,11210,20616,10898,58,1091,1091,33,38102,18257,21644351,2241,73,426,2824,4298785,4298692,102,118,72,83,160,6186618,4081808,93,123,3012,327,1195,0,84,0,914,7886101,2761,0,448,4,1,4,244,13,4,248,2,2,1,4
800.159,1625076164667,50.010556045,1,0,0,5,10,4,5,106,2,0,0,0,14,60,6241435,0,35,1,116,11404,2222997,23494,0,1,195052,141139,59702,60343,24194,13898,24199,13355,58,1134,1135,60,43468,21011,22100847,2273,80,425,2826,4274498,4274393,102,118,79,93,170,6241276,4051569,94,130,3207,333,1427,11,93,2,946,7878686,2870,0,484,6,1,4,260,16,4,264,2,2,1,6
850.17,1625076221726,50.010818329,1,0,0,5,10,4,5,89,2,0,0,0,12,48,6286542,0,26,1,116,6317,2205877,24609,0,1,195009,141076,58477,59378,23819,13858,23876,13670,58,1089,1089,33,42889,20737,22133842,2237,76,429,2824,4335191,4335099,102,118,74,86,164,6286426,4113477,93,125,3158,329,1398,0,86,0,907,7919645,2786,0,467,6,1,4,268,16,4,272,2,2,1,6
900.179,1625076278919,50.009295012,1,0,0,5,10,4,5,76,2,0,0,0,8,57,6097421,0,27,1,116,21401,2045964,22689,0,1,193783,139888,58360,59176,22704,12662,23843,13135,58,1100,1100,37,41983,19599,21122003,2251,75,425,2819,4304737,4304627,102,118,75,89,168,6097016,4082502,94,127,3158,325,1387,0,88,0,918,7627033,2787,0,485,6,1,4,276,16,4,280,2,2,1,6
950.188,1625076336263,50.008656777,1,0,0,5,10,4,5,73,2,0,0,0,2,36,6288294,0,26,1,116,14615,2227219,22182,0,1,192846,139475,55903,56605,20697,11590,20729,11402,58,1102,1102,37,37776,17690,22184471,2255,73,425,2820,4311941,4311835,102,117,73,86,164,6287902,4093744,94,125,3009,323,1168,0,86,0,926,7997614,2794,0,455,6,1,4,257,13,4,261,2,2,1,5
1000.2,1625076393290,50.010196731,1,0,0,5,10,4,5,72,2,0,0,0,12,81,6070761,0,26,1,116,15844,2009254,21683,0,1,192700,139399,55936,56551,20660,11559,20670,11056,58,1099,1099,37,37794,17658,20863232,2249,73,424,2820,4311762,4311661,102,118,73,86,164,6070573,4093872,94,125,3003,323,1166,0,87,0,923,7549316,2768,0,443,8,1,4,247,13,4,251,8,2,1,10
1050.21,1625076450585,50.011531227,1,0,0,5,10,4,5,102,2,0,0,0,28,43,6310839,0,32,1,116,7643,2246003,24934,0,1,195391,141458,59862,60638,24209,14275,24257,13953,58,1138,1139,60,43442,20996,22333683,2280,79,425,2828,4321451,4321343,102,118,79,92,170,6310511,4098357,94,130,3216,340,1440,11,92,2,949,7981264,2955,0,499,4,1,4,258,16,4,262,2,2,1,4
1100.22,1625076507631,50.009008972,1,0,0,5,10,4,5,88,2,0,0,0,14,53,6315593,0,26,1,116,10507,2274282,24191,0,1,194943,141058,58613,59460,23841,13828,23901,13575,58,1089,1089,33,42896,20754,22459458,2237,77,424,2825,4296755,4296650,102,118,74,88,164,6315363,4074820,93,125,3161,332,1408,0,87,0,915,8002190,2832,0,476,6,1,4,269,16,4,273,2,2,1,6
1150.23,1625076564484,50.011867191,1,0,0,5,10,4,5,92,2,0,0,0,37,83,6133303,0,28,1,116,17191,2072092,22493,0,1,194617,140873,58964,59807,23935,14461,23995,14080,58,1088,1088,33,43072,20817,21288800,2235,79,428,5384,4318860,4318741,102,118,78,90,168,6132905,4094295,93,129,3157,329,1401,0,90,0,913,7656561,2906,0,480,6,1,4,251,16,4,255,2,2,1,6
1200.24,1625076620569,50.009067373,1,0,0,5,10,4,5,85,2,0,0,0,38,81,6347976,0,32,1,116,20319,2291877,23368,0,1,191406,138501,55786,56355,22769,13385,20708,11056,58,1087,1087,37,37875,19753,22555937,2225,74,422,2818,4305381,4305287,102,118,73,86,164,6347832,4089366,94,125,2982,316,1160,0,86,0,913,8050839,2860,0,476,6,1,4,250,13,4,254,2,2,1,6
1250.26,1625076677247,50.021275613,1,0,0,5,10,4,5,68,2,0,0,0,38,70,6311908,0,37,1,116,12322,2221813,23339,0,1,193323,139877,56375,57148,20808,11465,20782,11213,58,1098,1098,37,38099,17777,22195568,2247,75,427,2831,4342894,4342783,102,118,74,87,164,6311712,4124400,94,125,3018,323,1176,0,87,0,917,7958564,2902,0,460,6,1,4,238,13,4,242,2,2,1,6
1300.27,1625076734032,50.009285184,1,0,0,5,10,4,5,77,2,0,0,0,60,55,6396198,0,25,1,116,26001,2332212,23259,0,1,192371,139258,56408,57156,20849,11217,20907,10866,58,1094,1094,37,38129,17785,22829388,2239,79,425,2820,4315338,4315240,102,118,77,90,168,6395998,4097855,94,129,2998,323,1170,0,90,0,919,8139774,2943,0,477,6,1,4,238,13,4,242,2,2,1,6
1350.28,1625076790662,50.010666582,1,0,0,5,10,4,5,91,2,0,0,0,2,59,5863531,0,28,1,116,8175,1815192,23326,0,1,193979,140344,59021,59776,23994,14367,24046,13827,58,1083,1083,33,43144,20841,19733011,2225,80,421,2825,4300403,4300305,102,117,78,92,168,5863420,4078643,93,129,3153,332,1407,0,92,0,908,7192850,2770,0,455,7,1,4,268,16,4,272,7,2,1,9
1400.29,1625076847644,50.010639633,1,0,0,5,10,4,5,96,2,0,0,0,10,110,6256672,0,40,1,116,12797,2188591,23908,0,1,195176,141224,59535,60341,24139,14340,24198,14047,58,1089,1089,33,43321,20922,22021061,2237,84,428,2825,4320827,4320725,102,118,82,94,172,6256535,4097884,93,133,3172,332,1400,0,94,0,910,7885329,2845,0,465,7,1,4,264,16,4,268,7,2,1,9
1450.3,1625076904508,50.009454377,1,0,0,5,10,4,5,97,2,0,0,0,2,83,5942774,0,36,1,116,21907,1897690,22392,0,1,194903,141017,59070,59947,23984,13549,24044,13418,58,1090,1090,33,43098,20822,20225658,2238,80,423,2824,4296422,4296329,102,118,78,90,168,5942563,4073853,93,129,3174,329,1406,0,91,0,910,7319852,2813,0,463,8,1,4,269,16,4,273,8,2,1,10
1500.31,1625076961293,50.010968929,1,0,0,5,10,4,5,67,2,0,0,0,28,72,6224841,0,27,1,116,16116,2169130,23616,0,1,193001,139647,55850,56813,20703,11056,20805,10678,58,1098,1098,37,37879,17693,21847462,2244,74,426,2818,4305485,4305397,102,118,73,88,164,6224750,4087719,94,125,2997,316,1168,0,86,0,919,7860425,2855,0,462,8,1,4,231,13,4,235,8,2,1,10
1550.32,1625077018200,50.010707613,1,0,0,5,10,4,5,94,2,0,0,0,4,90,6229867,0,28,1,116,16640,2219680,23811,0,1,192238,139082,57705,58524,21107,11536,21170,11276,58,1095,1095,37,38607,17951,22040188,2241,83,423,2819,4261559,4261455,102,118,81,96,175,6229645,4043044,96,134,2999,322,1169,0,95,0,919,7921610,2757,0,438,8,1,4,239,13,4,243,8,2,1,10
1600.33,1625077074518,50.010737980,1,0,0,5,10,4,5,75,2,0,0,0,36,71,6047006,0,32,1,116,14255,1975880,22762,0,1,193165,139815,57217,58037,21042,11377,21128,11119,58,1141,1142,64,38459,17935,20729873,2279,79,426,2822,4321864,4321765,102,118,78,91,170,6046877,4102273,95,130,3044,328,1195,11,91,2,954,7539464,2891,0,463,8,1,4,243,13,4,247,8,2,1,10
1650.34,1625077131151,50.009066672,1,0,0,5,10,4,5,95,2,0,0,0,30,92,6355460,0,26,1,116,11302,2268390,23357,0,1,193962,140394,58662,59484,23840,13985,23894,13922,58,1084,1084,33,42905,20724,22500156,2226,75,427,2825,4340119,4340024,102,118,74,87,164,6355251,4118864,94,126,3150,332,1400,0,87,0,913,8015527,2887,0,472,8,1,4,261,16,4,265,8,2,1,10
1700.35,1625077187707,50.009278022,1,0,0,5,10,4,5,86,2,0,0,0,6,68,6162862,0,26,1,116,8728,2123330,22727,0,1,194954,141053,58661,59478,23839,13857,23898,13670,58,1088,1088,33,42922,20761,21552855,2234,75,424,2825,4293606,4293512,102,118,74,88,164,6162638,4071110,93,125,3157,332,1401,0,86,0,911,7740871,2845,0,485,8,1,4,262,16,4,266,8,2,1,10
1750.36,1625077244181,50.009971050,1,0,0,5,10,4,5,89,2,0,0,0,2,56,6246507,0,27,1,116,6005,2200852,23739,0,1,193716,140140,58556,58990,23817,13796,23806,13544,58,1083,1083,33,42873,20728,21995879,2225,75,421,2824,4296419,4296310,102,117,74,88,164,6246113,4075339,93,125,3148,329,1398,0,87,0,911,7869118,2819,0,463,8,1,4,264,16,4,268,8,2,1,10
1800.37,1625077301361,50.009894536,1,0,0,5,10,4,5,74,2,0,0,0,34,79,6001201,0,26,1,116,11103,1991860,22865,0,1,193870,139988,58380,59667,22675,12601,23893,13135,58,1097,1097,37,42069,19555,20686445,2244,77,425,2819,4263035,4262938,102,119,75,91,168,6001125,4041270,94,127,3151,325,1385,0,89,0,919,7498115,2939,0,501,8,1,4,265,16,4,269,8,2,1,10
1850.38,1625077358058,50.009143869,1,0,0,5,10,4,5,73,2,0,0,0,32,80,6356241,0,32,1,116,16067,2313041,23538,0,1,192066,139012,57066,58023,21063,11314,21156,11024,58,1139,1140,64,38491,17969,22670807,2275,79,424,2821,4293040,4292939,102,118,78,93,170,6356055,4075221,95,130,3038,324,1196,11,91,2,965,8114422,2903,0,471,8,1,4,246,13,4,250,8,2,1,10
1900.39,1625077414535,50.010752369,1,0,0,5,10,4,5,64,2,0,0,0,18,86,6309587,0,26,1,116,9353,2228992,23149,0,1,191708,138714,55944,56855,20759,11212,20833,10898,58,1093,1093,37,37941,17695,22230973,2235,75,422,2820,4328736,4328642,102,118,73,87,164,6309400,4111924,94,125,2992,323,1168,0,87,0,917,7997987,2826,0,463,8,1,4,241,13,4,245,8,2,1,10
1950.4,1625077471332,50.011485940,1,0,0,5,10,4,5,104,2,0,0,0,22,67,6326922,0,26,1,116,13810,2262771,23792,0,1,193950,140620,55929,56242,21651,12248,20699,11245,58,1091,1091,33,38546,18656,22383240,2238,73,425,2824,4315223,4315126,102,119,72,83,160,6326507,4097828,93,123,3011,327,1182,0,84,0,910,8054044,2872,0,447,8,1,4,238,14,4,242,8,2,1,10
2000.41,1625077527912,50.009045693,1,0,0,5,10,4,5,86,2,0,0,0,38,53,6407477,0,32,1,116,10557,2372927,24929,0,1,194108,140503,58586,59414,23810,14047,23887,13670,58,1083,1083,33,42944,20739,23026086,2224,76,423,2825,4288556,4288457,102,118,74,87,164,6407286,4067719,93,125,3153,332,1402,0,87,0,907,8172171,2985,0,491,8,1,4,264,16,4,268,8,2,1,10
2050.42,1625077584609,50.008654787,1,0,0,5,10,4,5,91,2,0,0,0,52,87,6075339,0,27,1,116,17286,2017649,22567,0,1,194732,140968,58983,59521,23991,13862,24020,13638,58,1085,1085,32,43109,20822,20936182,2231,79,424,2824,4312597,4312486,102,119,78,91,168,6074893,4090710,93,129,3153,329,1399,0,90,0,909,7537126,2978,0,493,8,1,4,266,16,4,270,8,2,1,10
2100.43,1625077641630,50.012116189,1,0,0,5,10,4,5,91,2,0,0,0,60,57,6440241,0,26,1,116,5139,2374031,23656,0,1,195543,141627,59050,60315,23908,13671,24085,13575,58,1099,1099,37,43207,20763,23109161,2249,79,426,2825,4320724,4320622,102,118,77,93,168,6440053,4097534,92,129,3177,333,1409,0,89,0,918,8214521,3045,0,502,8,1,4,256,16,4,260,8,2,1,10
2150.44,1625077697944,50.012569161,1,0,0,5,10,4,5,77,2,0,0,0,18,66,6096047,0,30,1,116,16013,2049205,23546,0,1,192430,139148,56425,57612,20803,11433,23359,13512,58,1090,1090,37,38232,17744,21126964,2227,74,423,2819,4295401,4295302,102,118,74,88,167,6095887,4077769,94,126,2999,323,1182,0,88,0,917,7642098,2917,0,466,8,1,4,265,16,4,269,8,2,1,10
2200.45,1625077754953,50.009296526,1,0,0,5,10,4,5,73,2,0,0,0,36,56,6198774,0,25,1,116,7892,2130023,22849,0,1,192958,139620,55945,56794,20692,11118,20774,10992,58,1095,1095,37,37900,17684,21594294,2240,74,430,2820,4321014,4320920,102,118,73,89,164,6198569,4103551,94,125,2994,323,1165,0,87,0,921,7741715,2937,0,462,8,1,4,240,13,4,244,8,2,1,10
2250.46,1625077811779,50.010781835,1,0,0,5,10,4,5,67,2,0,0,0,12,60,6249064,0,85,1,116,7825,2174101,23515,0,1,192253,138967,54451,55455,20528,11055,20603,10803,58,1091,1091,33,37095,17568,21883895,2239,72,425,2819,4324894,4324809,102,118,71,85,160,6248936,4109561,93,123,3006,367,1167,0,83,0,911,7903763,2832,0,453,8,1,4,241,13,4,245,8,2,1,10
2300.47,1625077868751,50.010506378,1,0,0,5,10,4,5,86,2,0,0,0,43,84,6311167,0,31,1,116,13515,2224126,24441,0,1,194883,141065,58605,59419,23835,14015,23894,13859,58,1088,1088,33,42933,20738,22245788,2234,76,425,5385,4342184,4342089,102,117,74,86,164,6310955,4118124,93,125,3157,338,1400,0,86,0,906,7975197,3000,0,491,8,1,4,265,16,4,269,8,2,1,10
2350.48,1625077925903,50.009132866,1,0,0,5,10,4,5,85,2,0,0,0,2,82,6312444,0,31,1,116,9921,2250295,23693,0,1,194763,140916,58521,59292,23846,13386,23896,13008,58,1085,1085,33,42911,20726,22332394,2228,76,423,2824,4317042,4316948,102,118,74,86,164,6312234,4095298,93,125,3153,330,1409,0,86,0,910,7999844,2906,0,474,8,1,4,280,16,4,284,8,2,1,10
2400.49,1625077982798,50.009903358,1,0,0,5,10,4,5,92,2,0,0,0,8,76,6253672,0,34,1,118,9311,2197524,23881,0,1,194294,140631,59771,60896,24182,13895,24309,13543,59,1133,1134,60,43522,21000,22027886,2271,81,423,2827,4312401,4312307,104,120,79,95,170,6253439,4089794,94,130,3200,337,1435,11,92,2,940,7892211,2854,0,465,7,1,4,254,16,4,258,7,2,1,9
2450.5,1625078039970,50.011044381,1,0,0,5,10,4,5,76,2,0,0,0,1,69,6372529,0,34,1,118,13542,2293331,24065,0,1,191203,138336,56327,56448,20839,11060,20857,10803,59,1092,1092,37,38082,17780,22625803,2234,78,424,2819,4326271,4326161,104,120,77,91,168,6371853,4109857,94,129,2991,326,1173,0,91,0,918,8118733,2816,0,464,8,1,4,235,13,4,239,8,2,1,10
2500.74,1625078097399,50.240181238,1,0,0,5,10,4,5,81,2,0,0,0,20,82,6337989,0,26,1,116,11638,2253616,23914,0,1,193897,140298,57655,58889,21149,11437,21432,11244,58,1105,1105,37,38732,18053,22400994,2261,78,427,2845,4336867,4336768,102,118,78,94,171,6337621,4117322,97,131,3015,323,1173,0,91,0,927,8038813,2862,0,448,8,1,4,256,13,4,260,8,2,1,10
2550.75,1625078154645,50.010467868,1,0,0,5,10,4,5,96,2,0,0,0,2,62,6365967,0,26,1,116,13371,2297061,24686,0,1,195403,141493,60121,60850,24022,14145,24096,13795,58,1099,1099,37,43677,20863,22667073,2247,76,424,2826,4325416,4325319,102,118,76,90,168,6365763,4101127,94,127,3175,337,1414,0,90,0,921,8052068,2923,0,483,8,1,4,271,16,4,275,8,2,1,10
2600.76,1625078211603,50.010603654,1,0,0,5,10,4,5,85,2,0,0,0,4,57,6066261,0,25,1,118,13492,2009123,22957,0,1,194281,140557,58584,59226,23899,14078,23932,13701,59,1085,1085,33,42886,20815,20925377,2229,75,422,2825,4309715,4309622,104,120,74,86,164,6066079,4088024,93,125,3154,332,1410,0,86,0,909,7589579,2814,0,480,8,1,4,273,16,4,277,8,2,1,10
2650.77,1625078268430,50.010471575,1,0,0,5,10,4,5,101,2,0,0,0,1,63,6183929,0,35,1,116,18727,2106180,22126,0,1,195536,141468,59800,60627,24255,13485,24312,13197,58,1131,1132,60,43479,21081,21553770,2267,81,425,2827,4334175,4334068,102,118,79,91,170,6183801,4110496,94,130,3203,336,1429,11,91,2,942,7699097,2931,0,476,8,1,4,269,16,4,273,8,2,1,10
2700.78,1625078325490,50.009206849,1,0,0,5,10,4,5,79,2,0,0,0,4,76,6231361,0,26,1,116,16377,2158623,23425,0,1,192483,139096,54392,55248,20560,10988,20614,10740,58,1092,1092,33,37124,17583,21783105,2243,73,429,2818,4322129,4322036,102,118,71,84,160,6231162,4106693,93,123,2996,316,1164,0,84,0,910,7849613,2799,0,442,8,1,4,245,13,4,249,8,2,1,10
2750.79,1625078382421,50.009833075,1,0,0,5,10,4,5,83,2,0,0,0,58,65,6273255,0,27,1,116,6277,2179721,23567,0,1,192840,139575,55905,56669,20695,11464,20760,11024,58,1098,1098,37,37848,17686,21967919,2247,74,427,2819,4343077,4342982,102,118,73,87,164,6273063,4125580,94,125,3003,320,1166,0,87,0,921,7901009,2973,0,461,8,1,4,244,13,4,248,8,2,1,10
2800.8,1625078438994,50.009127417,1,0,0,5,10,4,5,77,2,0,0,0,0,46,6202998,0,26,1,116,4884,2094599,22428,0,1,192331,139116,55900,56712,20703,10991,20767,10678,58,1097,1097,37,37861,17691,21483446,2243,74,423,2819,4358118,4358022,102,118,73,86,164,6202800,4140899,94,125,2994,320,1163,0,86,0,914,7781108,2833,0,433,8,1,4,249,13,4,253,8,2,1,10
2850.81,1625078496086,50.009229376,1,0,0,5,10,4,5,86,2,0,0,0,6,72,6208077,0,27,1,116,12305,2140628,22745,0,1,195602,141636,60211,61030,23994,14018,24067,13827,58,1100,1100,37,43658,20866,21706324,2249,77,425,2826,4325728,4325623,102,119,76,89,168,6207804,4101090,94,127,3178,336,1408,0,89,0,919,7779363,2924,0,464,8,1,4,279,16,4,283,8,2,1,10
2900.82,1625078553512,50.008554682,1,0,0,5,10,4,5,104,2,0,0,0,50,79,6112748,0,33,1,116,6161,2034049,23715,0,1,196004,142008,61263,61816,24377,13709,24377,13418,58,1142,1143,64,44138,21126,21092316,2281,82,426,2827,4337754,4337641,102,118,81,94,174,6112378,4112405,95,132,3217,336,1436,11,94,2,946,7598133,2984,0,485,8,1,4,276,16,4,280,8,2,1,10
2950.83,1625078609989,50.009181045,1,0,0,5,10,4,5,85,2,0,0,0,60,79,6264577,0,27,1,118,15831,2203477,24121,0,1,193323,139965,58566,59494,23854,13387,23936,13103,59,1080,1080,33,42912,20748,22094637,2219,76,422,2825,4310765,4310671,104,120,74,91,164,6264448,4091047,93,125,3140,333,1399,0,88,0,909,7892720,3026,0,500,8,1,4,265,16,4,269,8,2,1,10
3000.84,1625078667230,50.010440989,1,0,0,5,10,4,5,69,2,0,0,0,28,66,6232156,0,28,1,116,22081,2145546,23624,0,1,190994,138074,54280,54925,20516,11241,20538,11024,58,1079,1079,33,37091,17563,21769636,2217,72,427,2818,4327806,4327716,102,118,71,84,160,6231823,4114072,93,123,2970,316,1157,0,84,0,908,7938212,2803,0,450,8,1,4,233,13,4,237,8,2,1,10
3050.85,1625078723829,50.009134773,1,0,0,5,10,4,5,67,2,0,0,0,4,66,6231040,0,26,1,116,15972,2147059,23249,0,1,192103,138850,54487,55284,22541,13571,20567,11245,58,1088,1088,33,37252,19586,21784752,2234,73,423,2819,4328769,4328674,102,119,71,83,160,6230841,4113404,93,123,2988,320,1160,0,83,0,914,7896475,2772,0,438,8,1,4,255,13,4,259,8,2,1,10
3100.86,1625078780739,50.008553009,1,0,0,5,10,4,5,81,2,0,0,0,18,85,6216681,0,26,1,116,21451,2148311,23190,0,1,191591,139084,58881,59029,23579,13701,21191,11245,58,1079,1079,37,41889,20423,21777318,2209,76,417,2825,4318837,4318727,102,118,75,86,165,6216250,4100044,94,126,2983,328,1191,0,88,0,909,7852247,2809,0,449,8,1,4,252,14,4,256,8,2,1,10
3150.87,1625078837893,50.008780437,1,0,0,5,10,4,5,89,2,0,0,0,16,58,6195222,0,26,1,116,11624,2101147,24311,0,1,194430,140815,60569,61172,24122,13990,24138,13607,58,1089,1089,37,43854,20919,21533756,2229,81,422,2825,4350157,4350051,102,118,80,93,172,6194893,4126740,94,131,3159,333,1412,0,93,0,915,7742754,2857,0,492,8,1,4,279,16,4,283,8,2,1,10
3200.88,1625078894747,50.011768101,1,0,0,5,10,4,5,109,2,0,0,0,52,81,6236344,0,34,1,116,20385,2140221,23164,0,1,195962,141985,61275,62221,24392,14088,24476,13796,58,1143,1144,64,44268,21126,21795733,2283,83,427,2827,4355507,4355410,102,118,82,95,174,6236128,4130348,95,132,3212,336,1430,11,95,2,950,7800950,3044,0,511,8,1,4,264,16,4,268,8,2,1,10
3250.89,1625078951609,50.009496219,1,0,0,5,10,4,5,76,2,0,0,0,0,47,6094985,0,28,1,116,11370,2007585,22266,0,1,193749,139739,56792,58019,21409,12255,23681,14142,58,1095,1095,33,40235,18338,20946497,2248,79,428,2819,4340119,4340020,102,118,77,90,168,6094836,4120843,93,129,3154,324,1378,0,90,0,911,7597819,2840,0,474,8,1,4,261,16,4,265,8,2,1,10
3300.9,1625079008803,50.010600634,1,0,0,5,10,4,5,68,2,0,0,0,18,65,6197730,0,30,1,116,5163,2126510,22317,0,1,192815,139386,54935,55788,20683,11181,20731,11087,58,1094,1094,33,37360,17670,21583341,2246,77,426,2819,4320577,4320480,102,118,75,88,164,6197611,4104787,93,127,3006,319,1171,0,87,0,912,7811006,2832,0,466,7,1,4,242,13,4,246,7,2,1,9
3350.91,1625079065993,50.011259055,1,0,0,5,10,4,5,85,2,0,0,0,20,48,6436487,0,26,1,116,8030,2348382,23327,0,1,193402,140260,56694,57075,23074,13130,20951,11024,58,1084,1084,33,40035,20055,22959312,2227,73,423,2824,4339325,4339236,102,118,72,83,160,6436422,4121419,93,123,2994,324,1183,0,84,0,912,8167432,2823,0,463,8,1,4,242,14,4,246,8,2,1,10
3400.92,1625079122605,50.010194294,1,0,0,5,10,4,5,98,2,0,0,0,50,56,6527437,0,29,1,116,15532,2481361,24534,0,1,195488,141642,60581,61157,24206,12826,24187,12694,58,1097,1097,37,43835,20957,23714239,2245,81,426,2825,4300635,4300527,102,118,80,93,172,6527102,4076680,94,131,3173,333,1409,0,93,0,922,8332032,3078,0,502,8,1,4,266,16,4,270,8,2,1,10
3450.93,1625079179929,50.008742334,1,0,0,5,10,4,5,115,2,0,0,0,30,79,6319976,0,32,1,116,20343,2283705,24288,0,1,195863,141884,61354,61924,24416,14309,24415,13984,58,1143,1144,64,44232,21118,22506932,2283,82,426,2827,4296026,4295914,102,118,81,94,174,6319561,4070470,95,132,3218,337,1437,11,94,2,955,7981738,3076,0,494,8,1,4,262,16,4,266,8,2,1,10
3500.94,1625079236657,50.008792991,1,0,0,5,10,4,5,86,2,0,0,0,36,73,6262348,0,27,1,116,16319,2213762,24390,0,1,194788,141100,60236,60891,24044,14178,24087,14047,58,1097,1097,37,43652,20859,22130423,2245,77,427,2826,4305223,4305118,102,118,76,92,168,6261955,4081926,94,127,3171,337,1408,0,92,0,920,7900314,3014,0,491,8,1,4,269,16,4,273,8,2,1,10
3550.95,1625079293638,50.010092652,1,0,0,5,10,4,5,66,2,0,0,0,27,37,6358306,0,27,1,116,8696,2310681,22607,0,1,192899,139560,55863,56466,20701,11557,20717,11370,58,1096,1096,37,37845,17668,22638850,2243,74,425,2819,4299143,4299034,102,118,73,84,164,6357976,4081929,94,125,2994,319,1162,0,86,0,923,8089733,2829,0,463,8,1,4,231,13,4,235,8,2,1,10
3600.96,1625079350755,50.008638358,1,0,0,5,10,4,5,87,2,0,0,0,28,54,6273116,0,30,1,116,19079,2213592,22647,0,1,192501,139183,54912,55545,20679,11684,20658,11370,58,1092,1092,33,37329,17657,22095590,2243,76,425,2819,4309366,4309260,102,118,75,87,164,6272784,4093741,93,127,2995,320,1158,0,87,0,911,7905448,2893,0,476,7,1,4,255,13,4,259,7,2,1,9
3650.99,1625079407506,50.026189988,1,0,0,5,10,4,5,80,2,0,0,0,2,58,6213429,0,26,1,116,14972,2120108,22246,0,1,193669,140424,57342,57785,23369,13792,21024,11464,58,1087,1087,33,41152,20325,21633837,2231,75,423,2824,4344144,4344048,102,118,74,84,161,6212910,4125448,93,124,3001,324,1178,0,85,0,909,7754703,2761,0,425,4,1,4,249,14,4,253,2,2,1,4
3701,1625079463982,50.008699288,1,0,0,5,10,4,5,102,2,0,0,0,12,56,6265390,0,33,1,116,5684,2190829,23462,0,1,194737,140862,57802,58053,23772,13921,23779,13449,58,1131,1132,60,42630,20751,22027975,2265,76,424,2827,4326605,4326505,102,118,75,87,161,6265113,4105320,90,125,3203,336,1431,11,86,2,945,7861469,2940,0,461,6,1,4,265,16,4,269,2,2,1,5
3751.01,1625079520802,50.008656917,1,0,0,5,10,4,5,98,2,0,0,0,20,76,6261051,0,26,1,116,12715,2167355,23739,0,1,195521,141577,60064,60688,23973,14052,23998,13544,58,1099,1099,37,43668,20849,21937452,2249,76,429,2825,4349644,4349541,102,118,76,92,168,6260686,4125879,94,127,3173,333,1406,0,92,0,917,7862593,2928,0,460,8,1,4,259,16,4,263,8,2,1,10
3801.02,1625079577894,50.010631519,1,0,0,5,10,4,5,98,2,0,0,0,0,71,6217655,0,26,1,116,8758,2124330,24045,0,1,195279,141391,60174,61001,24020,14114,24062,13638,58,1098,1098,37,43658,20846,21688488,2247,78,423,2826,4347767,4347663,102,118,76,89,168,6217483,4123637,94,127,3172,336,1411,0,90,0,922,7766191,2847,0,461,8,1,4,255,16,4,259,8,2,1,10
3851.03,1625079634733,50.009194124,1,0,0,5,10,4,5,67,2,0,0,0,2,74,6329496,0,26,1,116,10528,2234515,23401,0,1,191797,138739,55868,56787,20687,11274,20788,10929,58,1093,1093,37,37884,17692,22296006,2237,76,421,5379,4347955,4347858,102,118,73,88,164,6329318,4128626,94,125,2989,319,1165,0,86,0,914,8008143,2757,0,434,8,1,4,237,13,4,241,8,2,1,10
3901.04,1625079691949,50.008507017,1,0,0,5,10,4,5,67,2,0,0,0,30,72,6229725,0,26,1,116,20053,2163668,23155,0,1,190737,137934,54407,54867,20489,11019,20487,10961,58,1081,1081,33,37130,17543,21819280,2221,72,421,2819,4313766,4313669,102,118,71,83,160,6229234,4099817,93,123,2971,319,1163,0,83,0,906,7853051,2836,0,476,8,1,4,243,13,4,247,8,2,1,10
3951.05,1625079748565,50.010476174,1,0,0,5,10,4,5,135,2,0,0,0,32,77,6433630,0,40,1,116,15512,2374589,23983,0,1,195226,141342,59610,60508,24144,13709,24217,13481,58,1089,1089,33,43385,20899,23099254,2237,83,425,2825,4315188,4315081,102,118,82,94,172,6433362,4092585,93,133,3180,332,1409,0,94,0,906,8204939,2989,0,461,8,1,4,258,16,4,262,8,2,1,10
4001.06,1625079805583,50.010659286,1,0,0,5,10,4,5,95,2,0,0,0,32,88,6339995,0,38,1,116,21313,2292764,23970,0,1,192267,139145,56948,58040,23541,13760,23735,13418,58,1105,1106,51,42220,20551,22547786,2233,72,420,2825,4298575,4298487,102,118,71,83,158,6339910,4080503,90,121,3172,334,1429,7,82,2,933,7940291,3051,0,499,8,1,4,249,16,4,253,8,2,1,10
4051.07,1625079862669,50.008937969,1,0,0,5,10,4,5,92,2,0,0,0,28,81,6332013,0,42,1,116,26171,2246236,23020,0,1,194929,141195,60162,60946,24013,13959,24081,13670,58,1093,1093,37,43698,20872,22388124,2237,77,428,2825,4342841,4342738,102,118,76,91,168,6331788,4119369,94,127,3177,333,1409,0,92,0,922,7951168,2966,0,487,8,1,4,262,16,4,266,8,2,1,10
4101.08,1625079919260,50.011021023,1,0,0,5,10,4,5,70,2,0,0,0,12,56,6224798,0,41,1,118,12972,2143242,23398,0,1,192997,139316,57475,58806,21275,11690,23780,13733,59,1095,1095,37,39669,18142,21741714,2241,80,423,2819,4335801,4335698,104,120,78,93,171,6224785,4115830,94,130,3158,328,1383,0,91,0,918,7786771,2868,0,484,8,1,4,268,16,4,272,8,2,1,10
4151.09,1625079976052,50.012058762,1,0,0,5,10,4,5,64,2,0,0,0,35,70,6267028,0,37,1,116,17745,2185083,23402,0,1,192918,139604,55859,56632,20670,10961,20748,10394,58,1097,1097,37,37892,17682,21976213,2243,74,426,2819,4332337,4332239,102,118,73,86,164,6266651,4115065,94,125,3006,319,1167,0,86,0,921,7892015,2931,0,454,4,1,4,249,13,4,253,2,2,1,4
4201.1,1625080033084,50.008989593,1,0,0,5,10,4,5,71,2,0,0,0,26,47,6431018,0,41,1,116,12154,2355966,22878,0,1,191496,138474,54873,55672,20661,10993,20726,10584,58,1086,1086,33,37341,17665,22996303,2230,77,423,2819,4320980,4320875,102,118,75,89,164,6430815,4106014,93,127,3001,319,1165,0,87,0,912,8189673,2871,0,433,6,1,4,246,13,4,250,2,2,1,6
4251.11,1625080089220,50.010538772,1,0,0,5,10,4,5,95,2,0,0,0,0,43,6150289,0,45,1,116,13257,2083472,23485,0,1,193854,140609,58476,58902,23637,13300,21499,11150,58,1131,1132,60,40833,20442,21367848,2267,83,423,2827,4320725,4320626,102,118,81,93,170,6150128,4100533,94,132,3053,331,1215,11,93,2,947,7669288,2846,0,423,6,1,4,245,14,4,249,2,2,1,6
4301.12,1625080145687,50.011706633,1,0,0,5,10,4,5,100,2,0,0,0,24,50,6343395,0,42,1,116,5693,2305831,24892,0,1,194945,141063,58684,59463,23819,14145,23878,13985,58,1089,1089,33,42910,20718,22612979,2237,74,430,2825,4292951,4292854,102,118,74,89,164,6343014,4071407,93,125,3177,333,1401,0,89,0,918,7937546,3007,0,475,6,1,4,262,16,4,266,2,2,1,5
4351.13,1625080202403,50.009283507,1,0,0,5,10,4,5,85,2,0,0,0,32,76,6318577,0,39,1,116,15312,2266714,23626,0,1,195454,141548,60095,60914,24030,13768,24106,13733,58,1099,1099,37,43712,20900,22456395,2248,78,425,2825,4309406,4309302,102,118,76,89,168,6318362,4085325,94,127,3190,333,1414,0,89,0,924,8008031,2986,0,471,8,1,4,267,16,4,271,8,2,1,10
4401.14,1625080259583,50.010715637,1,0,0,5,10,4,5,80,2,0,0,0,28,72,6250728,0,26,1,116,8591,2154568,24066,0,1,195578,141640,60041,60422,24008,14365,24005,14048,58,1100,1100,37,43607,20803,21859159,2251,77,426,2825,4350084,4349976,102,118,76,89,168,6250037,4125816,94,127,3176,333,1406,0,89,0,923,7861704,2878,0,487,8,1,4,266,16,4,270,8,2,1,10
4451.15,1625080316134,50.009298594,1,0,0,5,10,4,5,87,2,0,0,0,48,101,6274194,0,26,1,116,18406,2210695,23181,0,1,192631,139421,55873,56705,20711,11054,20773,10898,58,1096,1096,37,37866,17699,22088835,2243,74,425,2819,4312177,4312082,102,116,73,86,164,6274050,4095058,94,125,2994,319,1167,0,87,0,914,7999926,2934,0,463,4,1,4,250,13,4,254,2,2,1,4
4501.16,1625080372703,50.013765646,1,0,0,5,10,4,5,70,2,0,0,0,0,48,6250384,0,32,1,116,4124,2187107,24480,0,1,192485,139174,55749,56620,22909,13107,27042,16852,58,1132,1133,60,37903,19873,21971234,2268,77,425,2822,4311315,4311216,102,119,76,89,166,6250155,4093915,94,128,3032,324,1194,11,89,2,945,7855416,2784,0,450,6,1,4,245,13,4,249,2,2,1,6
4551.17,1625080429804,50.009128971,1,0,0,5,10,4,5,67,2,0,0,0,42,46,6285082,0,26,1,116,13491,2216676,23874,0,1,191823,138720,54444,55253,20519,10957,20638,10897,58,1086,1086,33,37119,17563,22140559,2231,73,429,2819,4315889,4315796,102,119,71,84,160,6284879,4101022,93,123,2988,319,1178,0,84,0,912,7980826,2837,0,459,6,1,4,250,13,4,254,2,2,1,6
4601.18,1625080486593,50.009126782,1,0,0,5,10,4,5,113,2,0,0,0,34,58,6289571,0,36,1,116,14000,2200279,23837,0,1,195340,141381,58657,59147,23853,13386,23913,13575,58,1093,1093,33,42908,20737,22108280,2245,76,426,2825,4344453,4344358,102,117,74,87,164,6289414,4122136,93,125,3178,333,1403,0,87,0,911,7851372,2945,0,472,6,1,4,269,16,4,273,2,2,1,6
4651.19,1625080543512,50.010647127,1,0,0,5,10,4,5,85,2,0,0,0,12,60,6168500,0,38,1,116,13839,2086047,22973,0,1,194189,140618,60108,60833,24050,14176,24112,13670,58,1091,1091,37,43663,20883,21420751,2232,78,421,2825,4338389,4338285,102,119,76,89,168,6168350,4114952,94,127,3171,333,1407,0,89,0,917,7627618,2856,0,478,6,1,4,276,16,4,280,2,2,1,6
4701.2,1625080600231,50.010552908,1,0,0,5,10,4,5,93,2,0,0,0,4,85,6231732,0,26,1,118,14052,2166788,23571,0,1,194395,140780,61773,62658,24371,13524,24448,13167,59,1090,1090,37,44405,21131,21893298,2230,85,421,2825,4318484,4318376,104,120,84,101,179,6231550,4094292,96,136,3157,335,1407,0,99,0,917,7808470,2845,0,477,6,1,4,280,16,4,284,2,2,1,6
4751.21,1625080657077,50.013229870,1,0,0,5,10,4,5,70,2,0,0,0,18,78,6110997,0,110,1,116,16564,2065530,23095,0,1,192733,139421,56401,57179,20839,11725,20895,11465,58,1095,1095,37,38090,17798,21187982,2241,78,426,2819,4297763,4297664,102,118,77,90,168,6110732,4079955,94,129,3020,392,1174,0,90,0,915,7605525,2832,0,455,6,1,4,240,13,4,244,2,2,1,6
4801.22,1625080714658,50.009151307,1,0,0,5,10,4,5,66,2,0,0,0,36,59,6224079,0,62,2,118,14684,2134603,22703,0,1,193058,139693,55936,56786,20734,12191,20812,11653,59,1097,1097,37,37820,17686,21672351,2245,75,427,2819,4341898,4341796,104,120,73,86,164,6223877,4124074,94,125,3009,349,1166,0,87,0,918,7796701,2887,0,482,8,1,4,241,13,4,245,8,2,1,10
4851.23,1625080772023,50.010534328,1,0,0,5,10,4,5,91,2,0,0,0,18,74,6175322,0,33,2,116,8345,2120221,23044,0,1,195232,141282,58662,59514,23855,13765,23906,13858,58,1092,1092,33,42899,20758,21546967,2243,76,426,2825,4309831,4309737,102,118,74,88,164,6175155,4087861,93,125,3165,339,1399,0,88,0,913,7729121,2927,0,473,8,1,4,271,16,4,275,8,2,1,10
4901.24,1625080828818,50.009322636,1,0,0,5,10,4,5,91,2,0,0,0,24,59,6430334,0,29,2,116,15282,2345164,24797,0,1,195023,141140,59132,59942,23996,13703,24024,13481,58,1090,1090,33,43102,20836,22986314,2239,80,424,2825,4339409,4339313,102,118,78,90,168,6430109,4117071,93,129,3164,332,1401,0,90,0,915,8166961,2965,0,481,8,1,4,264,16,4,268,8,2,1,10
4951.25,1625080885581,50.009182298,1,0,0,5,10,4,5,82,2,0,0,0,40,59,6225174,0,26,2,116,21673,2118165,24015,0,1,194451,140752,58671,59465,23845,14172,23901,14016,58,1088,1088,33,42894,20731,21687735,2235,76,424,2825,4359965,4359868,102,118,74,86,164,6224966,4138919,93,125,3160,333,1402,0,86,0,915,7829734,2957,0,494,8,1,4,262,16,4,266,8,2,1,10
5001.27,1625080942565,50.017512553,1,0,0,5,10,4,5,70,2,0,0,0,6,51,6208143,0,33,2,116,4444,2113429,22683,0,1,193230,139506,58559,59774,22447,12666,24000,13543,58,1096,1096,37,41831,19317,21586438,2243,80,423,2819,4347941,4347842,102,119,79,94,172,6207892,4126656,94,131,3156,331,1388,0,92,0,917,7785447,2813,0,479,8,1,4,269,16,4,273,8,2,1,10
5051.28,1625080998876,50.011711476,1,0,0,5,10,4,5,72,2,0,0,0,38,59,6214269,0,34,1,116,19344,2150295,23417,0,1,192052,138998,56916,57669,21049,11408,21071,10993,58,1135,1136,64,38465,17946,21742002,2266,79,424,2820,4314631,4314527,102,118,78,92,170,6213961,4097027,95,130,3024,320,1185,11,92,2,948,7759467,2957,0,465,8,1,4,246,13,4,250,8,2,1,10
5101.29,1625081056077,50.009657970,1,0,0,5,10,4,5,84,2,0,0,0,60,45,6311568,0,28,1,116,6824,2267276,24307,0,1,191866,138885,56306,57017,20875,12099,20906,11560,58,1092,1092,37,38077,17794,22373046,2234,78,428,2819,4295925,4295800,102,118,77,92,168,6311023,4079094,94,129,2987,319,1163,0,91,0,922,8011993,2975,0,472,8,1,4,250,13,4,254,8,2,1,10
5151.31,1625081113700,50.015198773,1,0,0,5,10,4,5,80,2,0,0,0,6,64,6375506,0,28,2,116,20961,2297221,23649,0,1,193455,139973,58585,59390,23876,14013,23916,13543,58,1082,1082,33,42873,20739,22680176,2223,76,421,2825,4332413,4332313,102,117,74,86,164,6375193,4111806,93,125,3145,332,1399,0,86,0,905,8104860,2857,0,473,8,1,4,269,16,4,273,8,2,1,10
5201.32,1625081170861,50.013321046,1,0,0,5,10,4,5,80,2,0,0,0,16,55,6328041,0,33,1,116,11480,2271432,24055,0,1,195174,141212,58655,59535,23891,14078,23957,13701,58,1094,1094,33,42897,20744,22472963,2246,76,425,5385,4315388,4315297,102,117,75,87,164,6327810,4090654,93,125,3185,332,1409,0,86,0,912,7974480,2906,0,473,8,1,4,268,16,4,272,8,2,1,10
5251.33,1625081228241,50.010677203,1,0,0,5,11,4,6,67,2,0,0,0,26,68,6235480,0,27,0,120,18166,2161233,22837,0,1,191054,138127,54462,55282,20557,11554,20623,11402,60,1086,1086,33,37094,17601,21818224,2231,73,422,2820,4320085,4319990,104,119,71,83,160,6235316,4105780,93,123,2985,323,1164,0,83,0,910,7874403,2794,0,460,8,1,4,251,13,4,255,8,2,1,10
5301.34,1625081285243,50.010132330,1,0,0,5,10,4,5,77,2,0,0,0,0,80,6353249,0,32,0,116,8169,2300811,23680,0,1,190592,137728,53128,53720,20320,11364,20327,11370,58,1126,1127,60,36641,17504,22569503,2257,68,421,2821,4297497,4297391,102,118,68,79,153,6352793,4084611,90,119,3016,323,1189,11,79,2,941,8113704,2814,0,424,8,1,4,237,13,4,241,8,2,1,10
5351.35,1625081342062,50.010106803,1,0,0,5,10,4,5,64,2,0,0,0,22,69,6377593,0,30,1,116,16998,2327251,23406,0,1,192724,139443,55863,56313,20696,11181,20762,10866,58,1099,1099,37,37847,17675,22766390,2249,75,429,2819,4300772,4300674,102,116,73,86,164,6377384,4083546,94,125,3007,320,1169,0,86,0,927,8105293,2891,0,457,8,1,4,244,13,4,248,8,2,1,10
5401.36,1625081398702,50.010755805,1,0,0,5,10,4,5,80,2,0,0,0,50,62,6414734,0,28,1,116,8157,2349007,24668,0,1,195168,141428,59341,59559,23888,13829,21353,11370,58,1092,1092,37,42931,20773,22930027,2233,76,426,2824,4322326,4322221,102,118,75,89,165,6414569,4099682,94,126,3151,326,1400,0,89,0,914,8187883,3001,0,460,8,1,4,250,13,4,254,8,2,1,10
5451.37,1625081455522,50.010553525,1,0,0,5,10,4,5,86,2,0,0,0,6,84,6168594,0,28,0,116,17183,2080751,23653,0,1,195774,141773,60494,61280,24106,13835,24185,13701,58,1100,1100,37,43804,20927,21414772,2251,82,425,2825,4346006,4345906,102,116,80,93,172,6168487,4121370,94,131,3174,333,1410,0,94,0,920,7685546,2870,0,481,8,1,4,268,16,4,272,8,2,1,10
5501.38,1625081512244,50.008681885,1,0,0,5,10,4,5,78,2,0,0,0,42,80,6349300,0,27,0,116,13898,2259467,23677,0,1,195197,141306,58626,59296,23838,13574,23872,13575,58,1091,1091,33,42877,20739,22463297,2241,75,427,2825,4343533,4343431,102,117,74,86,164,6348903,4121716,93,125,3165,333,1409,0,86,0,911,8065658,2977,0,482,8,1,4,270,16,4,274,8,2,1,10
5551.39,1625081569392,50.009570314,1,0,0,5,10,4,5,74,2,0,0,0,0,79,6105666,0,32,0,116,8797,2061772,24099,0,1,192906,139181,57592,58828,21914,12226,23926,13733,58,1134,1135,60,40914,18842,21179651,2272,79,423,2822,4295944,4295842,102,118,78,91,170,6105553,4076426,94,130,3190,332,1415,11,90,2,947,7662909,2832,0,474,8,1,4,272,16,4,276,8,2,1,10
5601.4,1625081626201,50.012386364,1,0,0,5,10,4,5,66,2,0,0,0,28,77,6457612,0,27,0,116,18457,2375588,23253,0,1,190848,137984,54418,54805,20532,11051,20553,10929,58,1081,1081,33,37067,17560,23116340,2221,72,426,2819,4328181,4328089,102,116,71,84,160,6457038,4114419,93,123,2981,320,1170,0,84,0,908,8294653,2780,0,439,8,1,4,228,13,4,232,8,2,1,10
5651.41,1625081682951,50.011976114,1,0,0,5,10,4,5,64,2,0,0,0,16,60,6302204,0,26,0,116,11232,2215663,23781,0,1,192939,139568,55855,56688,20699,11810,20764,11245,58,1097,1097,37,37857,17679,22162971,2245,75,426,5379,4340017,4339921,102,118,73,87,164,6301971,4120293,94,125,2997,320,1164,0,86,0,919,8004946,2846,0,453,8,1,4,238,13,4,242,8,2,1,10
5701.42,1625081740028,50.011244202,1,0,0,5,10,4,5,97,2,0,0,0,16,77,6417458,0,46,0,116,15893,2368630,24459,0,1,195278,141403,59987,60475,24034,13516,24049,13418,58,1092,1092,37,43586,20869,23022587,2234,77,425,2824,4305674,4305568,102,118,76,90,168,6416703,4081967,94,127,3176,329,1402,0,90,0,920,8149876,2961,0,466,8,1,4,262,16,4,266,8,2,1,10
5751.43,1625081797052,50.008582324,1,0,0,5,10,4,5,80,2,0,0,0,50,56,6388198,0,28,1,116,12534,2313232,25530,0,1,195742,141796,60017,60623,24009,14017,24013,13512,58,1098,1098,37,43596,20859,22730800,2246,76,427,2825,4329988,4329877,102,117,76,89,168,6387809,4106167,94,127,3171,332,1404,0,89,0,922,8071955,3090,0,500,8,1,4,261,16,4,265,8,2,1,10
5801.44,1625081854090,50.008649830,1,0,0,5,10,4,5,84,2,0,0,0,8,67,6006496,0,26,1,116,15924,1951335,23056,0,1,195427,141395,59077,59582,23980,13767,23993,13543,58,1092,1092,33,43067,20818,20580637,2242,79,425,2825,4307826,4307710,102,116,78,90,168,6006008,4084911,93,129,3170,332,1403,0,90,0,920,7477029,2852,0,467,8,1,4,252,16,4,256,8,2,1,10
5851.45,1625081911339,50.010729084,1,0,0,5,10,4,5,73,2,0,0,0,32,62,6326815,0,32,1,118,13774,2245397,23621,0,1,191264,138306,55046,55479,20719,11242,20728,11118,59,1127,1128,60,37410,17706,22325959,2259,73,423,2821,4330645,4330532,104,119,72,85,162,6326113,4115486,94,124,3017,323,1186,11,84,2,943,8004397,2904,0,479,8,1,4,246,13,4,250,8,2,1,10
5901.46,1625081968310,50.008632757,1,0,0,5,10,4,5,66,2,0,0,0,56,75,6415296,0,27,1,116,16295,2342697,23486,0,1,190987,138155,54488,54982,20543,11052,20548,10993,58,1087,1087,33,37085,17581,22881880,2233,72,423,2820,4320087,4319980,102,117,71,83,160,6414915,4106182,93,123,2988,323,1166,0,84,0,917,8204109,2932,0,464,8,1,4,232,13,4,236,8,2,1,10
5951.47,1625082024760,50.011991088,1,0,0,5,10,4,5,90,2,0,0,0,21,47,6377456,0,27,1,118,4884,2264506,23745,0,1,194676,141270,57472,57801,21814,12160,20932,11338,59,1102,1102,37,39295,18761,22512041,2255,76,425,2824,4365796,4365696,104,119,74,87,164,6377216,4146399,94,125,3028,328,1193,0,89,0,924,8078691,2869,0,472,8,1,4,247,14,4,251,8,2,1,10
6001.48,1625082082000,50.009175127,1,0,0,5,10,4,5,91,2,0,0,0,2,50,6360987,0,29,1,116,4941,2265248,23860,0,1,195788,141746,60119,61007,24033,14018,24102,13512,58,1101,1101,37,43632,20869,22517907,2253,78,425,2825,4353446,4353342,102,117,76,90,168,6360805,4128785,94,127,3179,333,1407,0,89,0,922,8022674,2855,0,475,8,1,4,275,16,4,279,8,2,1,10
6051.49,1625082138964,50.009008089,1,0,0,5,10,4,5,99,2,0,0,0,26,89,6219858,0,25,1,116,21591,2117689,22355,0,1,194857,141142,60498,61249,26199,15910,24195,13512,58,1090,1090,37,43850,22991,21698616,2231,81,423,2824,4350910,4350808,102,118,80,93,172,6219639,4127430,94,131,3158,329,1411,0,93,0,913,7803410,2918,0,487,8,1,4,255,16,4,259,8,2,1,10
6101.5,1625082196114,50.010718654,1,0,0,5,10,4,5,75,2,0,0,0,45,80,6331741,0,33,1,116,17252,2233383,23455,0,1,194241,140300,58499,60083,21753,11533,24069,13543,58,1140,1141,64,41204,18541,22293925,2276,81,427,5381,4357694,4357595,102,118,80,94,174,6331665,4133117,95,132,3185,328,1411,11,92,2,950,7968591,3020,0,503,8,1,4,264,16,4,268,8,2,1,10
6151.51,1625082253100,50.009152782,1,0,0,5,10,4,5,64,2,0,0,0,4,58,6210603,0,25,1,116,9742,2094223,22371,0,1,192619,139213,54426,55331,20486,11460,20564,11118,58,1091,1091,33,37171,17544,21503460,2240,73,429,2819,4365007,4364916,102,117,71,84,160,6210425,4149189,93,123,2992,319,1159,0,83,0,913,7816890,2762,0,453,8,1,4,250,13,4,254,8,2,1,10
6201.52,1625082309875,50.008594273,1,0,0,5,10,4,5,82,2,0,0,0,18,102,6274760,0,28,2,118,23180,2188927,23260,0,1,192482,139157,54930,55481,20653,10960,20665,10646,59,1095,1095,33,37315,17659,22023149,2249,76,425,2820,4332712,4332600,104,118,75,89,164,6274320,4117326,93,127,3002,323,1163,0,88,0,910,7924743,2797,0,458,8,1,4,227,13,4,231,8,2,1,10
6251.53,1625082366827,50.008832584,1,0,0,5,10,4,5,78,2,0,0,0,30,67,6347397,0,26,2,116,5671,2237068,23654,0,1,195540,141514,58661,59258,23848,14173,23849,13890,58,1093,1093,33,42911,20729,22358357,2243,74,426,2825,4366092,4365992,102,118,74,86,164,6347060,4143877,93,125,3170,333,1405,0,87,0,916,8021559,2966,0,488,8,1,4,262,16,4,266,8,2,1,10
6301.54,1625082423795,50.009278245,1,0,0,5,10,4,5,84,2,0,0,0,30,73,6315040,0,26,2,116,12183,2220127,24326,0,1,194863,141159,60085,60918,24059,14081,24134,14078,58,1095,1095,37,43686,20880,22230858,2241,78,424,2825,4351103,4351000,102,118,76,89,168,6314851,4127910,94,127,3165,333,1414,0,89,0,922,7952906,2960,0,496,8,1,4,257,16,4,261,8,2,1,10
6351.55,1625082480921,50.012062516,1,0,0,5,10,4,5,99,2,0,0,0,30,80,6353327,0,32,2,116,17961,2268350,23026,0,1,196213,142141,61146,61933,24403,14401,24489,14267,58,1140,1141,64,44252,21140,22513844,2277,82,427,2826,4344340,4344230,102,117,81,94,174,6353096,4118925,95,132,3209,333,1438,12,94,2,950,7955877,2996,0,495,8,1,4,267,16,4,271,8,2,1,10
6401.56,1625082538260,50.011786335,1,0,0,5,10,4,5,80,2,0,0,0,24,56,6507707,0,28,2,116,11267,2391144,24259,0,1,193034,139667,56330,57169,20888,11561,20952,11495,58,1098,1098,37,38098,17806,23255148,2247,78,430,2819,4368121,4368021,102,118,77,90,168,6507518,4150216,94,129,3006,320,1181,0,90,0,924,8271761,2837,0,463,8,1,4,245,13,4,249,8,2,1,10
6451.57,1625082594848,50.010550393,1,0,0,5,10,4,5,79,2,0,0,0,2,79,6346517,0,25,2,118,15185,2259527,23294,0,1,192197,138912,54337,55019,20512,11553,20557,10992,59,1088,1088,33,37128,17545,22428476,2234,73,424,2819,4336222,4336128,104,120,71,84,160,6346352,4120701,93,123,2986,319,1165,0,83,0,910,8038214,2752,0,445,8,1,4,239,13,4,243,8,2,1,10
6501.58,1625082652003,50.010841148,1,0,0,5,10,4,5,95,2,0,0,0,6,76,6457121,0,25,2,116,20814,2342994,23162,0,1,194422,140674,58723,59480,23895,14050,23934,13544,58,1087,1087,33,42936,20769,23043979,2231,76,422,2826,4364349,4364258,102,116,74,87,164,6456951,4142924,93,125,3157,336,1403,0,89,0,911,8196255,2913,0,478,8,1,4,264,16,4,268,8,2,1,10
6551.59,1625082708719,50.010196584,1,0,0,5,10,4,5,82,2,0,0,0,0,52,6342949,0,26,2,116,9614,2213071,24433,0,1,194250,140553,58724,59399,23855,14393,23880,14016,58,1087,1087,33,42903,20740,22278449,2233,75,422,2826,4380855,4380748,102,117,74,87,164,6342582,4159677,93,125,3159,336,1410,0,86,0,918,8011600,2835,0,469,8,1,4,261,16,4,265,8,2,1,10
6601.6,1625082765585,50.009219174,1,0,0,5,10,4,5,94,2,0,0,0,26,64,6239749,0,27,2,116,14887,2090630,22603,0,1,196095,142027,60545,61424,24215,14021,24272,13701,58,1099,1099,37,43871,20943,21591042,2249,82,426,2825,4406493,4406394,102,118,80,93,172,6239550,4181612,94,131,3186,333,1421,0,93,0,920,7774931,2937,0,492,8,1,4,265,16,4,269,8,2,1,10
6651.61,1625082822388,50.012044223,1,0,0,5,10,4,5,64,2,0,0,0,4,52,6268495,0,32,2,116,13481,2157379,22552,0,1,193923,139984,58466,59769,21819,12917,23967,14456,58,1137,1138,64,41346,18676,21887077,2271,78,429,2821,4366673,4366575,102,117,76,91,170,6268431,4144742,95,128,3182,329,1408,11,89,2,956,7871118,2829,0,468,8,1,4,268,16,4,272,8,2,1,10
6701.62,1625082879197,50.008571166,1,0,0,5,10,4,5,66,2,0,0,0,42,51,6468097,0,27,2,116,17164,2338519,22769,0,1,192294,139144,55713,56296,20716,11399,20709,11086,58,1094,1094,37,37884,17699,22996390,2239,74,424,2818,4379562,4379460,102,118,73,86,164,6467750,4162804,94,125,2995,316,1171,0,86,0,914,8263836,2813,0,442,8,1,4,248,13,4,252,8,2,1,10
6751.63,1625082935892,50.010641856,1,0,0,5,10,4,5,64,2,0,0,0,16,76,6358588,0,40,2,116,24376,2228919,22287,0,1,192776,139349,54393,55257,20509,11336,20581,10960,58,1094,1094,33,37139,17565,22347638,2247,73,425,2819,4374039,4373947,102,118,71,85,160,6358448,4158291,93,123,3009,320,1161,0,85,0,913,8047745,2813,0,435,8,1,4,233,13,4,237,8,2,1,10
6801.64,1625082993283,50.009178862,1,0,0,5,10,4,5,91,2,0,0,0,48,76,6423608,0,36,2,116,11773,2311878,23748,0,1,194603,140859,58610,59527,23863,13449,23964,13197,58,1088,1088,33,42911,20758,22804768,2235,76,424,2825,4365285,4365189,102,117,74,89,164,6423408,4143912,93,125,3168,332,1401,0,87,0,911,8090834,2960,0,492,8,1,4,261,16,4,265,8,2,1,10
6851.65,1625083050108,50.009098789,1,0,0,5,10,4,5,98,2,0,0,0,26,86,6348873,0,49,2,116,23208,2232903,22748,0,1,194539,140828,59302,60139,23991,14180,24064,13891,58,1090,1090,33,43140,20842,22374336,2237,80,424,2826,4371160,4371058,102,118,78,90,168,6348682,4149013,93,129,3191,336,1413,0,91,0,911,7908430,2952,0,479,8,1,4,272,16,4,276,8,2,1,10
6901.66,1625083106752,50.008741591,1,0,0,5,10,4,5,84,2,0,0,0,50,50,6505763,0,78,2,116,16246,2396013,24735,0,1,195729,141711,59932,60559,24202,13868,24196,13575,58,1137,1138,60,43536,21010,23345110,2278,80,428,2827,4367147,4367043,102,118,79,91,170,6505363,4143804,94,130,3253,337,1427,11,91,2,951,8189137,3136,0,490,8,1,4,267,16,4,271,8,2,1,10
6951.67,1625083163726,50.009123494,1,0,0,5,10,4,5,68,2,0,0,0,24,63,6382325,0,78,2,116,17261,2260476,23031,0,1,192874,139585,57637,57899,21042,10781,20951,10488,58,1101,1101,37,38554,17933,22483672,2253,80,430,2819,4374442,4374336,102,118,78,89,169,6382180,4155882,94,128,3059,322,1167,0,92,0,917,7953571,2964,0,463,8,1,4,248,13,4,252,8,2,1,10
7001.68,1625083220422,50.012059268,1,0,0,5,10,4,5,74,2,0,0,0,30,84,6458068,0,33,2,116,20815,2365911,23723,0,1,193314,139902,56322,56461,20791,11878,20827,11465,58,1096,1096,37,38020,17757,23114798,2243,77,426,2818,4337780,4337667,102,118,77,91,168,6457088,4119782,94,129,2998,316,1166,0,90,0,928,8293422,2906,0,465,8,1,4,238,13,4,242,8,2,1,10
7051.69,1625083276700,50.009201654,1,0,0,5,10,4,5,68,2,0,0,0,24,72,6327034,0,78,2,116,11169,2222883,24610,0,1,193195,139786,56495,57354,20882,11534,20925,11403,58,1101,1101,37,38076,17798,22299022,2253,79,426,2819,4349284,4349185,102,118,77,92,168,6326816,4131426,94,129,3054,319,1161,0,90,0,919,7980578,3002,0,428,8,1,4,246,13,4,250,8,2,1,10
7101.7,1625083333896,50.009123415,1,0,0,5,10,4,5,82,2,0,0,0,80,84,6476912,0,63,2,116,19758,2370140,24126,0,1,195711,141749,59316,60101,24012,13616,24058,13418,58,1089,1089,33,43136,20834,23175815,2236,80,429,2825,4362198,4362096,102,119,78,91,168,6476746,4139662,93,129,3206,332,1420,0,92,0,910,8160319,3182,0,504,8,1,4,245,16,4,249,8,2,1,10
7151.71,1625083390768,50.008591038,1,0,0,5,10,4,5,103,2,0,0,0,12,57,6134519,0,32,2,116,7747,2035764,23464,0,1,195785,141687,59531,59942,24003,13548,24017,13481,58,1138,1139,60,43279,20884,21123118,2281,76,426,2828,4355017,4354910,102,118,75,87,166,6134042,4131523,94,126,3211,340,1427,12,87,2,954,7566631,2898,0,479,8,1,4,262,16,4,266,8,2,1,10
7201.72,1625083447641,50.008614154,1,0,0,5,10,4,5,80,2,0,0,0,44,67,6377238,0,27,2,116,13737,2251670,23753,0,1,195700,141659,58774,59392,23893,13700,23899,13481,58,1095,1095,33,42891,20746,22504175,2249,75,431,5385,4385611,4385503,102,118,74,86,164,6376845,4160603,93,125,3175,333,1403,0,86,0,921,8013713,2905,0,490,8,1,4,256,16,4,260,8,2,1,10
7251.73,1625083504319,50.010632834,1,0,0,5,10,4,5,67,2,0,0,0,18,53,6462933,0,26,2,116,10920,2340194,23089,0,1,191842,138812,55998,56784,20711,11180,20786,10898,58,1092,1092,37,37894,17664,22974027,2235,74,423,2819,4372243,4372145,102,118,73,89,164,6462799,4155514,94,125,2989,320,1165,0,86,0,917,8199512,2787,0,483,8,1,4,240,13,4,244,8,2,1,10
7301.74,1625083561125,50.009994408,1,0,0,5,10,4,5,70,2,0,0,0,6,59,6329822,0,28,2,116,12880,2211070,22927,0,1,193390,139897,56368,57105,20880,11436,20902,10961,58,1099,1099,37,38093,17787,22222054,2248,77,425,2818,4366829,4366734,102,117,77,93,168,6329629,4148407,94,129,3000,316,1162,0,90,0,921,7996602,2813,0,457,8,1,4,249,13,4,253,8,2,1,10
7351.75,1625083617380,50.010589616,1,0,0,5,10,4,5,64,2,0,0,0,28,71,6425293,0,26,2,116,19401,2313002,23586,0,1,191575,138619,55864,56656,20683,11054,20752,10867,58,1087,1087,37,37859,17669,22820370,2225,74,422,2819,4361178,4361088,102,118,73,89,164,6425207,4144836,94,125,2976,319,1162,0,86,0,916,8180403,2836,0,468,8,1,4,245,13,4,249,8,2,1,10
7401.76,1625083673992,50.009288502,1,0,0,5,10,4,5,98,2,0,0,0,36,48,6485677,0,26,2,116,15562,2378846,23598,0,1,195608,141594,59233,59995,24009,13138,24060,12820,58,1086,1086,33,43112,20865,23229423,2231,80,426,2825,4363620,4363522,102,118,78,90,168,6485513,4140847,93,129,3160,333,1404,0,90,0,916,8170074,2932,0,498,8,1,4,261,16,4,265,8,2,1,10
7451.77,1625083730516,50.010985101,1,0,0,5,10,4,5,100,2,0,0,0,19,69,6327766,0,33,2,116,9518,2230907,23176,0,1,193737,140250,59521,59911,24042,13798,24049,13261,58,1128,1129,60,43286,20899,22286860,2259,76,426,2828,4350184,4350090,102,117,75,87,166,6327212,4128315,94,126,3189,340,1426,11,87,2,945,7918099,2879,0,487,8,1,4,270,16,4,274,8,2,1,10
7501.78,1625083787455,50.010123594,1,0,0,5,10,4,5,90,2,0,0,0,36,74,6219443,0,26,1,116,11900,2089471,23476,0,1,195883,141785,58773,59527,23866,13261,23918,13198,58,1095,1095,33,42942,20743,21546202,2249,76,427,2825,4383900,4383801,102,118,74,86,164,6219252,4161233,93,125,3177,333,1404,0,87,0,917,7744277,2937,0,473,8,1,4,251,16,4,255,8,2,1,10
7551.79,1625083844350,50.008656765,1,0,0,5,10,4,5,64,2,0,0,0,44,56,6494897,0,27,1,116,21652,2379651,23536,0,1,193315,139928,56063,56635,20716,11148,20720,10773,58,1099,1099,37,37861,17675,23221001,2248,74,426,2819,4365632,4365523,102,118,73,86,164,6494411,4147767,94,125,3002,320,1170,0,86,0,925,8302704,2891,0,483,8,1,4,242,13,4,246,8,2,1,10
7601.8,1625083901425,50.008978854,1,0,0,5,10,4,5,64,2,0,0,0,4,49,6258991,0,26,1,118,3712,2161005,21989,0,1,193473,139969,55924,56617,20699,11307,20723,10993,59,1100,1100,37,37871,17680,21843634,2251,74,426,2818,4349265,4349168,104,120,73,86,164,6258824,4131012,94,125,3002,316,1168,0,86,0,922,7879270,2776,0,456,8,1,4,244,13,4,248,8,2,1,10
7651.81,1625083958930,50.012268416,1,0,0,5,10,4,5,95,2,0,0,0,1,69,6237711,0,26,1,116,11614,2123627,22580,0,1,195681,141700,60587,61398,24187,13961,24243,13324,58,1093,1093,37,43864,20966,21725178,2237,81,424,5384,4371231,4371128,102,118,80,96,172,6237476,4143978,94,131,3164,329,1412,0,95,0,914,7831375,2839,0,465,8,1,4,265,16,4,269,8,2,1,10
7701.82,1625084015526,50.009184655,1,0,0,5,10,4,5,86,2,0,0,0,38,69,6367418,0,34,1,116,20939,2214083,23998,0,1,195026,141198,59890,60702,24194,13896,24248,13513,58,1131,1132,60,43510,21017,22368216,2267,81,425,2827,4407430,4407334,102,117,79,91,170,6367309,4184188,94,130,3195,336,1425,11,91,2,947,7984007,2990,0,495,8,1,4,272,16,4,276,8,2,1,10
7751.83,1625084072655,50.011962748,1,0,0,5,10,4,5,82,2,0,0,0,2,36,6463025,0,26,1,116,8584,2362040,24739,0,1,194502,140736,58847,59702,23879,14109,23926,13827,58,1088,1088,33,42931,20724,23101352,2234,75,422,2826,4357331,4357236,102,118,74,86,164,6462815,4134747,93,125,3161,336,1405,0,86,0,917,8226443,2748,0,466,8,1,4,265,16,4,269,8,2,1,10
7801.84,1625084129184,50.010772961,1,0,0,5,10,4,5,83,2,0,0,0,50,57,6355820,0,26,1,116,9493,2229723,24045,0,1,192144,138687,56570,57978,21486,11967,23602,13481,58,1085,1085,33,40191,18409,22318260,2229,75,422,2820,4376296,4376204,102,118,73,88,164,6355700,4157969,93,125,3137,328,1382,0,86,0,917,7971469,3000,0,490,8,1,4,279,16,4,283,8,2,1,10
7851.85,1625084186253,50.013096858,1,0,0,5,10,4,5,80,2,0,0,0,1,52,6339791,0,28,1,116,10754,2204907,24055,0,1,193104,139736,58237,58881,21345,12232,21353,11748,58,1101,1101,37,38854,18047,22224313,2253,86,424,2819,4387490,4387384,102,117,85,99,179,6339578,4168383,96,138,3008,322,1171,0,99,0,917,8006547,2746,0,446,8,1,4,254,13,4,258,8,2,1,10
7901.86,1625084242942,50.010196221,1,0,0,5,10,4,5,74,2,0,0,0,48,57,6452619,0,28,1,116,18565,2366264,24236,0,1,193226,139864,56848,57737,21049,11785,21110,11527,58,1098,1098,37,38363,17894,23078130,2247,83,426,2818,4338561,4338452,102,118,81,97,172,6452422,4120821,94,133,3005,316,1166,0,94,0,919,8204476,2979,0,484,8,1,4,251,13,4,255,8,2,1,10
7951.87,1625084299727,50.010437872,1,0,0,5,10,4,5,86,2,0,0,0,0,74,6302439,0,34,1,116,15067,2198893,23343,0,1,195099,141332,61359,62178,24393,13964,24445,13858,58,1138,1139,64,44291,21124,22159070,2273,83,423,2826,4359304,4359193,102,118,81,94,174,6302283,4134476,95,132,3200,333,1436,11,96,2,958,7942665,2846,0,472,8,1,4,264,16,4,268,8,2,1,10
8001.88,1625084356541,50.009008773,1,0,0,5,10,4,5,90,2,0,0,0,42,62,6401869,0,28,1,116,15049,2317248,23802,0,1,195388,141439,58777,59467,23857,14518,23884,14142,58,1090,1090,33,42929,20739,22797328,2237,75,431,2825,4341577,4341483,102,118,74,86,164,6401639,4119673,93,125,3161,332,1403,0,86,0,917,8092962,2934,0,489,8,1,4,274,16,4,278,8,2,1,10
8051.89,1625084413339,50.009263313,1,0,0,5,10,4,5,80,2,0,0,0,28,81,6176395,0,27,0,116,14061,2078793,22656,0,1,195089,141205,58888,59688,23866,13952,23930,13606,58,1093,1093,33,42911,20732,21405670,2244,76,425,2826,4353691,4353593,102,118,74,87,164,6176131,4131664,93,125,3172,336,1405,0,87,0,913,7695897,2885,0,462,8,1,4,279,16,4,283,8,2,1,10
8101.9,1625084470038,50.013022743,1,0,0,5,10,4,5,66,2,0,0,0,20,78,6284284,0,26,0,116,14764,2191926,23500,0,1,193742,139792,56783,58064,21910,12124,23716,13166,58,1094,1094,33,40642,18852,22069744,2247,75,425,5380,4347134,4347038,102,118,73,86,164,6284200,4125175,93,125,3153,328,1382,0,85,0,918,7931384,2865,0,475,8,1,4,249,15,4,253,8,2,1,10
8151.91,1625084526908,50.011286981,1,0,0,5,10,4,5,68,2,0,0,0,30,82,6328807,0,26,0,116,5575,2256264,23237,0,1,192306,139190,56030,56709,20716,11211,20728,11150,58,1094,1094,37,37878,17679,22340217,2239,74,424,2819,4323219,4323123,102,118,73,86,164,6328495,4106159,94,125,2994,320,1171,0,86,0,925,8042429,2786,0,442,8,1,4,255,13,4,259,8,2,1,10
8201.92,1625084583641,50.009172911,1,0,0,5,10,4,5,64,2,0,0,0,16,65,6309456,0,26,0,116,13062,2230214,23592,0,1,192966,139601,55877,56638,20735,11274,20761,10898,58,1095,1095,37,37865,17701,22234856,2241,74,425,2818,4330686,4330595,102,117,73,90,164,6309284,4113308,94,125,2990,316,1161,0,87,0,916,7989169,2819,0,454,8,1,4,248,13,4,252,8,2,1,10
8251.93,1625084640238,50.010544859,1,0,0,5,10,4,5,90,2,0,0,0,8,88,6249141,0,29,0,116,19198,2145894,23916,0,1,195129,141317,60077,60878,23996,13075,24058,12788,58,1091,1091,37,43632,20866,21847303,2233,78,427,2824,4357033,4356932,102,118,76,89,168,6249046,4132995,94,127,3157,329,1408,0,89,0,913,7853377,2781,0,433,8,1,4,257,16,4,261,8,2,1,10
8301.94,1625084697063,50.009365681,1,0,0,5,10,4,5,80,2,0,0,0,2,71,6279040,0,27,0,118,13312,2159101,23155,0,1,194718,140883,58717,59539,23835,13605,23912,13638,59,1090,1090,33,42916,20740,21952075,2239,76,423,2825,4370260,4370169,104,119,74,86,164,6278852,4148399,93,125,3162,332,1400,0,86,0,911,7849217,2777,0,441,8,1,4,258,16,4,262,8,2,1,10
8351.95,1625084753460,50.009258281,1,0,0,5,10,4,5,90,2,0,0,0,48,77,6461029,0,27,0,116,10049,2369835,24164,0,1,194480,140802,58848,59640,23854,14614,23908,14268,58,1092,1092,33,42889,20737,23103128,2243,75,425,2826,4345016,4344920,102,118,74,86,164,6460888,4123531,93,125,3173,337,1410,0,87,0,917,8245399,2913,0,475,8,1,4,263,16,4,267,8,2,1,10
8401.96,1625084809740,50.009284825,1,0,0,5,10,4,5,82,2,0,0,0,18,50,6355609,0,27,1,116,12060,2249592,22745,0,1,194864,141020,58853,59657,23830,14016,23902,13638,58,1092,1092,33,42930,20732,22452523,2242,76,424,2826,4361047,4360948,102,118,74,86,164,6355376,4138963,93,125,3168,336,1403,0,86,0,923,8020365,2821,0,444,8,1,4,266,16,4,270,8,2,1,10
8451.97,1625084866600,50.010212539,1,0,0,5,10,4,5,80,2,0,0,0,12,66,6175638,0,26,1,118,14095,2044072,22662,0,1,193402,139929,56511,57473,20841,11846,20917,11370,59,1102,1102,37,38083,17785,21251402,2255,79,425,2819,4383207,4383108,104,120,78,91,168,6175431,4164656,94,129,3015,320,1170,0,90,0,921,7694321,2776,0,435,8,1,4,249,13,4,253,8,2,1,10
8501.98,1625084923605,50.014023375,1,0,0,5,10,4,5,66,2,0,0,0,15,70,6251492,0,32,2,116,14022,2161971,23779,0,1,192580,139346,56710,57479,20963,11626,21027,11339,58,1134,1135,64,38255,17885,21874503,2267,76,428,2820,4339651,4339551,102,118,75,89,165,6251276,4121746,95,126,3021,320,1184,11,89,2,949,7921746,2812,0,451,8,1,4,243,13,4,247,8,2,1,10
8551.99,1625084980508,50.009272234,1,0,0,5,10,4,5,80,2,0,0,0,22,88,6139601,0,25,2,116,7061,2069098,23432,0,1,195803,141815,60143,61046,24009,14051,24080,14110,58,1093,1093,37,43645,20848,21306147,2237,78,425,5384,4329657,4329565,102,118,76,91,168,6139430,4102831,94,127,3157,329,1404,0,90,0,919,7665827,2872,0,460,8,1,4,264,16,4,268,8,2,1,10
8602,1625085037393,50.010495072,1,0,0,5,10,4,5,86,2,0,0,0,14,65,6190196,0,27,2,116,15862,2083163,23177,0,1,195351,141386,59200,60071,23946,14239,24019,13922,58,1089,1089,33,43148,20810,21467099,2237,80,425,2825,4362915,4362820,102,118,78,91,168,6190112,4140119,93,129,3160,332,1408,0,90,0,913,7694954,2883,0,481,8,1,4,256,16,4,260,8,2,1,10
8652.01,1625085094406,50.011677822,1,0,0,5,10,4,5,80,2,0,0,0,11,80,6229430,0,25,2,116,8665,2120337,22680,0,1,195640,141585,58808,59738,23865,14203,23965,13733,58,1095,1095,33,42897,20741,21671795,2248,75,426,2826,4363474,4363373,102,118,74,89,164,6229208,4140754,93,125,3172,336,1410,0,86,0,911,7799292,2814,0,470,8,1,4,265,16,4,269,8,2,1,10
8702.02,1625085151405,50.009378074,1,0,0,5,10,4,5,68,2,0,0,0,40,72,6285216,0,27,2,116,20893,2189161,23895,0,1,192505,139253,55117,55901,20703,11402,20771,10961,58,1094,1094,33,37351,17675,22040775,2245,77,426,2820,4345795,4345695,102,118,75,87,164,6285038,4129670,93,127,3010,323,1174,0,87,0,918,7983223,2872,0,459,8,1,4,232,13,4,236,8,2,1,10
8752.03,1625085208004,50.010059225,1,0,0,5,10,4,5,73,2,0,0,0,76,67,6294290,0,38,2,116,18441,2209541,23673,0,1,191504,138606,55341,55866,20721,10678,20711,10332,58,1130,1131,60,37574,17731,22149305,2265,73,424,2821,4331915,4331817,102,118,72,79,162,6293799,4116685,94,124,3028,324,1190,11,85,2,948,7951568,2941,0,468,8,1,4,243,13,4,247,8,2,1,10
8802.04,1625085264857,50.009088923,1,0,0,5,10,4,5,80,2,0,0,0,12,70,6224811,0,27,2,116,13507,2150566,23335,0,1,196144,142034,60156,60990,24067,13893,24126,13450,58,1099,1099,37,43711,20858,21780124,2249,78,430,2824,4334332,4334231,102,118,76,90,168,6224678,4109562,94,127,3172,329,1402,0,91,0,916,7831221,2817,0,467,8,1,4,270,16,4,274,8,2,1,10
8852.05,1625085321625,50.012015042,1,0,0,5,10,4,5,102,2,0,0,0,26,51,6348798,0,30,2,116,7002,2240914,23983,0,1,196089,142028,60597,61353,24152,13613,24213,13544,58,1097,1097,37,43905,20958,22396123,2245,82,426,2823,4366384,4366275,102,118,81,93,172,6348395,4141853,94,131,3166,325,1402,0,93,0,921,7972439,2861,0,484,8,1,4,273,16,4,277,8,2,1,10
8902.06,1625085378542,50.010526380,1,0,0,5,10,4,5,99,2,0,0,0,8,50,6293872,0,29,2,116,22634,2181562,22970,0,1,195976,141920,60722,61557,24203,13802,24256,13513,58,1102,1102,37,43942,20980,22089239,2255,80,424,2825,4371217,4371114,102,118,80,93,172,6293693,4145741,94,131,3180,332,1404,0,93,0,917,7861394,2812,0,463,8,1,4,273,16,4,277,8,2,1,10
8952.07,1625085435426,50.009726597,1,0,0,5,10,4,5,70,2,0,0,0,40,72,6371582,0,26,2,116,18192,2294931,23710,0,1,191268,138340,55145,55991,20663,10866,20747,10835,58,1086,1086,33,37397,17681,22610272,2231,77,422,2820,4325015,4324917,102,118,75,87,164,6371381,4110092,93,127,2990,323,1169,0,87,0,912,8129553,2845,0,477,8,1,4,239,13,4,243,8,2,1,10
9002.08,1625085492474,50.008969445,1,0,0,5,10,4,5,77,2,0,0,0,58,57,6408389,0,26,2,116,13375,2318530,24245,0,1,192407,139124,52628,53474,20182,10984,20239,10709,58,1094,1094,33,36273,17332,22778232,2247,70,427,5380,4340736,4340627,102,118,67,79,151,6408229,4124104,89,118,3001,322,1168,0,78,0,918,8190878,2933,0,457,8,1,4,231,13,4,235,8,2,1,10
9052.09,1625085548944,50.009352685,1,0,0,5,10,4,5,62,2,0,0,0,42,53,6314492,0,26,2,116,7959,2236105,24646,0,1,192919,139527,54614,55506,20534,11114,20604,11056,58,1093,1093,33,37128,17568,22253003,2245,72,431,2820,4328796,4328707,102,118,71,86,160,6314310,4113171,93,123,2997,323,1166,0,84,0,914,8015129,2871,0,472,8,1,4,242,13,4,246,8,2,1,10
9102.1,1625085605210,50.010578136,1,0,0,5,10,4,5,101,2,0,0,0,42,62,6552991,0,26,2,116,10542,2479252,24174,0,1,194848,141427,57733,58252,22245,11560,20994,10268,58,1093,1093,37,39769,19181,23727985,2237,76,427,2824,4327114,4327023,102,118,74,87,164,6552851,4107069,94,125,3006,324,1183,0,87,0,922,8440217,2863,0,457,8,1,4,245,14,4,249,8,2,1,10
9152.11,1625085662212,50.009300422,1,0,0,5,10,4,5,83,2,0,0,0,52,69,6367219,0,25,2,118,22295,2313497,23976,0,1,193929,140534,60063,60910,24041,13703,24086,13638,59,1085,1085,37,43662,20860,22713300,2221,78,422,2824,4310177,4310075,104,120,76,89,168,6366947,4087738,94,127,3142,329,1409,0,89,0,913,8064998,2955,0,499,8,1,4,267,16,4,271,8,2,1,10
9202.12,1625085719401,50.010636132,1,0,0,5,10,4,5,94,2,0,0,0,1,69,6196521,0,27,2,118,24001,2092423,22543,0,1,194883,141128,60542,61369,24154,14178,24214,13481,59,1091,1091,37,43897,20938,21523763,2233,82,422,2824,4361265,4361158,104,121,80,93,172,6196387,4137205,94,131,3154,329,1406,0,93,0,912,7762993,2816,0,477,8,1,4,273,16,4,277,8,2,1,10
9252.13,1625085776873,50.009406100,1,0,0,5,10,4,5,81,2,0,0,0,36,81,6228912,0,26,2,116,15104,2138604,23218,0,1,190935,138094,55083,56109,20713,11338,20835,10961,58,1082,1082,33,37335,17716,21711949,2223,77,421,2820,4338449,4338351,102,118,75,90,164,6228755,4123941,93,127,2984,323,1173,0,87,0,912,7821631,2789,0,468,8,1,4,241,13,4,245,8,2,1,10
9302.14,1625085833818,50.010210068,1,0,0,5,10,4,5,74,2,0,0,0,10,83,6390622,0,33,2,118,16457,2331174,23192,0,1,192847,139437,55493,56260,22848,13296,26990,16946,59,1140,1141,60,37663,19813,22814160,2285,73,430,2823,4309323,4309223,104,121,72,87,162,6390328,4092522,94,124,3046,328,1191,11,87,2,953,8121516,2804,0,452,7,1,4,251,13,4,255,7,2,1,9
9352.16,1625085890694,50.015355156,1,0,0,5,10,4,5,62,2,0,0,0,34,83,6307145,0,27,2,116,23230,2220218,23012,0,1,192242,139022,54652,55562,20535,11556,20590,11308,58,1091,1091,33,37131,17591,22208115,2241,73,425,2820,4333123,4333032,102,119,72,85,160,6306944,4117793,93,123,2996,323,1164,0,84,0,911,8031525,2797,0,461,8,1,4,244,13,4,248,8,2,1,10
9402.17,1625085947389,50.008746632,1,0,0,5,10,4,5,80,2,0,0,0,18,71,6246324,0,27,1,116,10660,2125925,22806,0,1,195489,141576,60132,60856,24140,13420,24183,13040,58,1097,1097,37,43623,21005,21741595,2243,77,424,2824,4377885,4377783,102,118,76,90,168,6246218,4153582,94,127,3168,329,1402,0,89,0,915,7814774,2835,0,471,8,1,4,275,16,4,279,8,2,1,10
9452.18,1625086003954,50.010618366,1,0,0,5,10,4,5,81,2,0,0,0,14,79,6321596,0,27,1,116,16707,2228470,23363,0,1,195781,141780,60110,60943,24034,13325,24134,13324,58,1097,1097,37,43630,20874,22293030,2245,78,425,5384,4354061,4353963,102,119,76,89,168,6321492,4127226,94,127,3167,329,1404,0,89,0,918,7956090,2813,0,466,8,1,4,256,16,4,260,8,2,1,10
9502.19,1625086060943,50.008721436,1,0,0,5,10,4,5,91,2,0,0,0,2,94,6190309,0,26,1,116,20418,2077967,24086,0,1,195935,141873,60585,61041,24180,14150,24195,13859,58,1097,1097,37,43817,20946,21461398,2245,81,424,2824,4367665,4367558,102,118,80,93,172,6189935,4142347,94,131,3172,329,1406,0,93,0,918,7710185,2793,0,479,8,1,4,278,16,4,282,8,2,1,10
9552.2,1625086118409,50.011124645,1,0,0,5,10,4,5,70,2,0,0,0,24,69,6303591,0,34,1,116,12609,2221325,23748,0,1,191659,138741,57269,58050,21111,11377,21130,11307,58,1138,1139,64,38419,17968,22168613,2273,80,427,2822,4335205,4335107,102,118,78,91,170,6303359,4117124,95,130,3034,327,1194,11,91,2,956,7984503,2843,0,451,8,1,4,238,13,4,242,8,2,1,10
9602.21,1625086175191,50.009371402,1,0,0,5,10,4,5,74,2,0,0,0,12,63,6430649,0,26,1,116,7548,2326130,23539,0,1,192267,139008,54673,55533,20585,11841,20628,11276,58,1093,1093,33,37119,17592,22853865,2244,73,425,2820,4354027,4353934,102,119,71,85,160,6430440,4138018,93,123,2998,323,1166,0,85,0,917,8177180,2806,0,436,8,1,4,249,13,4,253,8,2,1,10
9652.22,1625086231795,50.010633632,1,0,0,5,10,4,5,97,2,0,0,0,40,69,6376620,0,29,1,116,9560,2291279,24288,0,1,194170,140838,56586,57109,21780,12066,20933,11213,58,1093,1093,33,38685,18721,22607561,2244,78,426,2825,4337927,4337833,102,118,76,88,164,6376463,4120025,93,127,3020,331,1185,0,89,0,918,8096544,2829,0,453,8,1,4,243,14,4,247,8,2,1,10
9702.23,1625086288455,50.010395830,1,0,0,5,10,4,5,80,2,0,0,0,0,52,6337277,0,27,1,116,6224,2245251,23272,0,1,193937,140318,58629,59548,23853,14362,23949,14142,58,1080,1080,33,42926,20742,22382507,2219,75,422,2824,4345353,4345258,102,118,74,90,164,6337151,4124003,93,125,3142,329,1400,0,86,0,908,8046499,2755,0,443,8,1,4,267,16,4,271,8,2,1,10
9752.24,1625086345156,50.011002063,1,0,0,5,10,4,5,104,2,0,0,0,36,91,6375719,0,28,1,116,14813,2307929,23172,0,1,195260,141466,61036,61930,24314,13648,24378,13418,58,1092,1092,37,44024,21058,22706013,2234,86,425,2824,4324405,4324302,102,117,84,97,176,6375533,4099795,94,135,3163,329,1408,0,97,0,911,8120009,2848,0,474,8,1,4,275,16,4,279,8,2,1,10
9802.25,1625086401830,50.009147841,1,0,0,5,10,4,5,94,2,0,0,0,34,63,6273193,0,36,1,116,11631,2202176,24061,0,1,194297,140778,61251,62146,24399,14119,24464,13764,58,1129,1130,64,44231,21133,22079924,2255,83,422,2826,4329549,4329447,102,118,81,96,174,6273005,4105400,95,132,3184,333,1427,11,94,2,946,7870759,2866,0,487,8,1,4,270,16,4,274,8,2,1,10
9852.26,1625086458468,50.009375378,1,0,0,5,10,4,5,64,2,0,0,0,58,78,6523196,0,26,1,116,11757,2450006,24589,0,1,193091,139696,56662,58284,20883,11843,23621,13702,58,1096,1096,37,38553,17779,23544708,2242,76,430,2820,4323685,4323591,102,118,74,96,167,6523099,4105590,94,126,3010,326,1184,0,88,0,923,8396363,2933,0,480,8,1,4,263,16,4,267,8,2,1,10
9902.28,1625086515131,50.017999321,1,0,0,38,89,18603,162,20956,147,0,0,0,16,228,5992360,0,86,17887,569,25398,2037680,34818,19414,4,197599,142525,160065,164366,79869,56616,80109,55684,285,2546,2546,33,87755,71824,21703309,5150,237,543,5458,4276116,4275835,105,115,236,284,367,5992062,3998235,212,329,6012,386,3192,20,279,4,6504,7353726,3327,0,648,174,4,12,19849,20,17908,37757,12,22,21,27
9952.29,1625086571643,50.011161784,1,0,0,9,23,4,14,96,2,0,0,0,9,68,6231360,0,26,1,152,17341,2174744,22702,0,1,192245,138979,54556,55253,20540,11084,20572,10804,76,1089,1089,33,37108,17569,21857548,2236,72,424,2820,4305607,4305517,102,120,71,84,160,6231177,4090010,93,123,2992,323,1171,0,84,0,911,7847347,2820,0,450,7,1,17,255,12,1,256,7,2,1,9
10002.3,1625086628452,50.010737147,1,0,0,5,10,4,5,92,2,0,0,0,46,70,6248237,0,26,1,116,12319,2175351,23116,0,1,194625,141236,56051,56235,22165,12814,20333,11056,58,1094,1094,35,39149,19203,21888381,2243,71,427,2799,4326437,4326350,102,120,70,81,156,6248157,4107624,91,119,3015,324,1190,0,82,0,921,7839416,2840,0,461,8,1,4,228,13,4,232,8,2,1,10
10052.3,1625086685430,50.008785408,1,0,0,5,10,4,5,107,2,0,0,0,14,62,6329746,0,26,1,116,9590,2278832,24379,0,1,195589,141610,60039,60693,23986,13797,24037,13764,58,1097,1097,37,43602,20845,22492137,2245,77,425,2824,4310112,4310010,102,118,76,89,168,6329371,4085775,94,127,3165,329,1403,0,89,0,926,7955437,2882,0,466,8,1,4,272,16,4,276,8,2,1,10
10102.3,1625086742228,50.009245801,1,0,0,5,10,4,5,134,2,0,0,0,20,63,6183929,0,32,1,116,12144,2125992,24920,0,1,195621,141621,60834,61780,24203,14054,24314,13859,58,1139,1140,64,44033,21029,21626832,2275,78,429,2826,4314716,4314621,102,118,77,93,170,6183742,4089916,95,128,3207,333,1439,11,91,2,957,7787418,2912,0,477,8,1,4,266,16,4,270,8,2,1,10
10152.3,1625086799096,50.016068873,1,0,0,5,10,4,5,113,2,0,0,0,27,69,6253145,0,28,1,116,28443,2156306,22471,0,1,196074,142053,62259,62506,24513,13651,24387,13229,58,1100,1100,37,44519,21169,21894284,2250,86,426,2825,4357512,4357404,102,119,86,97,177,6252813,4131529,94,134,3176,333,1411,0,100,0,916,7811071,2867,0,474,8,1,4,269,16,4,273,8,2,1,10
10202.3,1625086856070,50.008833186,1,0,0,5,10,4,5,73,2,0,0,0,36,63,6354958,0,26,1,116,14633,2266842,22675,0,1,192775,139426,54644,55262,20511,10801,20541,10804,58,1094,1094,33,37091,17531,22460520,2247,72,426,2820,4336070,4335971,102,118,71,83,160,6354496,4120358,93,123,3001,323,1171,0,83,0,916,8040139,2869,0,476,8,1,4,243,13,4,247,8,2,1,10
10252.3,1625086912122,50.009135570,1,0,0,5,10,4,5,75,2,0,0,0,10,56,6129524,0,27,1,116,6349,2032390,23603,0,1,192712,139335,54661,55485,20550,11462,20621,11245,58,1096,1096,33,37118,17583,21094674,2250,73,425,2820,4343708,4343621,102,120,71,83,160,6129410,4127559,93,123,3008,323,1172,0,83,0,916,7658962,2754,0,438,8,1,4,244,13,4,248,8,2,1,10
10302.3,1625086969038,50.011127428,1,0,0,5,10,4,5,101,2,0,0,0,10,68,6376390,0,26,1,118,12158,2311812,24144,0,1,194069,140727,56520,56542,21782,12253,20868,11213,59,1088,1088,33,38717,18724,22724571,2235,77,424,2824,4310360,4310254,104,120,76,87,164,6375938,4092723,93,127,3009,328,1192,0,88,0,913,8156571,2738,0,448,8,1,4,245,13,4,249,8,2,1,10
10352.3,1625087025774,50.012904662,1,0,0,5,10,4,5,95,2,0,0,0,30,71,6247698,0,32,1,116,13051,2153337,23999,0,1,195494,141621,60840,61584,24227,13959,24294,13733,58,1139,1140,64,44035,21022,21835423,2275,79,429,5386,4356723,4356616,102,119,77,91,170,6247413,4129204,95,128,3203,333,1433,11,91,2,948,7826341,2936,0,475,8,1,4,275,16,4,279,8,2,1,10
10402.3,1625087082739,50.012478914,1,0,0,5,10,4,5,96,2,0,0,0,46,57,6454386,0,25,1,116,21266,2381246,24059,0,1,195091,141333,60102,60488,24033,13450,24057,13355,58,1092,1092,37,43597,20870,23163382,2235,77,424,2824,4330176,4330070,102,117,76,89,168,6453815,4106831,94,127,3158,329,1415,0,89,0,915,8196461,2921,0,492,8,1,4,266,16,4,270,8,2,1,10
10452.3,1625087138836,50.008618001,1,0,0,5,10,4,5,107,2,0,0,0,4,98,6115342,0,25,1,116,11885,2031793,23487,0,1,194530,140757,58860,59447,23850,13355,23877,13103,58,1089,1089,33,42868,20741,21088475,2237,74,422,2826,4335344,4335237,102,118,74,87,164,6114931,4113235,93,125,3162,336,1405,0,87,0,916,7563564,2791,0,474,8,1,4,278,16,4,282,8,2,1,10
10502.3,1625087195260,50.009148058,1,0,0,5,10,4,5,105,2,0,0,0,42,66,6207722,0,27,0,116,11672,2104626,24062,0,1,195504,141531,59330,60184,23988,13453,24050,13040,58,1094,1094,33,43087,20844,21576333,2246,80,427,2826,4357850,4357751,102,118,78,91,168,6207576,4135093,93,129,3172,336,1404,0,91,0,912,7756914,2905,0,489,8,1,4,268,16,4,272,8,2,1,10
10552.3,1625087252236,50.009756483,1,0,0,5,10,4,5,90,2,0,0,0,62,61,6324714,0,26,0,116,10277,2241020,24218,0,1,192828,139488,55119,56112,20672,11182,20741,10898,58,1094,1094,33,37314,17668,22304101,2247,77,428,2820,4333736,4333644,102,118,75,87,164,6324597,4117817,93,127,3006,323,1165,0,87,0,919,7975188,2924,0,483,8,1,4,235,13,4,239,8,2,1,10
10602.3,1625087308987,50.009495685,1,0,0,5,10,4,5,77,2,0,0,0,14,76,6181096,0,33,0,116,19825,2057566,24264,0,1,192909,139451,55264,56063,20770,11054,20886,10898,58,1138,1139,60,37551,17772,21332327,2280,74,426,2821,4370343,4370254,102,118,72,86,162,6180883,4153345,94,124,3043,323,1193,11,84,2,947,7765222,2792,0,438,4,1,4,237,13,4,241,2,2,1,4
10652.3,1625087365879,50.010651903,1,0,0,5,10,4,5,89,2,0,0,0,62,65,6339941,0,28,0,116,17895,2229428,23740,0,1,195161,141710,58761,59096,23301,13517,21300,11465,58,1097,1097,37,40848,20166,22318166,2245,80,431,2824,4363826,4363730,102,118,78,91,168,6339772,4142820,94,129,3014,324,1183,0,92,0,921,7933524,2959,0,472,6,1,4,250,14,4,254,2,2,1,6
10702.3,1625087422236,50.010711531,1,0,0,5,10,4,5,105,2,0,0,0,30,80,6308212,0,28,0,116,15782,2207477,23739,0,1,194848,141131,60120,60995,24029,14082,24083,13733,58,1087,1087,37,43672,20846,22166688,2225,78,424,2824,4357613,4357516,102,118,76,91,168,6308053,4134101,94,127,3147,329,1400,0,90,0,914,7937827,2880,0,476,6,1,4,271,16,4,275,2,2,1,6
10752.3,1625087479016,50.008988836,1,0,0,5,10,4,5,91,2,0,0,0,2,42,6261582,0,26,0,116,15667,2132826,22930,0,1,194722,140881,58796,59450,23845,13921,23851,13575,58,1088,1088,33,42894,20748,21806034,2235,74,423,2825,4382579,4382487,102,118,74,87,164,6261299,4160698,93,125,3159,333,1401,0,86,0,912,7819190,2790,0,455,6,1,4,278,16,4,282,2,2,1,6
10802.3,1625087535576,50.008759654,1,0,0,5,10,4,5,95,2,0,0,0,0,54,6302689,0,28,0,116,9015,2216326,24194,0,1,195270,141292,59370,60085,23999,13673,24038,13323,58,1091,1091,33,43098,20834,22227154,2241,79,423,2826,4338663,4338559,102,118,78,91,168,6302479,4115753,93,129,3174,336,1407,0,90,0,913,7960234,2773,0,437,6,1,4,272,16,4,276,2,2,1,5
10852.3,1625087592352,50.010829381,1,0,0,5,10,4,5,91,2,0,0,0,10,82,6380125,0,26,1,116,13146,2339927,24025,0,1,193122,139321,56590,57835,21429,12249,23548,13418,58,1091,1091,33,40122,18374,22850397,2241,75,424,2820,4288840,4288751,102,118,73,86,164,6380065,4069468,93,125,3149,328,1381,0,85,0,918,8162734,2789,0,465,8,1,4,258,16,4,262,8,2,1,10
10902.3,1625087649041,50.010621685,1,0,0,5,10,4,5,70,2,0,0,0,20,61,6008553,0,32,1,116,18004,1942649,22049,0,1,191924,138884,56743,57598,22972,13421,21010,11118,58,1134,1135,64,38260,19916,20507181,2264,76,427,2821,4316975,4316879,102,118,74,92,166,6008342,4099036,95,126,3023,323,1189,11,88,2,948,7430504,2781,0,416,4,1,4,242,13,4,246,2,2,1,4
10952.3,1625087705946,50.009058123,1,0,0,5,10,4,5,70,2,0,0,0,18,75,6362637,0,26,1,116,15406,2240579,23136,0,1,193196,139762,55880,56710,20692,11621,20760,11496,58,1100,1100,37,37890,17678,22397582,2250,75,426,2818,4372501,4372403,102,118,73,86,164,6362501,4154665,94,125,3000,316,1161,0,86,0,920,7984143,2815,0,437,6,1,4,251,13,4,255,2,2,1,6
11002.3,1625087763095,50.010166354,1,0,0,5,10,4,5,96,2,0,0,0,76,70,6479494,0,26,1,116,11006,2395624,24068,0,1,195775,141868,60100,60562,24007,13800,24040,13576,58,1097,1097,37,43697,20846,23271314,2244,77,428,2824,4338732,4338622,102,118,76,89,168,6479104,4114709,94,127,3169,329,1403,0,90,0,916,8236201,2990,0,477,6,1,4,274,16,4,278,2,2,1,6
11052.3,1625087820124,50.010327807,1,0,0,15,30,13,15,1592,4,0,0,0,6,206,6159625,0,80,2,156,8584,2138782,26222,29,2,199193,143669,116321,118003,62377,38446,62548,38209,78,1112,1112,37,92127,55105,22086583,2275,243,421,2903,4318177,4317882,108,123,242,291,380,6159275,4055246,213,334,3308,394,1522,15,289,3,920,7612309,2946,0,512,15,2,13,461,21,13,474,6,7,5,14
11102.3,1625087877118,50.010898572,1,0,0,5,10,4,5,101,2,0,0,0,28,69,6066005,0,28,2,116,6439,1994411,21979,0,1,195486,141485,59780,60185,24138,14181,24138,13702,58,1096,1096,33,43314,20925,20830755,2251,83,425,2826,4329030,4328918,102,117,82,94,172,6065322,4105838,93,133,3188,336,1417,0,95,0,911,7496592,2864,0,463,6,1,4,278,16,4,282,2,2,1,5
11152.3,1625087934834,50.010605146,1,0,0,5,10,4,5,119,2,0,0,0,40,71,6096516,0,32,2,116,22189,2012095,23211,0,1,192185,138971,55369,56068,20774,11181,20802,10741,58,1134,1135,60,37519,17756,20980031,2273,74,429,2822,4333003,4332908,102,116,72,84,162,6096339,4116783,94,124,3032,327,1194,11,84,2,950,7617059,2886,0,425,8,1,4,245,13,4,249,8,2,1,10
11202.3,1625087991752,50.010435927,1,0,0,5,10,4,5,84,2,0,0,0,8,56,6463971,0,26,2,116,7164,2381832,23629,0,1,192139,138897,54475,55269,20531,11209,20577,10866,58,1090,1090,33,37147,17580,23132415,2239,73,424,2819,4327237,4327124,102,117,71,84,160,6463798,4111914,93,123,2991,319,1168,0,83,0,915,8259105,2768,0,416,6,1,4,241,13,4,245,2,2,1,6
11252.3,1625088048890,50.010482614,1,0,0,5,10,4,5,124,2,0,0,0,72,83,6504138,0,26,2,116,15596,2424245,23815,0,1,195645,141788,59959,60728,24011,13702,24069,13071,58,1092,1092,37,43641,20856,23437419,2234,78,427,5384,4340064,4339965,102,116,76,90,168,6504019,4113832,94,127,3155,330,1406,0,89,0,914,8303946,3103,0,474,6,1,4,270,16,4,274,2,2,1,6
11302.3,1625088105600,50.009210678,1,0,0,5,10,4,5,104,2,0,0,0,48,64,6169909,0,26,2,116,9308,2122575,23493,0,1,195708,141761,60040,60848,24038,13579,24088,13418,58,1094,1094,37,43681,20879,21553732,2239,78,426,2824,4303277,4303178,102,118,76,89,168,6169761,4079518,94,127,3161,329,1404,0,90,0,922,7726900,2979,0,474,6,1,4,265,16,4,269,2,2,1,6
11352.3,1625088162472,50.009128965,1,0,0,5,10,4,5,111,2,0,0,0,6,79,6240642,0,26,2,116,14555,2139927,24027,0,1,195793,141743,60456,61383,24155,13615,24262,13638,58,1095,1095,37,43846,20964,21808943,2241,81,424,2824,4356435,4356330,102,118,80,97,172,6240441,4131685,94,131,3168,329,1405,0,94,0,921,7836165,2825,0,451,6,1,4,273,16,4,277,2,2,1,6
11402.3,1625088219165,50.010951467,1,0,0,5,10,4,5,71,2,0,0,0,8,64,6192856,0,32,2,116,12475,2137791,22803,0,1,193908,139885,57758,58774,22812,12853,23903,13670,58,1139,1140,60,41763,19732,21644603,2283,75,430,2822,4308898,4308794,102,118,74,87,166,6192731,4087847,94,126,3194,329,1405,11,86,2,952,7703828,2864,0,451,6,1,4,261,16,4,265,2,2,1,6
11452.3,1625088276044,50.010821667,1,0,0,5,10,4,5,94,2,0,0,0,74,53,6557118,0,26,2,116,21667,2474903,23286,0,1,192236,139057,54476,55327,20523,11304,20570,10930,58,1091,1091,33,37152,17576,23693277,2241,72,426,2820,4332467,4332379,102,118,71,83,160,6557044,4117374,93,123,2996,323,1163,0,83,0,922,8422533,3000,0,483,6,1,4,240,13,4,244,2,2,1,6
11502.3,1625088333557,50.010566667,1,0,0,5,10,4,5,73,2,0,0,0,14,43,6293371,0,26,2,116,21855,2170160,22150,0,1,189568,137055,54430,55248,20527,11838,20579,11339,58,1079,1079,33,37208,17554,21973024,2216,73,417,2820,4368202,4368111,102,118,71,83,160,6293311,4155094,93,123,2969,323,1162,0,83,0,906,7955241,2754,0,454,6,1,4,244,13,4,248,2,2,1,6
11552.3,1625088390695,50.009096466,1,0,0,5,10,4,5,105,2,0,0,0,38,39,6392517,0,28,2,116,10325,2352002,23441,0,1,195214,141280,59049,59930,23931,13548,24008,13481,58,1088,1088,33,43157,20836,22902954,2235,80,426,2825,4296852,4296754,102,118,78,91,168,6392288,4074616,93,129,3160,332,1401,0,91,0,916,8110542,2980,0,481,6,1,4,270,16,4,274,2,2,1,6
11602.3,1625088447638,50.009210095,1,0,0,5,10,4,5,97,2,0,0,0,8,58,6331102,0,28,2,116,27160,2270161,23802,0,1,194760,141013,60369,61265,24141,14022,24220,13702,58,1091,1091,37,43899,20934,22503604,2233,81,422,2824,4318168,4318059,102,118,80,94,172,6330864,4094667,94,131,3161,329,1405,0,94,0,913,7986959,2840,0,460,6,1,4,267,16,4,271,2,2,1,6
11652.3,1625088504683,50.010962831,1,0,0,5,10,4,5,117,2,0,0,0,22,56,6315974,0,30,2,116,14058,2252360,24055,0,1,195942,141876,60938,61404,24298,13744,24322,13513,58,1099,1099,37,44091,21045,22381365,2249,85,426,2824,4322203,4322094,102,118,84,97,176,6315402,4097560,94,135,3181,329,1418,0,98,0,921,7975238,2911,0,498,6,1,4,266,16,4,270,2,2,1,6
11702.3,1625088562137,50.009104661,1,0,0,5,10,4,5,73,2,0,0,0,24,89,6233878,0,32,2,116,22764,2163126,23028,0,1,192642,139401,56618,57484,20933,11122,20993,10741,58,1141,1142,64,38282,17867,21847567,2279,75,429,5381,4323432,4323341,102,118,74,87,166,6233740,4102891,95,126,3037,324,1193,11,88,2,950,7866066,2837,0,460,6,1,4,245,13,4,249,2,2,1,6
11752.3,1625088619313,50.009508235,1,0,0,5,10,4,5,76,2,0,0,0,52,57,6184713,0,29,2,116,10692,2098416,23456,0,1,192822,139449,54938,55743,20665,11055,20714,10678,58,1095,1095,33,37316,17679,21469740,2249,76,427,2819,4334580,4334482,102,118,75,87,164,6184485,4118936,93,127,3005,320,1161,0,87,0,914,7723095,2916,0,457,6,1,4,234,13,4,238,2,2,1,6
11802.3,1625088676053,50.008642547,1,0,0,5,10,4,5,94,2,0,0,0,24,45,6369231,0,27,2,116,11057,2272956,23106,0,1,195338,141375,58752,59266,23856,13889,23860,13481,58,1093,1093,33,42903,20724,22562821,2245,75,425,2826,4352446,4352346,102,118,74,86,164,6368879,4130065,93,125,3170,336,1405,0,86,0,914,8022884,2829,0,468,6,1,4,267,16,4,271,2,2,1,6
11852.3,1625088732351,50.010671383,1,0,0,5,10,4,5,109,2,0,0,0,18,58,6180474,0,26,2,116,11027,2084205,23553,0,1,194641,140853,59166,60127,23982,13767,24094,13701,58,1090,1090,33,43138,20839,21427281,2238,80,423,2825,4352663,4352564,102,118,78,95,168,6180354,4130707,93,129,3168,332,1405,0,91,0,911,7684687,2848,0,469,6,1,4,267,16,4,271,2,2,1,6
11902.3,1625088788993,50.011750179,1,0,0,5,10,4,5,108,2,0,0,0,19,75,6263973,0,27,2,116,11036,2174416,23361,0,1,195206,141336,59952,60716,23996,13956,24049,13418,58,1096,1096,37,43689,20854,21966214,2243,76,424,2824,4345717,4345608,102,118,76,90,168,6263698,4121938,94,127,3165,329,1402,0,89,0,919,7834101,2906,0,471,6,1,4,282,16,4,286,2,2,1,6
11952.3,1625088846152,50.009216957,1,0,0,5,10,4,5,94,2,0,0,0,20,66,6307972,0,32,2,116,13286,2228428,23560,0,1,195725,141726,60710,61508,24246,14274,24297,13828,58,1140,1141,64,44054,21043,22272376,2277,79,430,2826,4338443,4338344,102,118,77,91,170,6307811,4113220,96,129,3205,333,1429,11,91,2,951,7930076,2886,0,483,6,1,4,261,16,4,265,2,2,1,6
12002.3,1625088902739,50.009213090,1,0,0,5,10,4,5,75,2,0,0,0,24,46,6315157,0,26,2,116,8363,2210557,22741,0,1,193088,139689,55878,56615,20693,11211,20761,10835,58,1100,1100,37,37877,17678,22173481,2251,74,426,2819,4356079,4355976,102,118,73,87,164,6314966,4138201,94,125,3005,320,1169,0,86,0,919,7929699,2835,0,450,6,1,4,243,13,4,247,2,2,1,6
12052.3,1625088959305,50.009134041,1,0,0,5,10,4,5,93,2,0,0,0,16,86,6245782,0,28,2,116,18064,2197644,22931,0,1,192712,139322,54913,55881,20663,10992,20779,10835,58,1096,1096,33,37305,17679,21964339,2251,76,425,2819,4298367,4298261,102,118,75,90,164,6245518,4082327,93,127,3005,320,1166,0,87,0,915,7877456,2793,0,440,6,1,4,243,13,4,247,2,2,1,6
12102.3,1625089016519,50.009949294,1,0,0,5,10,4,5,70,2,0,0,0,16,68,6348187,0,26,2,116,21583,2254124,23066,0,1,190748,137915,54471,55082,20542,11398,20571,11307,58,1087,1087,33,37114,17567,22418162,2233,72,421,2820,4340725,4340619,102,116,71,84,160,6347751,4126404,93,123,2988,323,1169,0,83,0,910,8046290,2742,0,463,6,1,4,224,13,4,228,2,2,1,6
12152.3,1625089073346,50.007797948,1,0,0,5,10,4,5,123,2,0,0,0,64,82,6183426,0,27,2,116,11029,2110855,24077,0,1,194838,141104,59012,59524,23957,13579,23992,13670,58,1089,1089,33,43069,20823,21514764,2237,78,426,2825,4327700,4327603,102,118,78,90,168,6183084,4105988,93,129,3167,332,1413,0,91,0,914,7714801,3033,0,501,6,1,4,260,16,4,264,2,2,1,6
12202.3,1625089129970,50.010255830,1,0,0,5,10,4,5,94,2,0,0,0,28,77,6451588,0,32,1,116,14757,2387759,25018,0,1,195597,141669,60778,61433,24223,13613,24249,13166,58,1140,1141,64,44062,21032,23194576,2276,77,429,2827,4321361,4321266,102,117,77,91,170,6451458,4096690,95,128,3204,337,1428,11,91,2,959,8233749,2955,0,471,6,1,4,264,16,4,268,2,2,1,6
12252.3,1625089187325,50.008859827,1,0,0,5,10,4,5,104,2,0,0,0,12,69,6415934,0,27,1,116,8941,2380641,24471,0,1,195090,141188,57969,58654,23566,12880,23590,12851,58,1097,1097,37,42791,20604,23048726,2244,73,425,2824,4288021,4287920,102,118,72,85,159,6415603,4065667,90,122,3167,328,1404,0,85,0,923,8139303,2829,0,458,6,1,4,266,16,4,270,2,2,1,6
12302.3,1625089244000,50.012163405,1,0,0,5,10,4,5,80,2,0,0,0,0,76,6281445,0,26,1,116,14550,2208622,23639,0,1,192544,139228,55730,56549,20695,11213,20737,11024,58,1094,1094,37,37880,17684,22110198,2239,75,424,2818,4319588,4319481,102,118,73,86,164,6281134,4102112,94,125,2989,316,1160,0,86,0,913,7936859,2703,0,439,6,1,4,240,13,4,244,2,2,1,6
12352.3,1625089300425,50.009160861,1,0,0,5,10,4,5,83,2,0,0,0,26,47,6296530,0,27,1,116,9839,2204786,23898,0,1,192440,139232,55851,56635,20699,11716,20748,11685,58,1097,1097,37,37852,17688,22107985,2245,75,424,2819,4342576,4342483,102,118,73,84,164,6296363,4125306,94,125,2999,320,1165,0,86,0,920,7906344,2826,0,441,6,1,4,242,13,4,246,2,2,1,6
12402.3,1625089357105,50.011979894,1,0,0,5,10,4,5,85,2,0,0,0,27,73,6463132,0,26,1,116,22703,2369971,23777,0,1,192038,138856,55016,55786,20675,11403,20728,11024,58,1089,1089,33,37377,17657,23124220,2236,76,424,2820,4341481,4341385,102,117,75,88,164,6462856,4125884,93,127,2997,323,1166,0,88,0,915,8262700,2801,0,438,6,1,4,232,13,4,236,2,2,1,6
12452.3,1625089414038,50.010340962,1,0,0,5,10,4,5,101,2,0,0,0,24,56,6367238,0,28,1,116,11590,2276609,23588,0,1,194039,140434,59064,59862,23995,13577,24041,13575,58,1082,1082,33,43132,20840,22573973,2222,79,422,2825,4342519,4342422,102,118,78,91,168,6367258,4121069,93,129,3146,332,1399,0,90,0,908,8050299,2818,0,443,6,1,4,257,16,4,261,2,2,1,6
12502.3,1625089470853,50.010196601,1,0,0,5,10,4,5,89,2,0,0,0,8,53,6313717,0,26,1,116,9245,2183161,23857,0,1,193614,140082,58608,59131,23818,13607,23830,13418,58,1081,1081,33,42952,20728,22105197,2220,75,421,2825,4380979,4380868,102,118,74,87,164,6313311,4160139,93,125,3144,332,1400,0,87,0,906,7884128,2772,0,443,6,1,4,270,16,4,274,2,2,1,6
12552.3,1625089527772,50.010442289,1,0,0,5,10,4,5,92,2,0,0,0,28,67,6202057,0,31,1,116,10443,2136030,24562,0,1,195848,141828,60414,61316,24133,13549,24223,13292,58,1098,1098,37,43862,20956,21696807,2247,82,426,2824,4321684,4321580,102,117,80,93,172,6201887,4097233,94,131,3172,329,1404,0,93,0,914,7765292,2869,0,444,6,1,4,261,16,4,265,2,2,1,5
12602.3,1625089584375,50.009212622,1,0,0,5,10,4,5,96,2,0,0,0,18,75,6007755,0,29,1,116,13020,1956205,23503,0,1,195337,141457,60546,61491,24138,14118,24227,13733,58,1100,1100,37,43872,20959,20607604,2250,82,424,5385,4310066,4309967,102,118,80,96,172,6007572,4083161,94,131,3177,333,1409,0,93,0,925,7425184,2843,0,459,8,1,4,260,16,4,264,8,2,1,10
12652.3,1625089640967,50.009163616,1,0,0,5,10,4,5,91,2,0,0,0,4,60,6290264,0,26,1,116,12170,2199875,23240,0,1,192040,138926,56338,57226,20863,11278,20928,11024,58,1094,1094,37,38070,17777,22099968,2239,79,422,2819,4335675,4335576,102,118,77,91,168,6290060,4118362,94,129,2998,320,1171,0,90,0,924,7910652,2740,0,443,8,1,4,234,13,4,238,8,2,1,10
12702.3,1625089697751,50.009337699,1,0,0,5,10,4,5,67,2,0,0,0,56,79,6555347,0,72,1,116,15176,2466750,24336,0,1,191917,138802,54527,55383,20588,11497,20666,11370,58,1090,1090,33,37175,17574,23667739,2244,73,425,2820,4333173,4333081,102,118,71,83,160,6555160,4118422,93,123,3012,353,1166,0,84,0,916,8402099,2962,0,466,8,1,4,243,13,4,247,8,2,1,10
12752.3,1625089754803,50.009226841,1,0,0,5,10,4,5,92,2,0,0,0,12,70,6431509,0,57,1,118,9308,2342977,24506,0,1,195069,141166,59366,60049,24062,14022,24091,13418,59,1134,1135,60,43349,20918,22963241,2273,77,429,2827,4344710,4344615,104,120,75,87,166,6431362,4122147,94,126,3225,336,1425,11,88,2,954,8145189,2905,0,464,8,1,4,269,16,4,273,8,2,1,10
12802.3,1625089812042,50.009137723,1,0,0,5,10,4,5,106,2,0,0,0,34,87,6382036,0,47,1,118,19150,2327008,24563,0,1,195256,141307,58683,59642,23837,14081,23955,13544,59,1093,1093,33,42972,20753,22808707,2245,76,427,2825,4309931,4309834,104,120,74,89,164,6381854,4088038,93,125,3189,332,1402,0,87,0,913,8059791,2948,0,472,8,1,4,271,16,4,275,8,2,1,10
12852.3,1625089869274,50.011962392,1,0,0,5,10,4,5,86,2,0,0,0,28,75,6308283,0,52,1,118,15717,2217713,23638,0,1,195938,141891,60092,60714,24034,14178,24105,13764,58,1095,1095,37,43669,20845,22238253,2241,77,426,2825,4348567,4348469,102,118,76,89,168,6307959,4124277,94,127,3189,332,1403,0,89,0,921,7913222,2928,0,467,4,1,4,260,16,4,264,2,2,1,3
12902.3,1625089925986,50.011804922,1,0,0,5,10,4,5,69,2,0,0,0,26,59,6261164,0,39,1,116,26559,2192545,23465,0,1,192091,138968,55790,56540,20675,11213,20746,11149,58,1093,1093,37,37881,17693,22018171,2236,74,423,2818,4318048,4317943,102,118,73,86,164,6260918,4101270,94,125,3001,316,1162,0,86,0,918,7872287,2844,0,475,8,1,4,230,13,4,234,8,2,1,10
12952.3,1625089982584,50.012358958,1,0,0,5,10,4,5,72,2,0,0,0,73,49,6486179,0,58,1,118,16430,2408712,25310,0,1,193141,139807,55912,56332,20706,11434,20721,11244,59,1100,1100,37,37871,17665,23307505,2250,74,429,2819,4329898,4329797,104,120,73,86,164,6485547,4112667,94,125,3035,320,1166,0,86,0,925,8226167,2977,0,472,8,1,4,237,13,4,241,8,2,1,10
13002.3,1625090039899,50.009032148,1,0,0,6,14,5,8,944,3,0,0,0,22,111,6332622,0,49,2,128,16859,2249935,25040,1,2,196495,141932,69858,70297,25242,12487,23649,10772,64,1215,1216,60,46209,21486,22455332,2435,102,434,2855,4343561,4343431,106,122,99,117,211,6332426,4115202,114,156,3314,344,1413,13,120,2,1053,7911261,3143,0,618,9,1,5,265,15,5,270,9,2,1,11
13052.3,1625090096894,50.008996305,1,0,0,5,10,4,5,101,2,0,0,0,42,80,6358188,0,58,2,116,10779,2277220,23847,0,1,194688,140938,59861,60525,24131,14179,24158,13890,58,1092,1092,33,43567,20923,22553405,2243,77,425,2826,4336259,4336158,102,117,76,90,169,6357823,4113978,97,130,3201,336,1405,0,90,0,916,7992989,2963,0,501,8,1,4,261,16,4,265,8,3,2,11
